Sample	Chromosome	Start	End	Num_Probes	Segment_Mean
VIBES_p_TCGA_290_291_292_293_S_GenomeWideSNP_6_E10_1362528	1	3301765	19676025	9200	0.2405
VIBES_p_TCGA_290_291_292_293_S_GenomeWideSNP_6_E10_1362528	1	19676420	23012491	1920	0.1343
VIBES_p_TCGA_290_291_292_293_S_GenomeWideSNP_6_E10_1362528	1	23012802	70665656	27655	0.0891
VIBES_p_TCGA_290_291_292_293_S_GenomeWideSNP_6_E10_1362528	1	70665794	71742286	537	0.1337
VIBES_p_TCGA_290_291_292_293_S_GenomeWideSNP_6_E10_1362528	1	71742960	75726059	2136	-0.139
VIBES_p_TCGA_290_291_292_293_S_GenomeWideSNP_6_E10_1362528	1	75726504	85181798	5853	0.0936
VIBES_p_TCGA_290_291_292_293_S_GenomeWideSNP_6_E10_1362528	1	85182113	85794465	398	-0.1381
VIBES_p_TCGA_290_291_292_293_S_GenomeWideSNP_6_E10_1362528	1	85794681	91745463	3795	-0.0358
VIBES_p_TCGA_290_291_292_293_S_GenomeWideSNP_6_E10_1362528	1	91747018	94904128	1847	-0.1465
VIBES_p_TCGA_290_291_292_293_S_GenomeWideSNP_6_E10_1362528	1	94904564	101339213	3921	0.0846
VIBES_p_TCGA_290_291_292_293_S_GenomeWideSNP_6_E10_1362528	1	101340876	119984772	10923	-0.1486
VIBES_p_TCGA_290_291_292_293_S_GenomeWideSNP_6_E10_1362528	1	149906351	162330288	6739	0.2428
VIBES_p_TCGA_290_291_292_293_S_GenomeWideSNP_6_E10_1362528	1	162330958	188617958	17464	0.2885
VIBES_p_TCGA_290_291_292_293_S_GenomeWideSNP_6_E10_1362528	1	188618710	191239873	1372	0.0955
VIBES_p_TCGA_290_291_292_293_S_GenomeWideSNP_6_E10_1362528	1	191241139	191241215	2	-1.0219
VIBES_p_TCGA_290_291_292_293_S_GenomeWideSNP_6_E10_1362528	1	191243672	195673786	2688	0.1064
VIBES_p_TCGA_290_291_292_293_S_GenomeWideSNP_6_E10_1362528	1	195675499	195677918	2	-1.8635
VIBES_p_TCGA_290_291_292_293_S_GenomeWideSNP_6_E10_1362528	1	195680112	247650984	33409	0.1108
VIBES_p_TCGA_290_291_292_293_S_GenomeWideSNP_6_E10_1362528	2	480597	241537572	132235	0.0729
VIBES_p_TCGA_290_291_292_293_S_GenomeWideSNP_6_E10_1362528	3	2170634	197812401	107204	-0.0168
VIBES_p_TCGA_290_291_292_293_S_GenomeWideSNP_6_E10_1362528	4	1059384	101477758	56572	0.1051
VIBES_p_TCGA_290_291_292_293_S_GenomeWideSNP_6_E10_1362528	4	101477936	187842528	46970	0.1492
VIBES_p_TCGA_290_291_292_293_S_GenomeWideSNP_6_E10_1362528	5	913983	28535578	16525	-0.11
VIBES_p_TCGA_290_291_292_293_S_GenomeWideSNP_6_E10_1362528	5	28542816	29047361	218	0.1411
VIBES_p_TCGA_290_291_292_293_S_GenomeWideSNP_6_E10_1362528	5	29050456	45383300	9413	-0.1113
VIBES_p_TCGA_290_291_292_293_S_GenomeWideSNP_6_E10_1362528	5	50828231	57245979	4003	-0.4322
VIBES_p_TCGA_290_291_292_293_S_GenomeWideSNP_6_E10_1362528	5	57246613	57264595	5	0.3245
VIBES_p_TCGA_290_291_292_293_S_GenomeWideSNP_6_E10_1362528	5	57265164	57430624	102	0.7752
VIBES_p_TCGA_290_291_292_293_S_GenomeWideSNP_6_E10_1362528	5	57431552	57435051	9	0.2606
VIBES_p_TCGA_290_291_292_293_S_GenomeWideSNP_6_E10_1362528	5	57435626	57637844	142	0.8141
VIBES_p_TCGA_290_291_292_293_S_GenomeWideSNP_6_E10_1362528	5	57638199	58360482	510	0.3246
VIBES_p_TCGA_290_291_292_293_S_GenomeWideSNP_6_E10_1362528	5	58362167	60364916	1324	-0.4372
VIBES_p_TCGA_290_291_292_293_S_GenomeWideSNP_6_E10_1362528	5	60365629	60529652	66	0.3046
VIBES_p_TCGA_290_291_292_293_S_GenomeWideSNP_6_E10_1362528	5	60541713	61713041	643	-0.4447
VIBES_p_TCGA_290_291_292_293_S_GenomeWideSNP_6_E10_1362528	5	61715111	61730675	26	0.3696
VIBES_p_TCGA_290_291_292_293_S_GenomeWideSNP_6_E10_1362528	5	61731847	61734731	6	-0.641
VIBES_p_TCGA_290_291_292_293_S_GenomeWideSNP_6_E10_1362528	5	61736877	62175955	254	0.3053
VIBES_p_TCGA_290_291_292_293_S_GenomeWideSNP_6_E10_1362528	5	62176223	62655942	239	-0.4178
VIBES_p_TCGA_290_291_292_293_S_GenomeWideSNP_6_E10_1362528	5	62661567	63032112	263	0.358
VIBES_p_TCGA_290_291_292_293_S_GenomeWideSNP_6_E10_1362528	5	63032768	63081092	25	1.0095
VIBES_p_TCGA_290_291_292_293_S_GenomeWideSNP_6_E10_1362528	5	63087796	63098186	7	0.2833
VIBES_p_TCGA_290_291_292_293_S_GenomeWideSNP_6_E10_1362528	5	63099238	63256687	91	0.7696
VIBES_p_TCGA_290_291_292_293_S_GenomeWideSNP_6_E10_1362528	5	63260459	63885700	39	0.3046
VIBES_p_TCGA_290_291_292_293_S_GenomeWideSNP_6_E10_1362528	5	63886716	64099962	102	-0.3923
VIBES_p_TCGA_290_291_292_293_S_GenomeWideSNP_6_E10_1362528	5	64113483	64141195	15	0.38
VIBES_p_TCGA_290_291_292_293_S_GenomeWideSNP_6_E10_1362528	5	64145973	64544773	161	-0.4242
VIBES_p_TCGA_290_291_292_293_S_GenomeWideSNP_6_E10_1362528	5	64549179	64554574	6	0.3032
VIBES_p_TCGA_290_291_292_293_S_GenomeWideSNP_6_E10_1362528	5	64556991	65624453	606	-0.4367
VIBES_p_TCGA_290_291_292_293_S_GenomeWideSNP_6_E10_1362528	5	65629054	65778250	77	0.2135
VIBES_p_TCGA_290_291_292_293_S_GenomeWideSNP_6_E10_1362528	5	65782358	65794718	14	0.7507
VIBES_p_TCGA_290_291_292_293_S_GenomeWideSNP_6_E10_1362528	5	65794802	66188374	236	0.2822
VIBES_p_TCGA_290_291_292_293_S_GenomeWideSNP_6_E10_1362528	5	66189346	66216291	15	-0.2802
VIBES_p_TCGA_290_291_292_293_S_GenomeWideSNP_6_E10_1362528	5	66216877	66356651	117	0.3055
VIBES_p_TCGA_290_291_292_293_S_GenomeWideSNP_6_E10_1362528	5	66358516	66584819	147	-0.4532
VIBES_p_TCGA_290_291_292_293_S_GenomeWideSNP_6_E10_1362528	5	66586583	66587335	3	0.0268
VIBES_p_TCGA_290_291_292_293_S_GenomeWideSNP_6_E10_1362528	5	66593483	66599365	5	0.2632
VIBES_p_TCGA_290_291_292_293_S_GenomeWideSNP_6_E10_1362528	5	66604138	67440397	671	0.7743
VIBES_p_TCGA_290_291_292_293_S_GenomeWideSNP_6_E10_1362528	5	67440683	67948346	345	0.3117
VIBES_p_TCGA_290_291_292_293_S_GenomeWideSNP_6_E10_1362528	5	67948687	68127981	137	0.7273
VIBES_p_TCGA_290_291_292_293_S_GenomeWideSNP_6_E10_1362528	5	68134507	68411877	185	0.372
VIBES_p_TCGA_290_291_292_293_S_GenomeWideSNP_6_E10_1362528	5	68412034	69036383	417	0.936
VIBES_p_TCGA_290_291_292_293_S_GenomeWideSNP_6_E10_1362528	5	69038209	69153780	50	0.6682
VIBES_p_TCGA_290_291_292_293_S_GenomeWideSNP_6_E10_1362528	5	69155128	71486139	174	0.3607
VIBES_p_TCGA_290_291_292_293_S_GenomeWideSNP_6_E10_1362528	5	71491692	71507557	11	0.8972
VIBES_p_TCGA_290_291_292_293_S_GenomeWideSNP_6_E10_1362528	5	71513106	71860290	232	0.2916
VIBES_p_TCGA_290_291_292_293_S_GenomeWideSNP_6_E10_1362528	5	71862115	71894511	29	0.8353
VIBES_p_TCGA_290_291_292_293_S_GenomeWideSNP_6_E10_1362528	5	71896332	72212936	226	1.2116
VIBES_p_TCGA_290_291_292_293_S_GenomeWideSNP_6_E10_1362528	5	72221648	72521191	179	0.3034
VIBES_p_TCGA_290_291_292_293_S_GenomeWideSNP_6_E10_1362528	5	72527820	72572397	32	0.816
VIBES_p_TCGA_290_291_292_293_S_GenomeWideSNP_6_E10_1362528	5	72582767	72673329	42	1.1106
VIBES_p_TCGA_290_291_292_293_S_GenomeWideSNP_6_E10_1362528	5	72685103	73544794	516	0.5811
VIBES_p_TCGA_290_291_292_293_S_GenomeWideSNP_6_E10_1362528	5	73547955	75940735	1503	0.2973
VIBES_p_TCGA_290_291_292_293_S_GenomeWideSNP_6_E10_1362528	5	75942361	75949506	15	0.9659
VIBES_p_TCGA_290_291_292_293_S_GenomeWideSNP_6_E10_1362528	5	75951504	76466631	407	0.305
VIBES_p_TCGA_290_291_292_293_S_GenomeWideSNP_6_E10_1362528	5	76466737	76621808	55	0.6638
VIBES_p_TCGA_290_291_292_293_S_GenomeWideSNP_6_E10_1362528	5	76622208	76913823	172	0.8688
VIBES_p_TCGA_290_291_292_293_S_GenomeWideSNP_6_E10_1362528	5	76916405	77260492	221	0.6768
VIBES_p_TCGA_290_291_292_293_S_GenomeWideSNP_6_E10_1362528	5	77262476	77608207	222	1.029
VIBES_p_TCGA_290_291_292_293_S_GenomeWideSNP_6_E10_1362528	5	77616957	78390566	434	0.2991
VIBES_p_TCGA_290_291_292_293_S_GenomeWideSNP_6_E10_1362528	5	78396041	78594394	156	0.7028
VIBES_p_TCGA_290_291_292_293_S_GenomeWideSNP_6_E10_1362528	5	78594476	78655316	38	0.298
VIBES_p_TCGA_290_291_292_293_S_GenomeWideSNP_6_E10_1362528	5	78658326	78674070	10	0.7179
VIBES_p_TCGA_290_291_292_293_S_GenomeWideSNP_6_E10_1362528	5	78676056	78700097	12	1.0076
VIBES_p_TCGA_290_291_292_293_S_GenomeWideSNP_6_E10_1362528	5	78700884	79725349	537	0.8063
VIBES_p_TCGA_290_291_292_293_S_GenomeWideSNP_6_E10_1362528	5	79726557	80225905	370	0.9705
VIBES_p_TCGA_290_291_292_293_S_GenomeWideSNP_6_E10_1362528	5	80225932	80284868	27	1.2714
VIBES_p_TCGA_290_291_292_293_S_GenomeWideSNP_6_E10_1362528	5	80286337	80573441	130	0.9135
VIBES_p_TCGA_290_291_292_293_S_GenomeWideSNP_6_E10_1362528	5	80576382	80580422	3	0.1677
VIBES_p_TCGA_290_291_292_293_S_GenomeWideSNP_6_E10_1362528	5	80583886	81110001	349	0.95
VIBES_p_TCGA_290_291_292_293_S_GenomeWideSNP_6_E10_1362528	5	81117148	81502756	225	1.517
VIBES_p_TCGA_290_291_292_293_S_GenomeWideSNP_6_E10_1362528	5	81504090	81658451	78	1.7031
VIBES_p_TCGA_290_291_292_293_S_GenomeWideSNP_6_E10_1362528	5	81662020	81809393	86	1.5222
VIBES_p_TCGA_290_291_292_293_S_GenomeWideSNP_6_E10_1362528	5	81811137	81877446	36	1.243
VIBES_p_TCGA_290_291_292_293_S_GenomeWideSNP_6_E10_1362528	5	81878183	82340752	239	1.0215
VIBES_p_TCGA_290_291_292_293_S_GenomeWideSNP_6_E10_1362528	5	82340788	82515081	52	0.7394
VIBES_p_TCGA_290_291_292_293_S_GenomeWideSNP_6_E10_1362528	5	82516937	82544674	24	1.361
VIBES_p_TCGA_290_291_292_293_S_GenomeWideSNP_6_E10_1362528	5	82547320	82772665	177	0.5715
VIBES_p_TCGA_290_291_292_293_S_GenomeWideSNP_6_E10_1362528	5	82779284	82962172	132	0.1809
VIBES_p_TCGA_290_291_292_293_S_GenomeWideSNP_6_E10_1362528	5	82963236	82969166	12	1.1193
VIBES_p_TCGA_290_291_292_293_S_GenomeWideSNP_6_E10_1362528	5	82977826	83400323	236	0.164
VIBES_p_TCGA_290_291_292_293_S_GenomeWideSNP_6_E10_1362528	5	83400842	83617218	154	0.5962
VIBES_p_TCGA_290_291_292_293_S_GenomeWideSNP_6_E10_1362528	5	83624655	83711492	60	0.8011
VIBES_p_TCGA_290_291_292_293_S_GenomeWideSNP_6_E10_1362528	5	83711514	84935272	612	0.5765
VIBES_p_TCGA_290_291_292_293_S_GenomeWideSNP_6_E10_1362528	5	84935341	85148581	125	0.2206
VIBES_p_TCGA_290_291_292_293_S_GenomeWideSNP_6_E10_1362528	5	85148824	85569382	235	0.1423
VIBES_p_TCGA_290_291_292_293_S_GenomeWideSNP_6_E10_1362528	5	85569442	92732151	3602	-0.4305
VIBES_p_TCGA_290_291_292_293_S_GenomeWideSNP_6_E10_1362528	5	92739700	92770420	13	0.1365
VIBES_p_TCGA_290_291_292_293_S_GenomeWideSNP_6_E10_1362528	5	92776565	114772962	11640	-0.4359
VIBES_p_TCGA_290_291_292_293_S_GenomeWideSNP_6_E10_1362528	5	114773404	114781504	5	-1.6549
VIBES_p_TCGA_290_291_292_293_S_GenomeWideSNP_6_E10_1362528	5	114781684	126553411	6943	-0.4339
VIBES_p_TCGA_290_291_292_293_S_GenomeWideSNP_6_E10_1362528	5	126554803	126570300	15	0.1432
VIBES_p_TCGA_290_291_292_293_S_GenomeWideSNP_6_E10_1362528	5	126576428	126681240	47	0.7822
VIBES_p_TCGA_290_291_292_293_S_GenomeWideSNP_6_E10_1362528	5	126682113	127243239	278	1.209
VIBES_p_TCGA_290_291_292_293_S_GenomeWideSNP_6_E10_1362528	5	127243713	127392047	103	0.9745
VIBES_p_TCGA_290_291_292_293_S_GenomeWideSNP_6_E10_1362528	5	127392101	127419948	20	1.1816
VIBES_p_TCGA_290_291_292_293_S_GenomeWideSNP_6_E10_1362528	5	127425801	127688390	156	0.7778
VIBES_p_TCGA_290_291_292_293_S_GenomeWideSNP_6_E10_1362528	5	127697453	128423745	424	-0.4346
VIBES_p_TCGA_290_291_292_293_S_GenomeWideSNP_6_E10_1362528	5	128431675	128472287	29	0.2317
VIBES_p_TCGA_290_291_292_293_S_GenomeWideSNP_6_E10_1362528	5	128478181	137459017	5460	-0.4383
VIBES_p_TCGA_290_291_292_293_S_GenomeWideSNP_6_E10_1362528	5	137460362	137521344	43	0.3354
VIBES_p_TCGA_290_291_292_293_S_GenomeWideSNP_6_E10_1362528	5	137522958	137625877	63	1.2744
VIBES_p_TCGA_290_291_292_293_S_GenomeWideSNP_6_E10_1362528	5	137626597	138483124	369	1.0833
VIBES_p_TCGA_290_291_292_293_S_GenomeWideSNP_6_E10_1362528	5	138483171	138590033	68	1.2962
VIBES_p_TCGA_290_291_292_293_S_GenomeWideSNP_6_E10_1362528	5	138606642	154094616	9531	-0.4411
VIBES_p_TCGA_290_291_292_293_S_GenomeWideSNP_6_E10_1362528	5	154097238	154219386	78	0.7139
VIBES_p_TCGA_290_291_292_293_S_GenomeWideSNP_6_E10_1362528	5	154220027	166317428	7710	-0.4385
VIBES_p_TCGA_290_291_292_293_S_GenomeWideSNP_6_E10_1362528	5	166320881	166853836	363	0.1689
VIBES_p_TCGA_290_291_292_293_S_GenomeWideSNP_6_E10_1362528	5	166855307	168720324	1352	-0.4519
VIBES_p_TCGA_290_291_292_293_S_GenomeWideSNP_6_E10_1362528	5	168785451	168935578	145	0.5703
VIBES_p_TCGA_290_291_292_293_S_GenomeWideSNP_6_E10_1362528	5	168936185	174367153	3687	-0.4407
VIBES_p_TCGA_290_291_292_293_S_GenomeWideSNP_6_E10_1362528	5	174367668	174598544	222	0.7415
VIBES_p_TCGA_290_291_292_293_S_GenomeWideSNP_6_E10_1362528	5	174603315	174624114	14	0.1303
VIBES_p_TCGA_290_291_292_293_S_GenomeWideSNP_6_E10_1362528	5	174624286	174708860	66	0.4425
VIBES_p_TCGA_290_291_292_293_S_GenomeWideSNP_6_E10_1362528	5	174709118	174849534	59	0.2588
VIBES_p_TCGA_290_291_292_293_S_GenomeWideSNP_6_E10_1362528	5	174849890	174874303	11	0.7819
VIBES_p_TCGA_290_291_292_293_S_GenomeWideSNP_6_E10_1362528	5	174874847	174952970	50	0.2273
VIBES_p_TCGA_290_291_292_293_S_GenomeWideSNP_6_E10_1362528	5	174953543	174973946	13	-0.0676
VIBES_p_TCGA_290_291_292_293_S_GenomeWideSNP_6_E10_1362528	5	174974605	175008050	16	0.1575
VIBES_p_TCGA_290_291_292_293_S_GenomeWideSNP_6_E10_1362528	5	175016230	175387032	336	-0.1136
VIBES_p_TCGA_290_291_292_293_S_GenomeWideSNP_6_E10_1362528	5	175393714	175604454	167	0.4729
VIBES_p_TCGA_290_291_292_293_S_GenomeWideSNP_6_E10_1362528	5	175605675	175637531	22	-0.2129
VIBES_p_TCGA_290_291_292_293_S_GenomeWideSNP_6_E10_1362528	5	175641585	175770267	67	0.4701
VIBES_p_TCGA_290_291_292_293_S_GenomeWideSNP_6_E10_1362528	5	175771192	175916541	96	-0.139
VIBES_p_TCGA_290_291_292_293_S_GenomeWideSNP_6_E10_1362528	5	175919594	175922077	7	0.7353
VIBES_p_TCGA_290_291_292_293_S_GenomeWideSNP_6_E10_1362528	5	175933010	176346182	43	0.2223
VIBES_p_TCGA_290_291_292_293_S_GenomeWideSNP_6_E10_1362528	5	176347862	176623510	138	1.2068
VIBES_p_TCGA_290_291_292_293_S_GenomeWideSNP_6_E10_1362528	5	176623714	178297919	468	0.8977
VIBES_p_TCGA_290_291_292_293_S_GenomeWideSNP_6_E10_1362528	5	178302959	178317216	5	-0.3621
VIBES_p_TCGA_290_291_292_293_S_GenomeWideSNP_6_E10_1362528	5	178319359	178326495	7	0.595
VIBES_p_TCGA_290_291_292_293_S_GenomeWideSNP_6_E10_1362528	5	178328417	178412028	55	-0.5151
VIBES_p_TCGA_290_291_292_293_S_GenomeWideSNP_6_E10_1362528	5	178417384	178424769	10	-0.0791
VIBES_p_TCGA_290_291_292_293_S_GenomeWideSNP_6_E10_1362528	5	178424904	178430946	8	-0.1654
VIBES_p_TCGA_290_291_292_293_S_GenomeWideSNP_6_E10_1362528	5	178432088	178716655	173	-0.4583
VIBES_p_TCGA_290_291_292_293_S_GenomeWideSNP_6_E10_1362528	5	178717755	178765806	30	-0.099
VIBES_p_TCGA_290_291_292_293_S_GenomeWideSNP_6_E10_1362528	5	178766080	178822143	42	-0.4612
VIBES_p_TCGA_290_291_292_293_S_GenomeWideSNP_6_E10_1362528	5	178823121	178830274	11	0.439
VIBES_p_TCGA_290_291_292_293_S_GenomeWideSNP_6_E10_1362528	5	178836884	178886485	25	-0.5161
VIBES_p_TCGA_290_291_292_293_S_GenomeWideSNP_6_E10_1362528	5	178886790	179161641	146	0.5548
VIBES_p_TCGA_290_291_292_293_S_GenomeWideSNP_6_E10_1362528	5	179164753	179469873	209	0.1525
VIBES_p_TCGA_290_291_292_293_S_GenomeWideSNP_6_E10_1362528	5	179472732	179492002	12	-0.297
VIBES_p_TCGA_290_291_292_293_S_GenomeWideSNP_6_E10_1362528	5	179495745	179534709	16	0.3343
VIBES_p_TCGA_290_291_292_293_S_GenomeWideSNP_6_E10_1362528	5	179534767	179573474	15	-0.2435
VIBES_p_TCGA_290_291_292_293_S_GenomeWideSNP_6_E10_1362528	5	179573848	179718021	77	1.5628
VIBES_p_TCGA_290_291_292_293_S_GenomeWideSNP_6_E10_1362528	5	179724339	179753540	11	-0.1028
VIBES_p_TCGA_290_291_292_293_S_GenomeWideSNP_6_E10_1362528	5	179755202	179948727	113	0.2969
VIBES_p_TCGA_290_291_292_293_S_GenomeWideSNP_6_E10_1362528	5	179950085	180016190	45	0.673
VIBES_p_TCGA_290_291_292_293_S_GenomeWideSNP_6_E10_1362528	5	180021988	180153252	77	0.353
VIBES_p_TCGA_290_291_292_293_S_GenomeWideSNP_6_E10_1362528	5	180153290	180213365	26	0.9453
VIBES_p_TCGA_290_291_292_293_S_GenomeWideSNP_6_E10_1362528	5	180214662	180334163	87	0.5702
VIBES_p_TCGA_290_291_292_293_S_GenomeWideSNP_6_E10_1362528	5	180334769	180653187	142	0.9589
VIBES_p_TCGA_290_291_292_293_S_GenomeWideSNP_6_E10_1362528	5	180799516	180934240	68	0.5585
VIBES_p_TCGA_290_291_292_293_S_GenomeWideSNP_6_E10_1362528	6	1011760	61530738	34175	0.3389
VIBES_p_TCGA_290_291_292_293_S_GenomeWideSNP_6_E10_1362528	6	61596503	61699774	62	-0.2086
VIBES_p_TCGA_290_291_292_293_S_GenomeWideSNP_6_E10_1362528	6	61823500	65340099	1722	0.335
VIBES_p_TCGA_290_291_292_293_S_GenomeWideSNP_6_E10_1362528	6	65347803	66858225	930	0.0995
VIBES_p_TCGA_290_291_292_293_S_GenomeWideSNP_6_E10_1362528	6	66859548	67653584	545	-0.2059
VIBES_p_TCGA_290_291_292_293_S_GenomeWideSNP_6_E10_1362528	6	67654815	68424875	393	0.0757
VIBES_p_TCGA_290_291_292_293_S_GenomeWideSNP_6_E10_1362528	6	68440287	89915447	12197	-0.2045
VIBES_p_TCGA_290_291_292_293_S_GenomeWideSNP_6_E10_1362528	6	89915459	90052203	115	0.1359
VIBES_p_TCGA_290_291_292_293_S_GenomeWideSNP_6_E10_1362528	6	90059845	94620977	2414	-0.2005
VIBES_p_TCGA_290_291_292_293_S_GenomeWideSNP_6_E10_1362528	6	94621693	98060010	1528	0.0888
VIBES_p_TCGA_290_291_292_293_S_GenomeWideSNP_6_E10_1362528	6	98066289	123751063	14643	-0.2086
VIBES_p_TCGA_290_291_292_293_S_GenomeWideSNP_6_E10_1362528	6	123767317	131810040	4991	0.0869
VIBES_p_TCGA_290_291_292_293_S_GenomeWideSNP_6_E10_1362528	6	131810963	131814849	2	1.4659
VIBES_p_TCGA_290_291_292_293_S_GenomeWideSNP_6_E10_1362528	6	131814885	170596889	23477	0.0929
VIBES_p_TCGA_290_291_292_293_S_GenomeWideSNP_6_E10_1362528	7	664936	4568615	1501	0.0929
VIBES_p_TCGA_290_291_292_293_S_GenomeWideSNP_6_E10_1362528	7	4571589	4573976	3	-1.0316
VIBES_p_TCGA_290_291_292_293_S_GenomeWideSNP_6_E10_1362528	7	4574339	64058927	32234	0.1089
VIBES_p_TCGA_290_291_292_293_S_GenomeWideSNP_6_E10_1362528	7	64060367	158592540	48295	0.5016
VIBES_p_TCGA_290_291_292_293_S_GenomeWideSNP_6_E10_1362528	8	667625	1265445	174	0.0719
VIBES_p_TCGA_290_291_292_293_S_GenomeWideSNP_6_E10_1362528	8	1268533	1268596	2	-1.1331
VIBES_p_TCGA_290_291_292_293_S_GenomeWideSNP_6_E10_1362528	8	1270024	10974168	4526	0.0521
VIBES_p_TCGA_290_291_292_293_S_GenomeWideSNP_6_E10_1362528	8	10976840	11000846	19	-0.4984
VIBES_p_TCGA_290_291_292_293_S_GenomeWideSNP_6_E10_1362528	8	11000957	40520303	18860	0.0619
VIBES_p_TCGA_290_291_292_293_S_GenomeWideSNP_6_E10_1362528	8	40523609	118989424	42708	0.085
VIBES_p_TCGA_290_291_292_293_S_GenomeWideSNP_6_E10_1362528	8	118989514	118991368	2	-1.4103
VIBES_p_TCGA_290_291_292_293_S_GenomeWideSNP_6_E10_1362528	8	118992994	144182542	15945	0.0959
VIBES_p_TCGA_290_291_292_293_S_GenomeWideSNP_6_E10_1362528	9	789794	124531906	61652	-0.1796
VIBES_p_TCGA_290_291_292_293_S_GenomeWideSNP_6_E10_1362528	9	124532453	124950413	184	-0.2157
VIBES_p_TCGA_290_291_292_293_S_GenomeWideSNP_6_E10_1362528	9	124954143	125278552	157	-0.3583
VIBES_p_TCGA_290_291_292_293_S_GenomeWideSNP_6_E10_1362528	9	125280456	138044505	6572	-0.2046
VIBES_p_TCGA_290_291_292_293_S_GenomeWideSNP_6_E10_1362528	10	366509	11989113	8288	-0.2328
VIBES_p_TCGA_290_291_292_293_S_GenomeWideSNP_6_E10_1362528	10	11989929	12901973	625	-0.2
VIBES_p_TCGA_290_291_292_293_S_GenomeWideSNP_6_E10_1362528	10	12902579	18025138	3911	-0.1701
VIBES_p_TCGA_290_291_292_293_S_GenomeWideSNP_6_E10_1362528	10	18030242	42568256	13591	-0.2051
VIBES_p_TCGA_290_291_292_293_S_GenomeWideSNP_6_E10_1362528	10	42568700	132064372	54634	-0.2922
VIBES_p_TCGA_290_291_292_293_S_GenomeWideSNP_6_E10_1362528	10	132069906	132081474	10	-0.2423
VIBES_p_TCGA_290_291_292_293_S_GenomeWideSNP_6_E10_1362528	10	132081974	132556826	179	0.1089
VIBES_p_TCGA_290_291_292_293_S_GenomeWideSNP_6_E10_1362528	10	132559798	133411599	186	-0.3099
VIBES_p_TCGA_290_291_292_293_S_GenomeWideSNP_6_E10_1362528	11	456012	134272740	77711	-0.1634
VIBES_p_TCGA_290_291_292_293_S_GenomeWideSNP_6_E10_1362528	12	780472	11536022	5739	0.104
VIBES_p_TCGA_290_291_292_293_S_GenomeWideSNP_6_E10_1362528	12	11537346	11537371	2	-1.2764
VIBES_p_TCGA_290_291_292_293_S_GenomeWideSNP_6_E10_1362528	12	11537750	33365925	13999	0.1054
VIBES_p_TCGA_290_291_292_293_S_GenomeWideSNP_6_E10_1362528	12	33366515	47858947	5024	-0.1578
VIBES_p_TCGA_290_291_292_293_S_GenomeWideSNP_6_E10_1362528	12	47859573	49287695	747	-0.083
VIBES_p_TCGA_290_291_292_293_S_GenomeWideSNP_6_E10_1362528	12	49291300	68763769	11302	-0.1641
VIBES_p_TCGA_290_291_292_293_S_GenomeWideSNP_6_E10_1362528	12	68763920	69207711	327	0.2367
VIBES_p_TCGA_290_291_292_293_S_GenomeWideSNP_6_E10_1362528	12	69212438	132546158	37280	-0.1654
VIBES_p_TCGA_290_291_292_293_S_GenomeWideSNP_6_E10_1362528	12	132577956	132605822	4	0.254
VIBES_p_TCGA_290_291_292_293_S_GenomeWideSNP_6_E10_1362528	13	18874255	114226675	57052	0.0926
VIBES_p_TCGA_290_291_292_293_S_GenomeWideSNP_6_E10_1362528	14	20033191	26987187	3416	0.0208
VIBES_p_TCGA_290_291_292_293_S_GenomeWideSNP_6_E10_1362528	14	26994923	27033083	38	-1.0076
VIBES_p_TCGA_290_291_292_293_S_GenomeWideSNP_6_E10_1362528	14	27039352	27226764	73	0.0948
VIBES_p_TCGA_290_291_292_293_S_GenomeWideSNP_6_E10_1362528	14	27229068	27456146	147	1.5079
VIBES_p_TCGA_290_291_292_293_S_GenomeWideSNP_6_E10_1362528	14	27459058	39400675	6997	-0.1903
VIBES_p_TCGA_290_291_292_293_S_GenomeWideSNP_6_E10_1362528	14	39400939	39418898	11	-0.8196
VIBES_p_TCGA_290_291_292_293_S_GenomeWideSNP_6_E10_1362528	14	39419193	105533894	39101	-0.1937
VIBES_p_TCGA_290_291_292_293_S_GenomeWideSNP_6_E10_1362528	15	23437561	27797286	2680	-0.1273
VIBES_p_TCGA_290_291_292_293_S_GenomeWideSNP_6_E10_1362528	15	27803474	27855797	40	0.2031
VIBES_p_TCGA_290_291_292_293_S_GenomeWideSNP_6_E10_1362528	15	28213684	33326309	1164	-0.1477
VIBES_p_TCGA_290_291_292_293_S_GenomeWideSNP_6_E10_1362528	15	33326618	34134301	692	-0.0361
VIBES_p_TCGA_290_291_292_293_S_GenomeWideSNP_6_E10_1362528	15	34135862	35150785	484	-0.1424
VIBES_p_TCGA_290_291_292_293_S_GenomeWideSNP_6_E10_1362528	15	35150847	36603404	979	-0.5173
VIBES_p_TCGA_290_291_292_293_S_GenomeWideSNP_6_E10_1362528	15	36609359	36784269	120	-0.2317
VIBES_p_TCGA_290_291_292_293_S_GenomeWideSNP_6_E10_1362528	15	36784327	37118819	230	0.0783
VIBES_p_TCGA_290_291_292_293_S_GenomeWideSNP_6_E10_1362528	15	37121397	39505914	1654	-0.2152
VIBES_p_TCGA_290_291_292_293_S_GenomeWideSNP_6_E10_1362528	15	39506438	41603804	1065	-0.5065
VIBES_p_TCGA_290_291_292_293_S_GenomeWideSNP_6_E10_1362528	15	41609861	43003607	715	-0.0872
VIBES_p_TCGA_290_291_292_293_S_GenomeWideSNP_6_E10_1362528	15	43007336	48466508	2901	-0.4996
VIBES_p_TCGA_290_291_292_293_S_GenomeWideSNP_6_E10_1362528	15	48471199	48528510	43	0.043
VIBES_p_TCGA_290_291_292_293_S_GenomeWideSNP_6_E10_1362528	15	48528704	48540067	10	-0.4233
VIBES_p_TCGA_290_291_292_293_S_GenomeWideSNP_6_E10_1362528	15	48541601	48544156	3	-1.3107
VIBES_p_TCGA_290_291_292_293_S_GenomeWideSNP_6_E10_1362528	15	48546320	49877208	762	-0.0811
VIBES_p_TCGA_290_291_292_293_S_GenomeWideSNP_6_E10_1362528	15	49878244	49979333	75	-0.5784
VIBES_p_TCGA_290_291_292_293_S_GenomeWideSNP_6_E10_1362528	15	49979888	49991464	14	-0.0612
VIBES_p_TCGA_290_291_292_293_S_GenomeWideSNP_6_E10_1362528	15	49996317	50389271	258	-0.483
VIBES_p_TCGA_290_291_292_293_S_GenomeWideSNP_6_E10_1362528	15	50389971	50493813	56	0.3354
VIBES_p_TCGA_290_291_292_293_S_GenomeWideSNP_6_E10_1362528	15	50493827	50951227	199	0.1209
VIBES_p_TCGA_290_291_292_293_S_GenomeWideSNP_6_E10_1362528	15	50953903	51128864	95	0.2451
VIBES_p_TCGA_290_291_292_293_S_GenomeWideSNP_6_E10_1362528	15	51128877	51926325	515	0.4074
VIBES_p_TCGA_290_291_292_293_S_GenomeWideSNP_6_E10_1362528	15	51931192	56766834	3161	0.183
VIBES_p_TCGA_290_291_292_293_S_GenomeWideSNP_6_E10_1362528	15	56769436	56966538	93	-0.1058
VIBES_p_TCGA_290_291_292_293_S_GenomeWideSNP_6_E10_1362528	15	56967405	58165492	751	0.2928
VIBES_p_TCGA_290_291_292_293_S_GenomeWideSNP_6_E10_1362528	15	58165717	58375911	182	-0.1606
VIBES_p_TCGA_290_291_292_293_S_GenomeWideSNP_6_E10_1362528	15	58375985	58960796	363	0.1663
VIBES_p_TCGA_290_291_292_293_S_GenomeWideSNP_6_E10_1362528	15	58962160	59053249	39	-0.5446
VIBES_p_TCGA_290_291_292_293_S_GenomeWideSNP_6_E10_1362528	15	59063488	59117771	30	0.2864
VIBES_p_TCGA_290_291_292_293_S_GenomeWideSNP_6_E10_1362528	15	59121159	59700338	449	-0.5087
VIBES_p_TCGA_290_291_292_293_S_GenomeWideSNP_6_E10_1362528	15	59700559	59746344	25	0.0728
VIBES_p_TCGA_290_291_292_293_S_GenomeWideSNP_6_E10_1362528	15	59746646	59882526	116	-0.5077
VIBES_p_TCGA_290_291_292_293_S_GenomeWideSNP_6_E10_1362528	15	59887144	64949514	3528	-0.1433
VIBES_p_TCGA_290_291_292_293_S_GenomeWideSNP_6_E10_1362528	15	64957382	64987252	11	1.7835
VIBES_p_TCGA_290_291_292_293_S_GenomeWideSNP_6_E10_1362528	15	64991096	65031274	23	-0.5111
VIBES_p_TCGA_290_291_292_293_S_GenomeWideSNP_6_E10_1362528	15	65034495	65073434	23	1.5378
VIBES_p_TCGA_290_291_292_293_S_GenomeWideSNP_6_E10_1362528	15	65078179	65180110	39	-0.4591
VIBES_p_TCGA_290_291_292_293_S_GenomeWideSNP_6_E10_1362528	15	65197350	65213644	14	0.3486
VIBES_p_TCGA_290_291_292_293_S_GenomeWideSNP_6_E10_1362528	15	65215144	65222947	7	-0.5885
VIBES_p_TCGA_290_291_292_293_S_GenomeWideSNP_6_E10_1362528	15	65229168	101344124	21204	0.2976
VIBES_p_TCGA_290_291_292_293_S_GenomeWideSNP_6_E10_1362528	16	603333	14653245	8249	0.3285
VIBES_p_TCGA_290_291_292_293_S_GenomeWideSNP_6_E10_1362528	16	14657199	19570651	438	0.1683
VIBES_p_TCGA_290_291_292_293_S_GenomeWideSNP_6_E10_1362528	16	19570762	46470502	5382	-0.0718
VIBES_p_TCGA_290_291_292_293_S_GenomeWideSNP_6_E10_1362528	16	46473753	89317317	27183	-0.3909
VIBES_p_TCGA_290_291_292_293_S_GenomeWideSNP_6_E10_1362528	17	1074619	56701259	23783	-0.1789
VIBES_p_TCGA_290_291_292_293_S_GenomeWideSNP_6_E10_1362528	17	56701456	56702120	4	-1.4443
VIBES_p_TCGA_290_291_292_293_S_GenomeWideSNP_6_E10_1362528	17	56703053	82959812	13552	-0.1801
VIBES_p_TCGA_290_291_292_293_S_GenomeWideSNP_6_E10_1362528	18	326691	79349796	42970	0.0454
VIBES_p_TCGA_290_291_292_293_S_GenomeWideSNP_6_E10_1362528	19	283868	14611551	5225	0.0439
VIBES_p_TCGA_290_291_292_293_S_GenomeWideSNP_6_E10_1362528	19	14615418	14828368	139	0.4477
VIBES_p_TCGA_290_291_292_293_S_GenomeWideSNP_6_E10_1362528	19	14829189	14849327	21	-0.0087
VIBES_p_TCGA_290_291_292_293_S_GenomeWideSNP_6_E10_1362528	19	14850580	15007690	115	0.4426
VIBES_p_TCGA_290_291_292_293_S_GenomeWideSNP_6_E10_1362528	19	15008761	15031672	20	0.0148
VIBES_p_TCGA_290_291_292_293_S_GenomeWideSNP_6_E10_1362528	19	15036799	15061111	16	0.4953
VIBES_p_TCGA_290_291_292_293_S_GenomeWideSNP_6_E10_1362528	19	15061661	15171830	93	0.0089
VIBES_p_TCGA_290_291_292_293_S_GenomeWideSNP_6_E10_1362528	19	15172350	15174537	5	0.6165
VIBES_p_TCGA_290_291_292_293_S_GenomeWideSNP_6_E10_1362528	19	15179601	15217362	50	0.0525
VIBES_p_TCGA_290_291_292_293_S_GenomeWideSNP_6_E10_1362528	19	15218148	15238434	7	0.4389
VIBES_p_TCGA_290_291_292_293_S_GenomeWideSNP_6_E10_1362528	19	15240762	15266792	14	0.0126
VIBES_p_TCGA_290_291_292_293_S_GenomeWideSNP_6_E10_1362528	19	15269438	15354668	57	0.4067
VIBES_p_TCGA_290_291_292_293_S_GenomeWideSNP_6_E10_1362528	19	15356631	15613483	100	0.1099
VIBES_p_TCGA_290_291_292_293_S_GenomeWideSNP_6_E10_1362528	19	15617292	15622983	7	-0.6641
VIBES_p_TCGA_290_291_292_293_S_GenomeWideSNP_6_E10_1362528	19	15624428	15663105	40	0.0153
VIBES_p_TCGA_290_291_292_293_S_GenomeWideSNP_6_E10_1362528	19	15663179	15886754	119	-0.5728
VIBES_p_TCGA_290_291_292_293_S_GenomeWideSNP_6_E10_1362528	19	15901947	16030485	95	0.3492
VIBES_p_TCGA_290_291_292_293_S_GenomeWideSNP_6_E10_1362528	19	16031179	16090991	42	0.0843
VIBES_p_TCGA_290_291_292_293_S_GenomeWideSNP_6_E10_1362528	19	16094866	16217277	62	0.3076
VIBES_p_TCGA_290_291_292_293_S_GenomeWideSNP_6_E10_1362528	19	16225590	16240320	14	-0.1416
VIBES_p_TCGA_290_291_292_293_S_GenomeWideSNP_6_E10_1362528	19	16246497	16278240	16	0.2724
VIBES_p_TCGA_290_291_292_293_S_GenomeWideSNP_6_E10_1362528	19	16280508	18321097	893	-0.1298
VIBES_p_TCGA_290_291_292_293_S_GenomeWideSNP_6_E10_1362528	19	18322119	18349137	18	0.3284
VIBES_p_TCGA_290_291_292_293_S_GenomeWideSNP_6_E10_1362528	19	18350648	19806560	573	-0.1332
VIBES_p_TCGA_290_291_292_293_S_GenomeWideSNP_6_E10_1362528	19	19808942	21064698	19	0.242
VIBES_p_TCGA_290_291_292_293_S_GenomeWideSNP_6_E10_1362528	19	21065501	21095275	21	-0.2843
VIBES_p_TCGA_290_291_292_293_S_GenomeWideSNP_6_E10_1362528	19	21095341	21126830	18	0.2527
VIBES_p_TCGA_290_291_292_293_S_GenomeWideSNP_6_E10_1362528	19	21135992	21283020	76	-0.1687
VIBES_p_TCGA_290_291_292_293_S_GenomeWideSNP_6_E10_1362528	19	21283269	21458742	97	0.2644
VIBES_p_TCGA_290_291_292_293_S_GenomeWideSNP_6_E10_1362528	19	21478228	22838535	534	-0.2095
VIBES_p_TCGA_290_291_292_293_S_GenomeWideSNP_6_E10_1362528	19	22838598	22919264	41	0.2996
VIBES_p_TCGA_290_291_292_293_S_GenomeWideSNP_6_E10_1362528	19	22919492	23007904	44	-0.1892
VIBES_p_TCGA_290_291_292_293_S_GenomeWideSNP_6_E10_1362528	19	23007925	23065836	30	0.2795
VIBES_p_TCGA_290_291_292_293_S_GenomeWideSNP_6_E10_1362528	19	23066544	23106978	27	-0.1746
VIBES_p_TCGA_290_291_292_293_S_GenomeWideSNP_6_E10_1362528	19	23110883	27752285	461	0.1592
VIBES_p_TCGA_290_291_292_293_S_GenomeWideSNP_6_E10_1362528	19	27757509	28526337	619	-0.163
VIBES_p_TCGA_290_291_292_293_S_GenomeWideSNP_6_E10_1362528	19	28530339	28558929	25	-0.6925
VIBES_p_TCGA_290_291_292_293_S_GenomeWideSNP_6_E10_1362528	19	28564393	28589925	19	-0.1463
VIBES_p_TCGA_290_291_292_293_S_GenomeWideSNP_6_E10_1362528	19	28591968	28627322	20	-0.7371
VIBES_p_TCGA_290_291_292_293_S_GenomeWideSNP_6_E10_1362528	19	28627536	28709159	39	-0.0131
VIBES_p_TCGA_290_291_292_293_S_GenomeWideSNP_6_E10_1362528	19	28709600	28733518	14	-0.5444
VIBES_p_TCGA_290_291_292_293_S_GenomeWideSNP_6_E10_1362528	19	28736925	28737149	2	-0.2263
VIBES_p_TCGA_290_291_292_293_S_GenomeWideSNP_6_E10_1362528	19	28737356	28756376	13	0.1458
VIBES_p_TCGA_290_291_292_293_S_GenomeWideSNP_6_E10_1362528	19	28758800	28772495	8	-0.0915
VIBES_p_TCGA_290_291_292_293_S_GenomeWideSNP_6_E10_1362528	19	28772783	28958181	168	-0.6155
VIBES_p_TCGA_290_291_292_293_S_GenomeWideSNP_6_E10_1362528	19	28962919	29009682	38	-0.0354
VIBES_p_TCGA_290_291_292_293_S_GenomeWideSNP_6_E10_1362528	19	29010633	29220519	180	-0.6521
VIBES_p_TCGA_290_291_292_293_S_GenomeWideSNP_6_E10_1362528	19	29231540	29376976	144	0.0215
VIBES_p_TCGA_290_291_292_293_S_GenomeWideSNP_6_E10_1362528	19	29378347	29507931	116	-0.7122
VIBES_p_TCGA_290_291_292_293_S_GenomeWideSNP_6_E10_1362528	19	29508086	29522443	11	-0.0051
VIBES_p_TCGA_290_291_292_293_S_GenomeWideSNP_6_E10_1362528	19	29523712	29707558	110	-0.6255
VIBES_p_TCGA_290_291_292_293_S_GenomeWideSNP_6_E10_1362528	19	29708758	58370362	13598	-0.0226
VIBES_p_TCGA_290_291_292_293_S_GenomeWideSNP_6_E10_1362528	20	472817	6446485	3649	0.081
VIBES_p_TCGA_290_291_292_293_S_GenomeWideSNP_6_E10_1362528	20	6446572	6448538	2	-1.2918
VIBES_p_TCGA_290_291_292_293_S_GenomeWideSNP_6_E10_1362528	20	6449217	63588502	33953	0.0926
VIBES_p_TCGA_290_291_292_293_S_GenomeWideSNP_6_E10_1362528	21	13974127	46262057	20792	0.0463
VIBES_p_TCGA_290_291_292_293_S_GenomeWideSNP_6_E10_1362528	22	16934932	17532623	352	0.5281
VIBES_p_TCGA_290_291_292_293_S_GenomeWideSNP_6_E10_1362528	22	17533273	21741482	421	0.7009
VIBES_p_TCGA_290_291_292_293_S_GenomeWideSNP_6_E10_1362528	22	21742513	21949041	92	1.4563
VIBES_p_TCGA_290_291_292_293_S_GenomeWideSNP_6_E10_1362528	22	23474170	23483227	10	0.1225
VIBES_p_TCGA_290_291_292_293_S_GenomeWideSNP_6_E10_1362528	22	23483579	23492926	15	0.0702
VIBES_p_TCGA_290_291_292_293_S_GenomeWideSNP_6_E10_1362528	22	23496646	23672174	54	-0.2115
VIBES_p_TCGA_290_291_292_293_S_GenomeWideSNP_6_E10_1362528	22	23678093	23813427	72	0.0538
VIBES_p_TCGA_290_291_292_293_S_GenomeWideSNP_6_E10_1362528	22	23829118	25079359	558	-0.4831
VIBES_p_TCGA_290_291_292_293_S_GenomeWideSNP_6_E10_1362528	22	25081736	25245198	151	-0.0395
VIBES_p_TCGA_290_291_292_293_S_GenomeWideSNP_6_E10_1362528	22	25608728	25992931	378	0.508
VIBES_p_TCGA_290_291_292_293_S_GenomeWideSNP_6_E10_1362528	22	25993544	26733647	663	0.6573
VIBES_p_TCGA_290_291_292_293_S_GenomeWideSNP_6_E10_1362528	22	26733784	26794771	46	0.5518
VIBES_p_TCGA_290_291_292_293_S_GenomeWideSNP_6_E10_1362528	22	26795941	26835167	36	0.292
VIBES_p_TCGA_290_291_292_293_S_GenomeWideSNP_6_E10_1362528	22	26835483	26850107	19	0.5786
VIBES_p_TCGA_290_291_292_293_S_GenomeWideSNP_6_E10_1362528	22	26854232	26909677	62	0.9321
VIBES_p_TCGA_290_291_292_293_S_GenomeWideSNP_6_E10_1362528	22	26922339	26929086	11	0.4916
VIBES_p_TCGA_290_291_292_293_S_GenomeWideSNP_6_E10_1362528	22	26930258	27975497	1012	0.2862
VIBES_p_TCGA_290_291_292_293_S_GenomeWideSNP_6_E10_1362528	22	27975515	28147084	112	0.5247
VIBES_p_TCGA_290_291_292_293_S_GenomeWideSNP_6_E10_1362528	22	28152233	31632679	1890	-0.4807
VIBES_p_TCGA_290_291_292_293_S_GenomeWideSNP_6_E10_1362528	22	31681068	34708945	2514	0.2671
VIBES_p_TCGA_290_291_292_293_S_GenomeWideSNP_6_E10_1362528	22	34729811	36032340	848	-0.5028
VIBES_p_TCGA_290_291_292_293_S_GenomeWideSNP_6_E10_1362528	22	36035070	36435553	139	0.22
VIBES_p_TCGA_290_291_292_293_S_GenomeWideSNP_6_E10_1362528	22	36437352	37468277	684	-0.5182
VIBES_p_TCGA_290_291_292_293_S_GenomeWideSNP_6_E10_1362528	22	37469019	37780392	133	0.1399
VIBES_p_TCGA_290_291_292_293_S_GenomeWideSNP_6_E10_1362528	22	37784931	37860988	37	0.5342
VIBES_p_TCGA_290_291_292_293_S_GenomeWideSNP_6_E10_1362528	22	37865584	37893377	13	-0.1246
VIBES_p_TCGA_290_291_292_293_S_GenomeWideSNP_6_E10_1362528	22	37894093	38001790	39	0.4359
VIBES_p_TCGA_290_291_292_293_S_GenomeWideSNP_6_E10_1362528	22	38003028	38367773	157	-0.1223
VIBES_p_TCGA_290_291_292_293_S_GenomeWideSNP_6_E10_1362528	22	38368302	38669682	162	0.6279
VIBES_p_TCGA_290_291_292_293_S_GenomeWideSNP_6_E10_1362528	22	38674917	38714956	21	0.125
VIBES_p_TCGA_290_291_292_293_S_GenomeWideSNP_6_E10_1362528	22	38717804	38824841	67	0.3673
VIBES_p_TCGA_290_291_292_293_S_GenomeWideSNP_6_E10_1362528	22	38826647	39439749	223	0.0964
VIBES_p_TCGA_290_291_292_293_S_GenomeWideSNP_6_E10_1362528	22	39443548	39479961	10	0.6912
VIBES_p_TCGA_290_291_292_293_S_GenomeWideSNP_6_E10_1362528	22	39481820	40378057	413	0.1077
VIBES_p_TCGA_290_291_292_293_S_GenomeWideSNP_6_E10_1362528	22	40381068	40475589	25	0.4347
VIBES_p_TCGA_290_291_292_293_S_GenomeWideSNP_6_E10_1362528	22	40476280	40648422	74	1.3507
VIBES_p_TCGA_290_291_292_293_S_GenomeWideSNP_6_E10_1362528	22	40651552	40770888	63	1.0197
VIBES_p_TCGA_290_291_292_293_S_GenomeWideSNP_6_E10_1362528	22	40771447	41104141	167	1.2976
VIBES_p_TCGA_290_291_292_293_S_GenomeWideSNP_6_E10_1362528	22	41109615	41110589	3	-0.0334
VIBES_p_TCGA_290_291_292_293_S_GenomeWideSNP_6_E10_1362528	22	41110604	41336752	241	1.2342
VIBES_p_TCGA_290_291_292_293_S_GenomeWideSNP_6_E10_1362528	22	41344649	41493645	77	1.8979
VIBES_p_TCGA_290_291_292_293_S_GenomeWideSNP_6_E10_1362528	22	41499405	41743712	98	1.1344
VIBES_p_TCGA_290_291_292_293_S_GenomeWideSNP_6_E10_1362528	22	41746302	41834754	69	1.4367
VIBES_p_TCGA_290_291_292_293_S_GenomeWideSNP_6_E10_1362528	22	41834767	41979300	53	0.8443
VIBES_p_TCGA_290_291_292_293_S_GenomeWideSNP_6_E10_1362528	22	41982569	42013559	23	1.7652
VIBES_p_TCGA_290_291_292_293_S_GenomeWideSNP_6_E10_1362528	22	42015707	42628198	209	2.0685
VIBES_p_TCGA_290_291_292_293_S_GenomeWideSNP_6_E10_1362528	22	42632475	43243913	375	1.7408
VIBES_p_TCGA_290_291_292_293_S_GenomeWideSNP_6_E10_1362528	22	43243916	43247049	2	-0.122
VIBES_p_TCGA_290_291_292_293_S_GenomeWideSNP_6_E10_1362528	22	43252032	43473727	161	1.678
VIBES_p_TCGA_290_291_292_293_S_GenomeWideSNP_6_E10_1362528	22	43480300	43851531	240	1.8332
VIBES_p_TCGA_290_291_292_293_S_GenomeWideSNP_6_E10_1362528	22	43852624	43966935	96	1.6358
VIBES_p_TCGA_290_291_292_293_S_GenomeWideSNP_6_E10_1362528	22	43971243	44198000	230	0.5972
VIBES_p_TCGA_290_291_292_293_S_GenomeWideSNP_6_E10_1362528	22	44198153	44223014	13	0.1599
VIBES_p_TCGA_290_291_292_293_S_GenomeWideSNP_6_E10_1362528	22	44223820	44228549	6	0.8322
VIBES_p_TCGA_290_291_292_293_S_GenomeWideSNP_6_E10_1362528	22	44230687	44367771	138	0.2182
VIBES_p_TCGA_290_291_292_293_S_GenomeWideSNP_6_E10_1362528	22	44368521	44379580	15	0.9942
VIBES_p_TCGA_290_291_292_293_S_GenomeWideSNP_6_E10_1362528	22	44382088	44754323	267	1.3129
VIBES_p_TCGA_290_291_292_293_S_GenomeWideSNP_6_E10_1362528	22	44760375	44949689	138	0.5301
VIBES_p_TCGA_290_291_292_293_S_GenomeWideSNP_6_E10_1362528	22	44956339	45005362	33	-0.5649
VIBES_p_TCGA_290_291_292_293_S_GenomeWideSNP_6_E10_1362528	22	45005661	45039669	28	0.2807
VIBES_p_TCGA_290_291_292_293_S_GenomeWideSNP_6_E10_1362528	22	45040748	45080566	38	0.7547
VIBES_p_TCGA_290_291_292_293_S_GenomeWideSNP_6_E10_1362528	22	45082459	45234781	130	-0.5475
VIBES_p_TCGA_290_291_292_293_S_GenomeWideSNP_6_E10_1362528	22	45234827	45286663	23	0.0811
VIBES_p_TCGA_290_291_292_293_S_GenomeWideSNP_6_E10_1362528	22	45300814	45445164	103	-0.1905
VIBES_p_TCGA_290_291_292_293_S_GenomeWideSNP_6_E10_1362528	22	45451315	45467808	12	0.3511
VIBES_p_TCGA_290_291_292_293_S_GenomeWideSNP_6_E10_1362528	22	45469890	45488606	21	1.4005
VIBES_p_TCGA_290_291_292_293_S_GenomeWideSNP_6_E10_1362528	22	45489225	45607065	92	0.4359
VIBES_p_TCGA_290_291_292_293_S_GenomeWideSNP_6_E10_1362528	22	45609425	45808906	130	-0.1419
VIBES_p_TCGA_290_291_292_293_S_GenomeWideSNP_6_E10_1362528	22	45810110	45815290	9	0.3893
VIBES_p_TCGA_290_291_292_293_S_GenomeWideSNP_6_E10_1362528	22	45817711	45970014	50	1.2338
VIBES_p_TCGA_290_291_292_293_S_GenomeWideSNP_6_E10_1362528	22	45994389	46564668	332	-0.1768
VIBES_p_TCGA_290_291_292_293_S_GenomeWideSNP_6_E10_1362528	22	46568919	46688799	64	0.2901
VIBES_p_TCGA_290_291_292_293_S_GenomeWideSNP_6_E10_1362528	22	46689292	46778426	60	0.6386
VIBES_p_TCGA_290_291_292_293_S_GenomeWideSNP_6_E10_1362528	22	46779918	46785570	6	0.2606
VIBES_p_TCGA_290_291_292_293_S_GenomeWideSNP_6_E10_1362528	22	46788682	47426930	509	-0.1649
VIBES_p_TCGA_290_291_292_293_S_GenomeWideSNP_6_E10_1362528	22	47429560	47444012	20	0.4429
VIBES_p_TCGA_290_291_292_293_S_GenomeWideSNP_6_E10_1362528	22	47447433	47466025	12	-0.196
VIBES_p_TCGA_290_291_292_293_S_GenomeWideSNP_6_E10_1362528	22	47468651	47648138	147	0.4934
VIBES_p_TCGA_290_291_292_293_S_GenomeWideSNP_6_E10_1362528	22	47648645	47925727	203	0.3299
VIBES_p_TCGA_290_291_292_293_S_GenomeWideSNP_6_E10_1362528	22	47928595	48023420	88	0.0603
VIBES_p_TCGA_290_291_292_293_S_GenomeWideSNP_6_E10_1362528	22	48029878	48435731	429	0.3197
VIBES_p_TCGA_290_291_292_293_S_GenomeWideSNP_6_E10_1362528	22	48436026	48443003	12	0.4355
VIBES_p_TCGA_290_291_292_293_S_GenomeWideSNP_6_E10_1362528	22	48444557	48449692	11	0.9746
VIBES_p_TCGA_290_291_292_293_S_GenomeWideSNP_6_E10_1362528	22	48454956	48525853	52	0.3095
VIBES_p_TCGA_290_291_292_293_S_GenomeWideSNP_6_E10_1362528	22	48525921	48740175	157	0.5634
VIBES_p_TCGA_290_291_292_293_S_GenomeWideSNP_6_E10_1362528	22	48740473	48801717	76	-0.4493
VIBES_p_TCGA_290_291_292_293_S_GenomeWideSNP_6_E10_1362528	22	48805335	48848072	22	0.5324
VIBES_p_TCGA_290_291_292_293_S_GenomeWideSNP_6_E10_1362528	22	48885900	48940621	35	-0.0473
VIBES_p_TCGA_290_291_292_293_S_GenomeWideSNP_6_E10_1362528	X	3236359	155677414	64362	-2e-04
