Sample	Chromosome	Start	End	Num_Probes	Segment_Mean
ALANG_p_TCGA_180_SNP_1N_GenomeWideSNP_6_B04_895872	1	3301765	7874441	2982	0.0493
ALANG_p_TCGA_180_SNP_1N_GenomeWideSNP_6_B04_895872	1	7875855	47005733	20466	0.0338
ALANG_p_TCGA_180_SNP_1N_GenomeWideSNP_6_B04_895872	1	47012891	106199033	36271	0.0516
ALANG_p_TCGA_180_SNP_1N_GenomeWideSNP_6_B04_895872	1	106199579	106200860	2	-1.3077
ALANG_p_TCGA_180_SNP_1N_GenomeWideSNP_6_B04_895872	1	106201239	119984738	8555	0.046
ALANG_p_TCGA_180_SNP_1N_GenomeWideSNP_6_B04_895872	1	119984772	221405132	45155	0.5496
ALANG_p_TCGA_180_SNP_1N_GenomeWideSNP_6_B04_895872	1	221406716	221407063	2	-1.7111
ALANG_p_TCGA_180_SNP_1N_GenomeWideSNP_6_B04_895872	1	221407528	238222700	10910	0.5558
ALANG_p_TCGA_180_SNP_1N_GenomeWideSNP_6_B04_895872	1	238225204	238233104	18	0.0539
ALANG_p_TCGA_180_SNP_1N_GenomeWideSNP_6_B04_895872	1	238234471	247650984	5698	0.5666
ALANG_p_TCGA_180_SNP_1N_GenomeWideSNP_6_B04_895872	2	480597	182188931	98774	0.0443
ALANG_p_TCGA_180_SNP_1N_GenomeWideSNP_6_B04_895872	2	182190268	182194473	5	-0.8463
ALANG_p_TCGA_180_SNP_1N_GenomeWideSNP_6_B04_895872	2	182201207	186024241	1592	0.0363
ALANG_p_TCGA_180_SNP_1N_GenomeWideSNP_6_B04_895872	2	186024533	186380719	188	-0.8223
ALANG_p_TCGA_180_SNP_1N_GenomeWideSNP_6_B04_895872	2	186383240	221157052	19475	0.0443
ALANG_p_TCGA_180_SNP_1N_GenomeWideSNP_6_B04_895872	2	221157872	221193893	25	0.5408
ALANG_p_TCGA_180_SNP_1N_GenomeWideSNP_6_B04_895872	2	221199110	241537572	12349	0.0457
ALANG_p_TCGA_180_SNP_1N_GenomeWideSNP_6_B04_895872	3	2170634	8149676	3365	0.058
ALANG_p_TCGA_180_SNP_1N_GenomeWideSNP_6_B04_895872	3	8155547	8756495	426	-0.8855
ALANG_p_TCGA_180_SNP_1N_GenomeWideSNP_6_B04_895872	3	8760360	43665283	21137	0.0481
ALANG_p_TCGA_180_SNP_1N_GenomeWideSNP_6_B04_895872	3	43665580	43671774	3	-1.1866
ALANG_p_TCGA_180_SNP_1N_GenomeWideSNP_6_B04_895872	3	43672224	61523055	9113	0.0446
ALANG_p_TCGA_180_SNP_1N_GenomeWideSNP_6_B04_895872	3	61523463	67107704	4246	0.0744
ALANG_p_TCGA_180_SNP_1N_GenomeWideSNP_6_B04_895872	3	67107730	150187998	44350	0.0489
ALANG_p_TCGA_180_SNP_1N_GenomeWideSNP_6_B04_895872	3	150197375	150352310	94	-0.8656
ALANG_p_TCGA_180_SNP_1N_GenomeWideSNP_6_B04_895872	3	150353826	197812401	24620	0.05
ALANG_p_TCGA_180_SNP_1N_GenomeWideSNP_6_B04_895872	4	1059384	65701338	36583	0.0568
ALANG_p_TCGA_180_SNP_1N_GenomeWideSNP_6_B04_895872	4	65701461	65701480	2	-1.2994
ALANG_p_TCGA_180_SNP_1N_GenomeWideSNP_6_B04_895872	4	65703050	124538250	33098	0.0535
ALANG_p_TCGA_180_SNP_1N_GenomeWideSNP_6_B04_895872	4	124539196	124541780	3	-1.376
ALANG_p_TCGA_180_SNP_1N_GenomeWideSNP_6_B04_895872	4	124541870	137017324	6091	0.0492
ALANG_p_TCGA_180_SNP_1N_GenomeWideSNP_6_B04_895872	4	137017547	137017561	2	1.5064
ALANG_p_TCGA_180_SNP_1N_GenomeWideSNP_6_B04_895872	4	137050960	180524029	24585	0.0538
ALANG_p_TCGA_180_SNP_1N_GenomeWideSNP_6_B04_895872	4	180524227	180556671	55	-0.8264
ALANG_p_TCGA_180_SNP_1N_GenomeWideSNP_6_B04_895872	4	180557519	187842528	3282	0.0664
ALANG_p_TCGA_180_SNP_1N_GenomeWideSNP_6_B04_895872	5	913983	180934240	101314	0.0516
ALANG_p_TCGA_180_SNP_1N_GenomeWideSNP_6_B04_895872	6	1011760	3119750	1638	0.5707
ALANG_p_TCGA_180_SNP_1N_GenomeWideSNP_6_B04_895872	6	3124107	3263867	71	0.0445
ALANG_p_TCGA_180_SNP_1N_GenomeWideSNP_6_B04_895872	6	3269937	3272573	3	0.631
ALANG_p_TCGA_180_SNP_1N_GenomeWideSNP_6_B04_895872	6	3277064	3929747	486	0.0729
ALANG_p_TCGA_180_SNP_1N_GenomeWideSNP_6_B04_895872	6	3933092	5289214	903	0.5542
ALANG_p_TCGA_180_SNP_1N_GenomeWideSNP_6_B04_895872	6	5289279	5675489	211	0.8969
ALANG_p_TCGA_180_SNP_1N_GenomeWideSNP_6_B04_895872	6	5676152	6077970	309	1.1607
ALANG_p_TCGA_180_SNP_1N_GenomeWideSNP_6_B04_895872	6	6080643	11290032	3684	0.9228
ALANG_p_TCGA_180_SNP_1N_GenomeWideSNP_6_B04_895872	6	11290114	18196665	4801	0.5451
ALANG_p_TCGA_180_SNP_1N_GenomeWideSNP_6_B04_895872	6	18200413	18225023	33	0.9282
ALANG_p_TCGA_180_SNP_1N_GenomeWideSNP_6_B04_895872	6	18225070	24420407	4507	0.5671
ALANG_p_TCGA_180_SNP_1N_GenomeWideSNP_6_B04_895872	6	24422315	25450258	734	0.8789
ALANG_p_TCGA_180_SNP_1N_GenomeWideSNP_6_B04_895872	6	25735847	26094642	226	0.5197
ALANG_p_TCGA_180_SNP_1N_GenomeWideSNP_6_B04_895872	6	26095103	26264494	104	0.8933
ALANG_p_TCGA_180_SNP_1N_GenomeWideSNP_6_B04_895872	6	26265451	26311093	30	0.6327
ALANG_p_TCGA_180_SNP_1N_GenomeWideSNP_6_B04_895872	6	26318675	26663499	147	0.8786
ALANG_p_TCGA_180_SNP_1N_GenomeWideSNP_6_B04_895872	6	26664304	27885174	283	0.5059
ALANG_p_TCGA_180_SNP_1N_GenomeWideSNP_6_B04_895872	6	27885200	32899215	1263	0.8641
ALANG_p_TCGA_180_SNP_1N_GenomeWideSNP_6_B04_895872	6	32901268	33441169	223	0.5187
ALANG_p_TCGA_180_SNP_1N_GenomeWideSNP_6_B04_895872	6	33441373	33462847	44	0.2777
ALANG_p_TCGA_180_SNP_1N_GenomeWideSNP_6_B04_895872	6	33463542	38923292	3215	0.5366
ALANG_p_TCGA_180_SNP_1N_GenomeWideSNP_6_B04_895872	6	38924224	38956655	33	0.8513
ALANG_p_TCGA_180_SNP_1N_GenomeWideSNP_6_B04_895872	6	38957507	39149675	135	0.5214
ALANG_p_TCGA_180_SNP_1N_GenomeWideSNP_6_B04_895872	6	39152666	39219122	59	0.8571
ALANG_p_TCGA_180_SNP_1N_GenomeWideSNP_6_B04_895872	6	39219392	40370335	852	0.5561
ALANG_p_TCGA_180_SNP_1N_GenomeWideSNP_6_B04_895872	6	40376720	40432126	45	0.0294
ALANG_p_TCGA_180_SNP_1N_GenomeWideSNP_6_B04_895872	6	40433245	40582367	152	0.5498
ALANG_p_TCGA_180_SNP_1N_GenomeWideSNP_6_B04_895872	6	40584130	40598110	11	1.0169
ALANG_p_TCGA_180_SNP_1N_GenomeWideSNP_6_B04_895872	6	40602316	40642962	47	0.4914
ALANG_p_TCGA_180_SNP_1N_GenomeWideSNP_6_B04_895872	6	40643444	41021101	293	0.0377
ALANG_p_TCGA_180_SNP_1N_GenomeWideSNP_6_B04_895872	6	41025779	43070457	1168	0.5329
ALANG_p_TCGA_180_SNP_1N_GenomeWideSNP_6_B04_895872	6	43070853	43169179	44	0.3255
ALANG_p_TCGA_180_SNP_1N_GenomeWideSNP_6_B04_895872	6	43176316	43469363	155	-0.0285
ALANG_p_TCGA_180_SNP_1N_GenomeWideSNP_6_B04_895872	6	43470180	44506138	579	0.5423
ALANG_p_TCGA_180_SNP_1N_GenomeWideSNP_6_B04_895872	6	44508016	44552367	34	0.882
ALANG_p_TCGA_180_SNP_1N_GenomeWideSNP_6_B04_895872	6	44552714	46725921	1224	0.569
ALANG_p_TCGA_180_SNP_1N_GenomeWideSNP_6_B04_895872	6	46727764	48264696	1053	0.9221
ALANG_p_TCGA_180_SNP_1N_GenomeWideSNP_6_B04_895872	6	48265423	52103380	2135	0.5605
ALANG_p_TCGA_180_SNP_1N_GenomeWideSNP_6_B04_895872	6	52103901	52135560	20	0.0764
ALANG_p_TCGA_180_SNP_1N_GenomeWideSNP_6_B04_895872	6	52135916	52289312	125	0.5545
ALANG_p_TCGA_180_SNP_1N_GenomeWideSNP_6_B04_895872	6	52289833	53313178	674	0.0538
ALANG_p_TCGA_180_SNP_1N_GenomeWideSNP_6_B04_895872	6	53317063	53575387	155	0.5449
ALANG_p_TCGA_180_SNP_1N_GenomeWideSNP_6_B04_895872	6	53576158	54048350	381	0.0583
ALANG_p_TCGA_180_SNP_1N_GenomeWideSNP_6_B04_895872	6	54055809	54103629	38	0.5995
ALANG_p_TCGA_180_SNP_1N_GenomeWideSNP_6_B04_895872	6	54105040	54482387	255	0.0507
ALANG_p_TCGA_180_SNP_1N_GenomeWideSNP_6_B04_895872	6	54482594	55146006	391	0.5362
ALANG_p_TCGA_180_SNP_1N_GenomeWideSNP_6_B04_895872	6	55152221	55459132	204	0.0571
ALANG_p_TCGA_180_SNP_1N_GenomeWideSNP_6_B04_895872	6	55462700	55532168	65	0.6103
ALANG_p_TCGA_180_SNP_1N_GenomeWideSNP_6_B04_895872	6	55539284	56129439	327	0.0306
ALANG_p_TCGA_180_SNP_1N_GenomeWideSNP_6_B04_895872	6	56135322	56301093	117	-0.8818
ALANG_p_TCGA_180_SNP_1N_GenomeWideSNP_6_B04_895872	6	56309360	56448233	118	0.0316
ALANG_p_TCGA_180_SNP_1N_GenomeWideSNP_6_B04_895872	6	56450492	56633959	99	-0.8354
ALANG_p_TCGA_180_SNP_1N_GenomeWideSNP_6_B04_895872	6	56641736	56740534	46	0.0655
ALANG_p_TCGA_180_SNP_1N_GenomeWideSNP_6_B04_895872	6	56748142	56822031	40	-0.8941
ALANG_p_TCGA_180_SNP_1N_GenomeWideSNP_6_B04_895872	6	56823341	56829056	4	-0.0392
ALANG_p_TCGA_180_SNP_1N_GenomeWideSNP_6_B04_895872	6	56831848	57159293	138	-0.8222
ALANG_p_TCGA_180_SNP_1N_GenomeWideSNP_6_B04_895872	6	57165985	114905963	30144	0.0501
ALANG_p_TCGA_180_SNP_1N_GenomeWideSNP_6_B04_895872	6	114923004	114930564	2	-1.4514
ALANG_p_TCGA_180_SNP_1N_GenomeWideSNP_6_B04_895872	6	114936470	123039755	4176	0.0526
ALANG_p_TCGA_180_SNP_1N_GenomeWideSNP_6_B04_895872	6	123043113	123308726	147	-0.8464
ALANG_p_TCGA_180_SNP_1N_GenomeWideSNP_6_B04_895872	6	123314481	123323607	10	-0.0696
ALANG_p_TCGA_180_SNP_1N_GenomeWideSNP_6_B04_895872	6	123324180	170596889	28657	-0.8574
ALANG_p_TCGA_180_SNP_1N_GenomeWideSNP_6_B04_895872	7	664936	1876165	286	0.0745
ALANG_p_TCGA_180_SNP_1N_GenomeWideSNP_6_B04_895872	7	1881190	2114554	96	-1.0019
ALANG_p_TCGA_180_SNP_1N_GenomeWideSNP_6_B04_895872	7	2118533	70285255	36057	0.057
ALANG_p_TCGA_180_SNP_1N_GenomeWideSNP_6_B04_895872	7	70287155	70361431	42	-0.8384
ALANG_p_TCGA_180_SNP_1N_GenomeWideSNP_6_B04_895872	7	70361608	158592540	45642	0.0541
ALANG_p_TCGA_180_SNP_1N_GenomeWideSNP_6_B04_895872	8	667625	745861	45	0.5877
ALANG_p_TCGA_180_SNP_1N_GenomeWideSNP_6_B04_895872	8	754980	4071554	1745	0.0741
ALANG_p_TCGA_180_SNP_1N_GenomeWideSNP_6_B04_895872	8	4071646	4432011	213	0.5809
ALANG_p_TCGA_180_SNP_1N_GenomeWideSNP_6_B04_895872	8	4559124	22668467	10735	0.0733
ALANG_p_TCGA_180_SNP_1N_GenomeWideSNP_6_B04_895872	8	22675417	22713095	22	0.58
ALANG_p_TCGA_180_SNP_1N_GenomeWideSNP_6_B04_895872	8	22715221	22935168	157	0.0602
ALANG_p_TCGA_180_SNP_1N_GenomeWideSNP_6_B04_895872	8	22938805	23480166	290	0.5633
ALANG_p_TCGA_180_SNP_1N_GenomeWideSNP_6_B04_895872	8	23484321	35140073	7700	0.0595
ALANG_p_TCGA_180_SNP_1N_GenomeWideSNP_6_B04_895872	8	35140618	43080575	4250	0.3886
ALANG_p_TCGA_180_SNP_1N_GenomeWideSNP_6_B04_895872	8	46547532	51221062	2242	0.0535
ALANG_p_TCGA_180_SNP_1N_GenomeWideSNP_6_B04_895872	8	51222522	52550852	897	0.3929
ALANG_p_TCGA_180_SNP_1N_GenomeWideSNP_6_B04_895872	8	52557630	63573122	6732	0.059
ALANG_p_TCGA_180_SNP_1N_GenomeWideSNP_6_B04_895872	8	63582719	64182252	335	0.5766
ALANG_p_TCGA_180_SNP_1N_GenomeWideSNP_6_B04_895872	8	64187550	88558465	13543	0.0532
ALANG_p_TCGA_180_SNP_1N_GenomeWideSNP_6_B04_895872	8	88559406	88851119	125	0.5807
ALANG_p_TCGA_180_SNP_1N_GenomeWideSNP_6_B04_895872	8	88854517	98927949	6080	0.0516
ALANG_p_TCGA_180_SNP_1N_GenomeWideSNP_6_B04_895872	8	98930134	99719457	372	0.563
ALANG_p_TCGA_180_SNP_1N_GenomeWideSNP_6_B04_895872	8	99719965	107842626	4582	0.0603
ALANG_p_TCGA_180_SNP_1N_GenomeWideSNP_6_B04_895872	8	107844113	110149462	1220	-0.8301
ALANG_p_TCGA_180_SNP_1N_GenomeWideSNP_6_B04_895872	8	110150318	110160258	11	0.0347
ALANG_p_TCGA_180_SNP_1N_GenomeWideSNP_6_B04_895872	8	110161497	110170003	9	-0.9208
ALANG_p_TCGA_180_SNP_1N_GenomeWideSNP_6_B04_895872	8	110170123	110180659	10	-0.0568
ALANG_p_TCGA_180_SNP_1N_GenomeWideSNP_6_B04_895872	8	110188295	112540474	1218	-0.8276
ALANG_p_TCGA_180_SNP_1N_GenomeWideSNP_6_B04_895872	8	112548674	126466080	8793	0.055
ALANG_p_TCGA_180_SNP_1N_GenomeWideSNP_6_B04_895872	8	126467592	126817249	243	0.5568
ALANG_p_TCGA_180_SNP_1N_GenomeWideSNP_6_B04_895872	8	126818060	126839259	25	0.0137
ALANG_p_TCGA_180_SNP_1N_GenomeWideSNP_6_B04_895872	8	126843691	126883679	53	0.4941
ALANG_p_TCGA_180_SNP_1N_GenomeWideSNP_6_B04_895872	8	126884215	131155193	3010	0.0628
ALANG_p_TCGA_180_SNP_1N_GenomeWideSNP_6_B04_895872	8	131165838	131695364	345	0.5568
ALANG_p_TCGA_180_SNP_1N_GenomeWideSNP_6_B04_895872	8	131697054	139044702	5600	0.0628
ALANG_p_TCGA_180_SNP_1N_GenomeWideSNP_6_B04_895872	8	139047792	139691285	590	0.5869
ALANG_p_TCGA_180_SNP_1N_GenomeWideSNP_6_B04_895872	8	139692002	142762148	755	0.0534
ALANG_p_TCGA_180_SNP_1N_GenomeWideSNP_6_B04_895872	8	142762919	143203018	165	0.5703
ALANG_p_TCGA_180_SNP_1N_GenomeWideSNP_6_B04_895872	8	143209006	144182542	227	0.0331
ALANG_p_TCGA_180_SNP_1N_GenomeWideSNP_6_B04_895872	9	789794	790037	3	-0.3957
ALANG_p_TCGA_180_SNP_1N_GenomeWideSNP_6_B04_895872	9	790234	21721940	13534	0.0581
ALANG_p_TCGA_180_SNP_1N_GenomeWideSNP_6_B04_895872	9	21727209	21887381	111	-0.7815
ALANG_p_TCGA_180_SNP_1N_GenomeWideSNP_6_B04_895872	9	21890327	21978444	47	-3.7847
ALANG_p_TCGA_180_SNP_1N_GenomeWideSNP_6_B04_895872	9	21978616	22159635	150	-0.8062
ALANG_p_TCGA_180_SNP_1N_GenomeWideSNP_6_B04_895872	9	22161213	127296243	49506	0.0498
ALANG_p_TCGA_180_SNP_1N_GenomeWideSNP_6_B04_895872	9	127296300	138044505	5297	0.0242
ALANG_p_TCGA_180_SNP_1N_GenomeWideSNP_6_B04_895872	10	366509	44427527	27647	-0.8474
ALANG_p_TCGA_180_SNP_1N_GenomeWideSNP_6_B04_895872	10	44434874	44439831	6	-3.133
ALANG_p_TCGA_180_SNP_1N_GenomeWideSNP_6_B04_895872	10	44448034	87796487	24831	-0.847
ALANG_p_TCGA_180_SNP_1N_GenomeWideSNP_6_B04_895872	10	87799423	87861304	35	-3.9718
ALANG_p_TCGA_180_SNP_1N_GenomeWideSNP_6_B04_895872	10	87866697	87872765	29	-2.0322
ALANG_p_TCGA_180_SNP_1N_GenomeWideSNP_6_B04_895872	10	87881541	87883103	8	-0.7072
ALANG_p_TCGA_180_SNP_1N_GenomeWideSNP_6_B04_895872	10	87883257	87889858	8	-2.0232
ALANG_p_TCGA_180_SNP_1N_GenomeWideSNP_6_B04_895872	10	87889913	87897393	12	-0.9058
ALANG_p_TCGA_180_SNP_1N_GenomeWideSNP_6_B04_895872	10	87898118	87957883	101	-0.5659
ALANG_p_TCGA_180_SNP_1N_GenomeWideSNP_6_B04_895872	10	87958134	91343557	2361	-0.8372
ALANG_p_TCGA_180_SNP_1N_GenomeWideSNP_6_B04_895872	10	91346805	91347901	3	-2.7491
ALANG_p_TCGA_180_SNP_1N_GenomeWideSNP_6_B04_895872	10	91351866	133411599	26264	-0.8555
ALANG_p_TCGA_180_SNP_1N_GenomeWideSNP_6_B04_895872	11	456012	41147883	25980	0.0545
ALANG_p_TCGA_180_SNP_1N_GenomeWideSNP_6_B04_895872	11	41150975	41237445	65	0.5608
ALANG_p_TCGA_180_SNP_1N_GenomeWideSNP_6_B04_895872	11	41237630	58402723	6013	0.0491
ALANG_p_TCGA_180_SNP_1N_GenomeWideSNP_6_B04_895872	11	58402818	76007569	7996	0.0256
ALANG_p_TCGA_180_SNP_1N_GenomeWideSNP_6_B04_895872	11	76018848	134272740	37777	0.0529
ALANG_p_TCGA_180_SNP_1N_GenomeWideSNP_6_B04_895872	12	780472	5854544	3251	0.0589
ALANG_p_TCGA_180_SNP_1N_GenomeWideSNP_6_B04_895872	12	5855158	10265806	1952	0.0186
ALANG_p_TCGA_180_SNP_1N_GenomeWideSNP_6_B04_895872	12	10267667	47227335	19274	0.0574
ALANG_p_TCGA_180_SNP_1N_GenomeWideSNP_6_B04_895872	12	47231071	58044045	5571	0.021
ALANG_p_TCGA_180_SNP_1N_GenomeWideSNP_6_B04_895872	12	58044086	132605822	44469	0.0479
ALANG_p_TCGA_180_SNP_1N_GenomeWideSNP_6_B04_895872	13	18874255	114226675	57129	0.0532
ALANG_p_TCGA_180_SNP_1N_GenomeWideSNP_6_B04_895872	14	20033191	29019241	4363	-0.847
ALANG_p_TCGA_180_SNP_1N_GenomeWideSNP_6_B04_895872	14	29019620	105533894	45483	0.0513
ALANG_p_TCGA_180_SNP_1N_GenomeWideSNP_6_B04_895872	15	23437561	101344124	44887	0.053
ALANG_p_TCGA_180_SNP_1N_GenomeWideSNP_6_B04_895872	16	603333	89317317	41304	0.0539
ALANG_p_TCGA_180_SNP_1N_GenomeWideSNP_6_B04_895872	17	1074619	82959812	37382	0.0396
ALANG_p_TCGA_180_SNP_1N_GenomeWideSNP_6_B04_895872	18	326691	79349796	43041	0.0593
ALANG_p_TCGA_180_SNP_1N_GenomeWideSNP_6_B04_895872	19	283868	21827999	8141	0.0129
ALANG_p_TCGA_180_SNP_1N_GenomeWideSNP_6_B04_895872	19	21836794	34549155	5761	0.052
ALANG_p_TCGA_180_SNP_1N_GenomeWideSNP_6_B04_895872	19	34549258	58370362	10361	0.0194
ALANG_p_TCGA_180_SNP_1N_GenomeWideSNP_6_B04_895872	20	472817	7486649	4331	0.029
ALANG_p_TCGA_180_SNP_1N_GenomeWideSNP_6_B04_895872	20	7486705	17033474	6432	0.0632
ALANG_p_TCGA_180_SNP_1N_GenomeWideSNP_6_B04_895872	20	17033543	31688103	6439	0.0464
ALANG_p_TCGA_180_SNP_1N_GenomeWideSNP_6_B04_895872	20	31690184	37093952	2627	0.0114
ALANG_p_TCGA_180_SNP_1N_GenomeWideSNP_6_B04_895872	20	37094427	63588502	17820	0.0419
ALANG_p_TCGA_180_SNP_1N_GenomeWideSNP_6_B04_895872	21	13974127	41546239	18414	-0.818
ALANG_p_TCGA_180_SNP_1N_GenomeWideSNP_6_B04_895872	21	41546457	46262057	2350	-0.8996
ALANG_p_TCGA_180_SNP_1N_GenomeWideSNP_6_B04_895872	22	16934932	29436786	4775	0.0533
ALANG_p_TCGA_180_SNP_1N_GenomeWideSNP_6_B04_895872	22	29437094	32113966	1430	0.0114
ALANG_p_TCGA_180_SNP_1N_GenomeWideSNP_6_B04_895872	22	32116162	36332889	3213	0.0588
ALANG_p_TCGA_180_SNP_1N_GenomeWideSNP_6_B04_895872	22	36333152	43276247	3508	0.0154
ALANG_p_TCGA_180_SNP_1N_GenomeWideSNP_6_B04_895872	22	43276623	48940621	4193	0.0564
ALANG_p_TCGA_180_SNP_1N_GenomeWideSNP_6_B04_895872	X	3236359	155677414	64229	0.0033
