Sample	Chromosome	Start	End	Num_Probes	Segment_Mean
RETCH_p_TCGA_180_SNP_2N_GenomeWideSNP_6_D10_895854	1	3301765	55038842	27752	0.4428
RETCH_p_TCGA_180_SNP_2N_GenomeWideSNP_6_D10_895854	1	55038977	68215350	9685	0.4823
RETCH_p_TCGA_180_SNP_2N_GenomeWideSNP_6_D10_895854	1	68215516	88949499	12324	0.513
RETCH_p_TCGA_180_SNP_2N_GenomeWideSNP_6_D10_895854	1	88950617	89606969	408	0.4616
RETCH_p_TCGA_180_SNP_2N_GenomeWideSNP_6_D10_895854	1	89608452	94085140	2568	0.043
RETCH_p_TCGA_180_SNP_2N_GenomeWideSNP_6_D10_895854	1	94085785	107463736	7781	0.0771
RETCH_p_TCGA_180_SNP_2N_GenomeWideSNP_6_D10_895854	1	107465966	115854698	5146	0.0432
RETCH_p_TCGA_180_SNP_2N_GenomeWideSNP_6_D10_895854	1	115857708	149913375	2536	0.4824
RETCH_p_TCGA_180_SNP_2N_GenomeWideSNP_6_D10_895854	1	149914031	167088364	10413	0.1253
RETCH_p_TCGA_180_SNP_2N_GenomeWideSNP_6_D10_895854	1	167090099	186654338	12473	0.0527
RETCH_p_TCGA_180_SNP_2N_GenomeWideSNP_6_D10_895854	1	186654874	196076923	5642	0.0957
RETCH_p_TCGA_180_SNP_2N_GenomeWideSNP_6_D10_895854	1	196077113	197480143	636	0.055
RETCH_p_TCGA_180_SNP_2N_GenomeWideSNP_6_D10_895854	1	197481506	197487671	3	-1.6894
RETCH_p_TCGA_180_SNP_2N_GenomeWideSNP_6_D10_895854	1	197493065	214007524	10875	0.0327
RETCH_p_TCGA_180_SNP_2N_GenomeWideSNP_6_D10_895854	1	214007904	221995122	5507	0.0754
RETCH_p_TCGA_180_SNP_2N_GenomeWideSNP_6_D10_895854	1	221995719	227173569	2920	0.0306
RETCH_p_TCGA_180_SNP_2N_GenomeWideSNP_6_D10_895854	1	227175156	228783455	685	0.1323
RETCH_p_TCGA_180_SNP_2N_GenomeWideSNP_6_D10_895854	1	228785052	231124156	1766	0.2056
RETCH_p_TCGA_180_SNP_2N_GenomeWideSNP_6_D10_895854	1	231126556	239540496	6012	0.1506
RETCH_p_TCGA_180_SNP_2N_GenomeWideSNP_6_D10_895854	1	239542918	239782471	183	-0.12
RETCH_p_TCGA_180_SNP_2N_GenomeWideSNP_6_D10_895854	1	239782776	239787745	2	-2.0232
RETCH_p_TCGA_180_SNP_2N_GenomeWideSNP_6_D10_895854	1	239788331	240068425	251	-0.0838
RETCH_p_TCGA_180_SNP_2N_GenomeWideSNP_6_D10_895854	1	240069117	240143748	46	0.2494
RETCH_p_TCGA_180_SNP_2N_GenomeWideSNP_6_D10_895854	1	240144089	245004029	3090	0.1385
RETCH_p_TCGA_180_SNP_2N_GenomeWideSNP_6_D10_895854	1	245004456	247626259	1152	0.2265
RETCH_p_TCGA_180_SNP_2N_GenomeWideSNP_6_D10_895854	1	247626617	247650984	13	0.4105
RETCH_p_TCGA_180_SNP_2N_GenomeWideSNP_6_D10_895854	2	480597	9274853	5417	0.1145
RETCH_p_TCGA_180_SNP_2N_GenomeWideSNP_6_D10_895854	2	9276528	9277205	2	-1.8539
RETCH_p_TCGA_180_SNP_2N_GenomeWideSNP_6_D10_895854	2	9278145	95986761	45651	0.1219
RETCH_p_TCGA_180_SNP_2N_GenomeWideSNP_6_D10_895854	2	95994792	136823110	20833	0.2768
RETCH_p_TCGA_180_SNP_2N_GenomeWideSNP_6_D10_895854	2	136826868	151573165	8311	0.3029
RETCH_p_TCGA_180_SNP_2N_GenomeWideSNP_6_D10_895854	2	151578311	151608999	3	-0.9473
RETCH_p_TCGA_180_SNP_2N_GenomeWideSNP_6_D10_895854	2	151609811	153305452	1093	0.279
RETCH_p_TCGA_180_SNP_2N_GenomeWideSNP_6_D10_895854	2	153306652	153308608	2	-1.8106
RETCH_p_TCGA_180_SNP_2N_GenomeWideSNP_6_D10_895854	2	153308738	194607750	23134	0.3082
RETCH_p_TCGA_180_SNP_2N_GenomeWideSNP_6_D10_895854	2	194609035	209515481	8257	0.285
RETCH_p_TCGA_180_SNP_2N_GenomeWideSNP_6_D10_895854	2	209521451	216250236	4051	0.3247
RETCH_p_TCGA_180_SNP_2N_GenomeWideSNP_6_D10_895854	2	216250315	219761207	2123	0.2585
RETCH_p_TCGA_180_SNP_2N_GenomeWideSNP_6_D10_895854	2	219762384	230415077	6832	0.293
RETCH_p_TCGA_180_SNP_2N_GenomeWideSNP_6_D10_895854	2	230415917	241259024	6369	0.2612
RETCH_p_TCGA_180_SNP_2N_GenomeWideSNP_6_D10_895854	2	241264871	241537572	153	0.1861
RETCH_p_TCGA_180_SNP_2N_GenomeWideSNP_6_D10_895854	3	2170634	3163120	435	0.3913
RETCH_p_TCGA_180_SNP_2N_GenomeWideSNP_6_D10_895854	3	3163205	17953091	9255	0.3415
RETCH_p_TCGA_180_SNP_2N_GenomeWideSNP_6_D10_895854	3	17956817	18046209	39	0.708
RETCH_p_TCGA_180_SNP_2N_GenomeWideSNP_6_D10_895854	3	18049191	20489711	1319	0.3658
RETCH_p_TCGA_180_SNP_2N_GenomeWideSNP_6_D10_895854	3	20493190	20594241	63	0.7038
RETCH_p_TCGA_180_SNP_2N_GenomeWideSNP_6_D10_895854	3	20596736	45857209	15037	0.3547
RETCH_p_TCGA_180_SNP_2N_GenomeWideSNP_6_D10_895854	3	45857796	50865231	2148	0.2842
RETCH_p_TCGA_180_SNP_2N_GenomeWideSNP_6_D10_895854	3	50865246	74149711	14985	0.354
RETCH_p_TCGA_180_SNP_2N_GenomeWideSNP_6_D10_895854	3	74149771	94015345	8038	0.3911
RETCH_p_TCGA_180_SNP_2N_GenomeWideSNP_6_D10_895854	3	94015827	143498977	27816	0.1328
RETCH_p_TCGA_180_SNP_2N_GenomeWideSNP_6_D10_895854	3	143504304	143509117	5	-1.6912
RETCH_p_TCGA_180_SNP_2N_GenomeWideSNP_6_D10_895854	3	143509167	193870667	26759	0.1462
RETCH_p_TCGA_180_SNP_2N_GenomeWideSNP_6_D10_895854	3	193870935	197812401	1328	0.0836
RETCH_p_TCGA_180_SNP_2N_GenomeWideSNP_6_D10_895854	4	1059384	10113441	4659	-0.167
RETCH_p_TCGA_180_SNP_2N_GenomeWideSNP_6_D10_895854	4	10113497	114632220	59320	-0.1034
RETCH_p_TCGA_180_SNP_2N_GenomeWideSNP_6_D10_895854	4	114632833	117392604	1431	-0.4056
RETCH_p_TCGA_180_SNP_2N_GenomeWideSNP_6_D10_895854	4	117396201	138597397	11175	-0.0844
RETCH_p_TCGA_180_SNP_2N_GenomeWideSNP_6_D10_895854	4	138598540	155687403	9707	-0.1141
RETCH_p_TCGA_180_SNP_2N_GenomeWideSNP_6_D10_895854	4	155687418	182508352	14991	-0.093
RETCH_p_TCGA_180_SNP_2N_GenomeWideSNP_6_D10_895854	4	182509470	186253657	1222	-0.1697
RETCH_p_TCGA_180_SNP_2N_GenomeWideSNP_6_D10_895854	4	186255680	186258649	6	-2.9277
RETCH_p_TCGA_180_SNP_2N_GenomeWideSNP_6_D10_895854	4	186260138	187842528	925	-0.0894
RETCH_p_TCGA_180_SNP_2N_GenomeWideSNP_6_D10_895854	5	913983	3929882	1889	-0.1673
RETCH_p_TCGA_180_SNP_2N_GenomeWideSNP_6_D10_895854	5	3930830	172340904	94504	-0.1113
RETCH_p_TCGA_180_SNP_2N_GenomeWideSNP_6_D10_895854	5	172341111	180934240	4633	-0.1573
RETCH_p_TCGA_180_SNP_2N_GenomeWideSNP_6_D10_895854	6	1011760	5997282	3550	-0.1274
RETCH_p_TCGA_180_SNP_2N_GenomeWideSNP_6_D10_895854	6	6001484	6044046	31	-0.4985
RETCH_p_TCGA_180_SNP_2N_GenomeWideSNP_6_D10_895854	6	6045106	20428550	10203	-0.1221
RETCH_p_TCGA_180_SNP_2N_GenomeWideSNP_6_D10_895854	6	20431423	20431558	3	-1.6567
RETCH_p_TCGA_180_SNP_2N_GenomeWideSNP_6_D10_895854	6	20432498	24500300	2878	-0.1044
RETCH_p_TCGA_180_SNP_2N_GenomeWideSNP_6_D10_895854	6	24503634	44733518	9915	-0.1565
RETCH_p_TCGA_180_SNP_2N_GenomeWideSNP_6_D10_895854	6	44736955	163241432	67019	-0.1063
RETCH_p_TCGA_180_SNP_2N_GenomeWideSNP_6_D10_895854	6	163241501	163243780	3	-1.8485
RETCH_p_TCGA_180_SNP_2N_GenomeWideSNP_6_D10_895854	6	163244364	170596889	3439	-0.1215
RETCH_p_TCGA_180_SNP_2N_GenomeWideSNP_6_D10_895854	7	664936	6758397	2309	0.1019
RETCH_p_TCGA_180_SNP_2N_GenomeWideSNP_6_D10_895854	7	6764964	20662578	7679	0.1778
RETCH_p_TCGA_180_SNP_2N_GenomeWideSNP_6_D10_895854	7	20666446	51695205	20369	0.1446
RETCH_p_TCGA_180_SNP_2N_GenomeWideSNP_6_D10_895854	7	51695930	53249136	1189	0.1779
RETCH_p_TCGA_180_SNP_2N_GenomeWideSNP_6_D10_895854	7	53250694	53251092	2	-1.6205
RETCH_p_TCGA_180_SNP_2N_GenomeWideSNP_6_D10_895854	7	53253990	64380392	2229	0.1616
RETCH_p_TCGA_180_SNP_2N_GenomeWideSNP_6_D10_895854	7	64382528	77860085	5321	0.1175
RETCH_p_TCGA_180_SNP_2N_GenomeWideSNP_6_D10_895854	7	77867238	79167577	1000	0.156
RETCH_p_TCGA_180_SNP_2N_GenomeWideSNP_6_D10_895854	7	79167594	85928922	4011	0.1962
RETCH_p_TCGA_180_SNP_2N_GenomeWideSNP_6_D10_895854	7	85929062	97822590	5971	0.1539
RETCH_p_TCGA_180_SNP_2N_GenomeWideSNP_6_D10_895854	7	97823215	102807005	1791	0.0974
RETCH_p_TCGA_180_SNP_2N_GenomeWideSNP_6_D10_895854	7	102807165	127010790	13164	0.168
RETCH_p_TCGA_180_SNP_2N_GenomeWideSNP_6_D10_895854	7	127017432	133258197	3449	0.1323
RETCH_p_TCGA_180_SNP_2N_GenomeWideSNP_6_D10_895854	7	133258398	138026898	3025	0.1739
RETCH_p_TCGA_180_SNP_2N_GenomeWideSNP_6_D10_895854	7	138029100	143445480	2671	0.1214
RETCH_p_TCGA_180_SNP_2N_GenomeWideSNP_6_D10_895854	7	143447214	149364854	3159	0.169
RETCH_p_TCGA_180_SNP_2N_GenomeWideSNP_6_D10_895854	7	149365131	158592540	4678	0.1227
RETCH_p_TCGA_180_SNP_2N_GenomeWideSNP_6_D10_895854	8	667625	13211352	5644	0.1389
RETCH_p_TCGA_180_SNP_2N_GenomeWideSNP_6_D10_895854	8	13212484	17319696	2946	0.1833
RETCH_p_TCGA_180_SNP_2N_GenomeWideSNP_6_D10_895854	8	17319745	47758902	16967	0.1351
RETCH_p_TCGA_180_SNP_2N_GenomeWideSNP_6_D10_895854	8	47766760	52292931	2489	-0.1087
RETCH_p_TCGA_180_SNP_2N_GenomeWideSNP_6_D10_895854	8	52293043	57067868	2738	-0.4555
RETCH_p_TCGA_180_SNP_2N_GenomeWideSNP_6_D10_895854	8	57068741	57068859	3	-3.003
RETCH_p_TCGA_180_SNP_2N_GenomeWideSNP_6_D10_895854	8	57072340	57505472	271	-0.4363
RETCH_p_TCGA_180_SNP_2N_GenomeWideSNP_6_D10_895854	8	57505838	57506080	3	-2.1931
RETCH_p_TCGA_180_SNP_2N_GenomeWideSNP_6_D10_895854	8	57506228	66041166	5118	-0.4415
RETCH_p_TCGA_180_SNP_2N_GenomeWideSNP_6_D10_895854	8	66041788	66046052	2	-2.5985
RETCH_p_TCGA_180_SNP_2N_GenomeWideSNP_6_D10_895854	8	66050720	66154867	62	-0.4741
RETCH_p_TCGA_180_SNP_2N_GenomeWideSNP_6_D10_895854	8	66155460	66157920	5	-2.5821
RETCH_p_TCGA_180_SNP_2N_GenomeWideSNP_6_D10_895854	8	66160170	70225006	2394	-0.4412
RETCH_p_TCGA_180_SNP_2N_GenomeWideSNP_6_D10_895854	8	70227014	71093987	399	-0.1498
RETCH_p_TCGA_180_SNP_2N_GenomeWideSNP_6_D10_895854	8	71094291	94883977	13407	-0.0983
RETCH_p_TCGA_180_SNP_2N_GenomeWideSNP_6_D10_895854	8	94897270	103314067	5063	-0.1313
RETCH_p_TCGA_180_SNP_2N_GenomeWideSNP_6_D10_895854	8	103316081	122562578	11008	-0.0937
RETCH_p_TCGA_180_SNP_2N_GenomeWideSNP_6_D10_895854	8	122563002	144182542	13597	-0.131
RETCH_p_TCGA_180_SNP_2N_GenomeWideSNP_6_D10_895854	9	789794	7591099	4136	0.3727
RETCH_p_TCGA_180_SNP_2N_GenomeWideSNP_6_D10_895854	9	7595558	23829867	10792	-0.1078
RETCH_p_TCGA_180_SNP_2N_GenomeWideSNP_6_D10_895854	9	23829913	23830405	2	-2.4468
RETCH_p_TCGA_180_SNP_2N_GenomeWideSNP_6_D10_895854	9	23837321	120094538	43842	-0.1227
RETCH_p_TCGA_180_SNP_2N_GenomeWideSNP_6_D10_895854	9	120095588	138044505	9693	-0.1599
RETCH_p_TCGA_180_SNP_2N_GenomeWideSNP_6_D10_895854	10	366509	37858350	25984	0.1414
RETCH_p_TCGA_180_SNP_2N_GenomeWideSNP_6_D10_895854	10	37860847	49531164	3606	-0.1423
RETCH_p_TCGA_180_SNP_2N_GenomeWideSNP_6_D10_895854	10	49531319	67753574	10502	-0.0915
RETCH_p_TCGA_180_SNP_2N_GenomeWideSNP_6_D10_895854	10	67754201	133411599	41193	-0.1284
RETCH_p_TCGA_180_SNP_2N_GenomeWideSNP_6_D10_895854	11	456012	688804	48	-0.0582
RETCH_p_TCGA_180_SNP_2N_GenomeWideSNP_6_D10_895854	11	691029	4746285	1734	0.1005
RETCH_p_TCGA_180_SNP_2N_GenomeWideSNP_6_D10_895854	11	4750823	44706625	26566	0.1495
RETCH_p_TCGA_180_SNP_2N_GenomeWideSNP_6_D10_895854	11	44709190	50096159	2399	0.117
RETCH_p_TCGA_180_SNP_2N_GenomeWideSNP_6_D10_895854	11	50101778	69282894	5750	-0.1529
RETCH_p_TCGA_180_SNP_2N_GenomeWideSNP_6_D10_895854	11	69283448	69283578	2	-2.1276
RETCH_p_TCGA_180_SNP_2N_GenomeWideSNP_6_D10_895854	11	69283609	78819597	5007	-0.1556
RETCH_p_TCGA_180_SNP_2N_GenomeWideSNP_6_D10_895854	11	78819675	95550442	10337	-0.1056
RETCH_p_TCGA_180_SNP_2N_GenomeWideSNP_6_D10_895854	11	95550464	95553911	2	-2.0251
RETCH_p_TCGA_180_SNP_2N_GenomeWideSNP_6_D10_895854	11	95554413	110949562	9634	-0.0951
RETCH_p_TCGA_180_SNP_2N_GenomeWideSNP_6_D10_895854	11	110949641	134272740	16167	-0.138
RETCH_p_TCGA_180_SNP_2N_GenomeWideSNP_6_D10_895854	12	780472	13798833	7385	-0.1476
RETCH_p_TCGA_180_SNP_2N_GenomeWideSNP_6_D10_895854	12	13798866	16147976	1345	-0.0936
RETCH_p_TCGA_180_SNP_2N_GenomeWideSNP_6_D10_895854	12	16148638	16211963	57	-0.4126
RETCH_p_TCGA_180_SNP_2N_GenomeWideSNP_6_D10_895854	12	16215769	47116936	15520	-0.1081
RETCH_p_TCGA_180_SNP_2N_GenomeWideSNP_6_D10_895854	12	47119014	58288882	5797	-0.1445
RETCH_p_TCGA_180_SNP_2N_GenomeWideSNP_6_D10_895854	12	58291263	78928684	12897	-0.0962
RETCH_p_TCGA_180_SNP_2N_GenomeWideSNP_6_D10_895854	12	78929581	78929660	2	-2.0124
RETCH_p_TCGA_180_SNP_2N_GenomeWideSNP_6_D10_895854	12	78929722	91522660	7233	-0.0844
RETCH_p_TCGA_180_SNP_2N_GenomeWideSNP_6_D10_895854	12	91522930	93336615	1186	-0.1241
RETCH_p_TCGA_180_SNP_2N_GenomeWideSNP_6_D10_895854	12	93338536	93340674	3	-2.5002
RETCH_p_TCGA_180_SNP_2N_GenomeWideSNP_6_D10_895854	12	93341160	132605822	22852	-0.1336
RETCH_p_TCGA_180_SNP_2N_GenomeWideSNP_6_D10_895854	13	18874255	28004611	5090	-0.4687
RETCH_p_TCGA_180_SNP_2N_GenomeWideSNP_6_D10_895854	13	28010398	28012083	4	-3.9626
RETCH_p_TCGA_180_SNP_2N_GenomeWideSNP_6_D10_895854	13	28012218	53787244	15950	-0.443
RETCH_p_TCGA_180_SNP_2N_GenomeWideSNP_6_D10_895854	13	53788489	54105373	181	-0.3636
RETCH_p_TCGA_180_SNP_2N_GenomeWideSNP_6_D10_895854	13	54105729	54111033	3	-2.1289
RETCH_p_TCGA_180_SNP_2N_GenomeWideSNP_6_D10_895854	13	54111080	65458912	5287	-0.4012
RETCH_p_TCGA_180_SNP_2N_GenomeWideSNP_6_D10_895854	13	65458993	65461373	2	-2.5185
RETCH_p_TCGA_180_SNP_2N_GenomeWideSNP_6_D10_895854	13	65462148	94196357	17243	-0.4087
RETCH_p_TCGA_180_SNP_2N_GenomeWideSNP_6_D10_895854	13	94197580	94326480	100	-0.5446
RETCH_p_TCGA_180_SNP_2N_GenomeWideSNP_6_D10_895854	13	94326518	110228712	10854	-0.4495
RETCH_p_TCGA_180_SNP_2N_GenomeWideSNP_6_D10_895854	13	110228738	114226675	2062	-0.5272
RETCH_p_TCGA_180_SNP_2N_GenomeWideSNP_6_D10_895854	14	20033191	25698932	2592	-0.1431
RETCH_p_TCGA_180_SNP_2N_GenomeWideSNP_6_D10_895854	14	25699030	29770303	2225	-0.0775
RETCH_p_TCGA_180_SNP_2N_GenomeWideSNP_6_D10_895854	14	29773779	39712981	6026	-0.1169
RETCH_p_TCGA_180_SNP_2N_GenomeWideSNP_6_D10_895854	14	39714081	49459689	4333	-0.0775
RETCH_p_TCGA_180_SNP_2N_GenomeWideSNP_6_D10_895854	14	49462709	51818074	1453	-0.1263
RETCH_p_TCGA_180_SNP_2N_GenomeWideSNP_6_D10_895854	14	51818254	51819556	3	-2.2182
RETCH_p_TCGA_180_SNP_2N_GenomeWideSNP_6_D10_895854	14	51819652	79531728	17304	-0.1322
RETCH_p_TCGA_180_SNP_2N_GenomeWideSNP_6_D10_895854	14	79532109	87543280	5147	-0.0945
RETCH_p_TCGA_180_SNP_2N_GenomeWideSNP_6_D10_895854	14	87545363	105533894	10641	-0.1516
RETCH_p_TCGA_180_SNP_2N_GenomeWideSNP_6_D10_895854	15	23437561	59117771	19349	-0.124
RETCH_p_TCGA_180_SNP_2N_GenomeWideSNP_6_D10_895854	15	59121159	93091219	20596	-0.147
RETCH_p_TCGA_180_SNP_2N_GenomeWideSNP_6_D10_895854	15	93091369	101344124	4783	-0.1244
RETCH_p_TCGA_180_SNP_2N_GenomeWideSNP_6_D10_895854	16	603333	13821950	7768	-0.156
RETCH_p_TCGA_180_SNP_2N_GenomeWideSNP_6_D10_895854	16	13822505	13825378	3	-2.3809
RETCH_p_TCGA_180_SNP_2N_GenomeWideSNP_6_D10_895854	16	13825670	58894054	14391	-0.1448
RETCH_p_TCGA_180_SNP_2N_GenomeWideSNP_6_D10_895854	16	58894390	65847351	4495	-0.0945
RETCH_p_TCGA_180_SNP_2N_GenomeWideSNP_6_D10_895854	16	65847477	89317317	14502	-0.1484
RETCH_p_TCGA_180_SNP_2N_GenomeWideSNP_6_D10_895854	17	1074619	82959812	37252	-0.1547
RETCH_p_TCGA_180_SNP_2N_GenomeWideSNP_6_D10_895854	18	326691	9094402	4968	0.1771
RETCH_p_TCGA_180_SNP_2N_GenomeWideSNP_6_D10_895854	18	9095862	9106109	2	1.8404
RETCH_p_TCGA_180_SNP_2N_GenomeWideSNP_6_D10_895854	18	9108128	14648458	3308	0.1639
RETCH_p_TCGA_180_SNP_2N_GenomeWideSNP_6_D10_895854	18	14653029	65226634	27629	-0.1206
RETCH_p_TCGA_180_SNP_2N_GenomeWideSNP_6_D10_895854	18	65226694	69845161	2398	-0.0618
RETCH_p_TCGA_180_SNP_2N_GenomeWideSNP_6_D10_895854	18	69847828	79349796	4594	-0.1226
RETCH_p_TCGA_180_SNP_2N_GenomeWideSNP_6_D10_895854	19	283868	19789129	7729	0.277
RETCH_p_TCGA_180_SNP_2N_GenomeWideSNP_6_D10_895854	19	19793009	23870190	1367	0.3461
RETCH_p_TCGA_180_SNP_2N_GenomeWideSNP_6_D10_895854	19	23872082	38198231	6679	-0.1433
RETCH_p_TCGA_180_SNP_2N_GenomeWideSNP_6_D10_895854	19	38214502	56470182	7345	-0.1879
RETCH_p_TCGA_180_SNP_2N_GenomeWideSNP_6_D10_895854	19	56472596	58370362	1068	-0.1372
RETCH_p_TCGA_180_SNP_2N_GenomeWideSNP_6_D10_895854	20	472817	6860104	3996	0.3213
RETCH_p_TCGA_180_SNP_2N_GenomeWideSNP_6_D10_895854	20	6860800	16846685	6606	0.3708
RETCH_p_TCGA_180_SNP_2N_GenomeWideSNP_6_D10_895854	20	16846907	35251811	8320	0.3238
RETCH_p_TCGA_180_SNP_2N_GenomeWideSNP_6_D10_895854	20	35252136	37452815	1076	0.2596
RETCH_p_TCGA_180_SNP_2N_GenomeWideSNP_6_D10_895854	20	37453393	51362368	9192	0.324
RETCH_p_TCGA_180_SNP_2N_GenomeWideSNP_6_D10_895854	20	51367015	63588502	8414	0.0027
RETCH_p_TCGA_180_SNP_2N_GenomeWideSNP_6_D10_895854	21	13974127	30707396	10789	-0.0907
RETCH_p_TCGA_180_SNP_2N_GenomeWideSNP_6_D10_895854	21	30879355	43770767	8913	-0.1445
RETCH_p_TCGA_180_SNP_2N_GenomeWideSNP_6_D10_895854	21	43771124	43771258	2	-2.2948
RETCH_p_TCGA_180_SNP_2N_GenomeWideSNP_6_D10_895854	21	43773592	46262057	1052	-0.1761
RETCH_p_TCGA_180_SNP_2N_GenomeWideSNP_6_D10_895854	22	16934932	48940621	17089	0.3241
RETCH_p_TCGA_180_SNP_2N_GenomeWideSNP_6_D10_895854	X	3236359	129629483	52497	0.0414
RETCH_p_TCGA_180_SNP_2N_GenomeWideSNP_6_D10_895854	X	129629606	129633406	5	-3.24
RETCH_p_TCGA_180_SNP_2N_GenomeWideSNP_6_D10_895854	X	129633678	141216307	4921	0.0248
RETCH_p_TCGA_180_SNP_2N_GenomeWideSNP_6_D10_895854	X	141216427	141217666	2	-4.4189
RETCH_p_TCGA_180_SNP_2N_GenomeWideSNP_6_D10_895854	X	141217970	143480091	955	0.0252
RETCH_p_TCGA_180_SNP_2N_GenomeWideSNP_6_D10_895854	X	143480312	143481084	3	-3.3669
RETCH_p_TCGA_180_SNP_2N_GenomeWideSNP_6_D10_895854	X	143482033	146044778	1504	0.0648
RETCH_p_TCGA_180_SNP_2N_GenomeWideSNP_6_D10_895854	X	146054526	146085353	36	-0.6064
RETCH_p_TCGA_180_SNP_2N_GenomeWideSNP_6_D10_895854	X	146085731	147249345	716	0.0444
RETCH_p_TCGA_180_SNP_2N_GenomeWideSNP_6_D10_895854	X	147249828	148911708	981	-0.9912
RETCH_p_TCGA_180_SNP_2N_GenomeWideSNP_6_D10_895854	X	148912426	149014875	84	-0.0097
RETCH_p_TCGA_180_SNP_2N_GenomeWideSNP_6_D10_895854	X	149014889	149014997	2	-4.7653
RETCH_p_TCGA_180_SNP_2N_GenomeWideSNP_6_D10_895854	X	149017638	153558270	1894	0.0148
RETCH_p_TCGA_180_SNP_2N_GenomeWideSNP_6_D10_895854	X	153559975	153568278	2	-5.1217
RETCH_p_TCGA_180_SNP_2N_GenomeWideSNP_6_D10_895854	X	153568702	155677414	345	-0.0593
