Sample	Chromosome	Start	End	Num_Probes	Segment_Mean
RAZEE_p_TCGA_277_b2_N_GenomeWideSNP_6_B08_1320966	1	3301765	3350785	40	0.0301
RAZEE_p_TCGA_277_b2_N_GenomeWideSNP_6_B08_1320966	1	3362395	45649343	22803	-0.0836
RAZEE_p_TCGA_277_b2_N_GenomeWideSNP_6_B08_1320966	1	45653679	83838211	23428	-0.065
RAZEE_p_TCGA_277_b2_N_GenomeWideSNP_6_B08_1320966	1	83842808	84096582	167	0.1873
RAZEE_p_TCGA_277_b2_N_GenomeWideSNP_6_B08_1320966	1	84096595	119984772	21590	-0.068
RAZEE_p_TCGA_277_b2_N_GenomeWideSNP_6_B08_1320966	1	149906351	247650984	61638	0.3385
RAZEE_p_TCGA_277_b2_N_GenomeWideSNP_6_B08_1320966	2	480597	241537572	131958	-0.0645
RAZEE_p_TCGA_277_b2_N_GenomeWideSNP_6_B08_1320966	3	2170634	197812401	106978	-0.0716
RAZEE_p_TCGA_277_b2_N_GenomeWideSNP_6_B08_1320966	4	1059384	187842528	103338	-0.0635
RAZEE_p_TCGA_277_b2_N_GenomeWideSNP_6_B08_1320966	5	913983	21926325	12967	0.0606
RAZEE_p_TCGA_277_b2_N_GenomeWideSNP_6_B08_1320966	5	21926409	29000994	3707	0.0346
RAZEE_p_TCGA_277_b2_N_GenomeWideSNP_6_B08_1320966	5	29001238	33933215	3299	0.0726
RAZEE_p_TCGA_277_b2_N_GenomeWideSNP_6_B08_1320966	5	33933670	59180291	11487	-0.0709
RAZEE_p_TCGA_277_b2_N_GenomeWideSNP_6_B08_1320966	5	59180588	59616608	311	-0.3043
RAZEE_p_TCGA_277_b2_N_GenomeWideSNP_6_B08_1320966	5	59624230	180914895	69194	-0.0706
RAZEE_p_TCGA_277_b2_N_GenomeWideSNP_6_B08_1320966	5	180919084	180934240	8	0.1507
RAZEE_p_TCGA_277_b2_N_GenomeWideSNP_6_B08_1320966	6	1011760	135014291	75839	0.1563
RAZEE_p_TCGA_277_b2_N_GenomeWideSNP_6_B08_1320966	6	135021116	135022100	2	-1.3906
RAZEE_p_TCGA_277_b2_N_GenomeWideSNP_6_B08_1320966	6	135028432	170596889	21254	0.1654
RAZEE_p_TCGA_277_b2_N_GenomeWideSNP_6_B08_1320966	7	664936	158592540	81947	0.1566
RAZEE_p_TCGA_277_b2_N_GenomeWideSNP_6_B08_1320966	8	667625	35729403	21089	0.0968
RAZEE_p_TCGA_277_b2_N_GenomeWideSNP_6_B08_1320966	8	35733630	35751084	12	-0.469
RAZEE_p_TCGA_277_b2_N_GenomeWideSNP_6_B08_1320966	8	35757614	109039681	39395	0.098
RAZEE_p_TCGA_277_b2_N_GenomeWideSNP_6_B08_1320966	8	109043458	109046330	2	-1.2083
RAZEE_p_TCGA_277_b2_N_GenomeWideSNP_6_B08_1320966	8	109046822	144182542	21596	0.0977
RAZEE_p_TCGA_277_b2_N_GenomeWideSNP_6_B08_1320966	9	789794	90408153	38884	-0.3356
RAZEE_p_TCGA_277_b2_N_GenomeWideSNP_6_B08_1320966	9	90411363	90411888	3	-1.9434
RAZEE_p_TCGA_277_b2_N_GenomeWideSNP_6_B08_1320966	9	90419142	114146866	15209	-0.3298
RAZEE_p_TCGA_277_b2_N_GenomeWideSNP_6_B08_1320966	9	114151437	114153583	4	-2.2
RAZEE_p_TCGA_277_b2_N_GenomeWideSNP_6_B08_1320966	9	114157472	138044505	14167	-0.3417
RAZEE_p_TCGA_277_b2_N_GenomeWideSNP_6_B08_1320966	10	366509	6315474	3911	-0.3454
RAZEE_p_TCGA_277_b2_N_GenomeWideSNP_6_B08_1320966	10	6316141	6316252	2	-2.2333
RAZEE_p_TCGA_277_b2_N_GenomeWideSNP_6_B08_1320966	10	6316355	50895741	25872	-0.336
RAZEE_p_TCGA_277_b2_N_GenomeWideSNP_6_B08_1320966	10	50910047	51090433	132	0.1437
RAZEE_p_TCGA_277_b2_N_GenomeWideSNP_6_B08_1320966	10	51090622	54744377	2630	-0.3441
RAZEE_p_TCGA_277_b2_N_GenomeWideSNP_6_B08_1320966	10	54744613	55145308	195	-0.7051
RAZEE_p_TCGA_277_b2_N_GenomeWideSNP_6_B08_1320966	10	55145471	133411599	48358	-0.3352
RAZEE_p_TCGA_277_b2_N_GenomeWideSNP_6_B08_1320966	11	456012	37886844	23859	-0.0706
RAZEE_p_TCGA_277_b2_N_GenomeWideSNP_6_B08_1320966	11	37887390	78437442	17327	-0.0894
RAZEE_p_TCGA_277_b2_N_GenomeWideSNP_6_B08_1320966	11	78444935	134272740	36361	-0.0676
RAZEE_p_TCGA_277_b2_N_GenomeWideSNP_6_B08_1320966	12	780472	44712517	22947	0.0973
RAZEE_p_TCGA_277_b2_N_GenomeWideSNP_6_B08_1320966	12	44714401	132605822	51355	-0.0419
RAZEE_p_TCGA_277_b2_N_GenomeWideSNP_6_B08_1320966	13	18874255	43505416	15604	0.152
RAZEE_p_TCGA_277_b2_N_GenomeWideSNP_6_B08_1320966	13	43507021	43521741	18	1.0467
RAZEE_p_TCGA_277_b2_N_GenomeWideSNP_6_B08_1320966	13	43529594	114226675	41342	0.1469
RAZEE_p_TCGA_277_b2_N_GenomeWideSNP_6_B08_1320966	14	20033191	105533894	49705	-0.0718
RAZEE_p_TCGA_277_b2_N_GenomeWideSNP_6_B08_1320966	15	23437561	56491027	17774	-0.0721
RAZEE_p_TCGA_277_b2_N_GenomeWideSNP_6_B08_1320966	15	56521208	56530205	7	-0.9507
RAZEE_p_TCGA_277_b2_N_GenomeWideSNP_6_B08_1320966	15	56535305	101344124	26946	-0.0746
RAZEE_p_TCGA_277_b2_N_GenomeWideSNP_6_B08_1320966	16	603333	89317317	41210	0.1412
RAZEE_p_TCGA_277_b2_N_GenomeWideSNP_6_B08_1320966	17	1074619	7986137	3332	0.1159
RAZEE_p_TCGA_277_b2_N_GenomeWideSNP_6_B08_1320966	17	7989475	7989856	2	-1.9886
RAZEE_p_TCGA_277_b2_N_GenomeWideSNP_6_B08_1320966	17	7994460	65657388	25013	0.1339
RAZEE_p_TCGA_277_b2_N_GenomeWideSNP_6_B08_1320966	17	65659384	65659643	2	-1.2471
RAZEE_p_TCGA_277_b2_N_GenomeWideSNP_6_B08_1320966	17	65659843	80170232	7945	0.138
RAZEE_p_TCGA_277_b2_N_GenomeWideSNP_6_B08_1320966	17	80178061	80178715	2	-1.0113
RAZEE_p_TCGA_277_b2_N_GenomeWideSNP_6_B08_1320966	17	80179398	82959812	1004	0.1146
RAZEE_p_TCGA_277_b2_N_GenomeWideSNP_6_B08_1320966	18	326691	79349796	42909	0.1515
RAZEE_p_TCGA_277_b2_N_GenomeWideSNP_6_B08_1320966	19	283868	21331739	7909	0.0988
RAZEE_p_TCGA_277_b2_N_GenomeWideSNP_6_B08_1320966	19	21332705	35606959	6654	0.1243
RAZEE_p_TCGA_277_b2_N_GenomeWideSNP_6_B08_1320966	19	35608642	58370362	9660	0.0997
RAZEE_p_TCGA_277_b2_N_GenomeWideSNP_6_B08_1320966	20	472817	6231723	3471	0.265
RAZEE_p_TCGA_277_b2_N_GenomeWideSNP_6_B08_1320966	20	6232611	23207054	11981	0.294
RAZEE_p_TCGA_277_b2_N_GenomeWideSNP_6_B08_1320966	20	23207303	51982877	14133	0.2729
RAZEE_p_TCGA_277_b2_N_GenomeWideSNP_6_B08_1320966	20	51989590	51989790	3	-1.1992
RAZEE_p_TCGA_277_b2_N_GenomeWideSNP_6_B08_1320966	20	51990222	58627693	4879	0.2836
RAZEE_p_TCGA_277_b2_N_GenomeWideSNP_6_B08_1320966	20	58627947	58628122	2	-0.8917
RAZEE_p_TCGA_277_b2_N_GenomeWideSNP_6_B08_1320966	20	58628123	63588502	3107	0.2694
RAZEE_p_TCGA_277_b2_N_GenomeWideSNP_6_B08_1320966	21	13974127	46262057	20762	0.1132
RAZEE_p_TCGA_277_b2_N_GenomeWideSNP_6_B08_1320966	22	16934932	48940621	17055	-0.0833
RAZEE_p_TCGA_277_b2_N_GenomeWideSNP_6_B08_1320966	X	3236359	119833213	47856	0
RAZEE_p_TCGA_277_b2_N_GenomeWideSNP_6_B08_1320966	X	119834228	119834439	2	-3.4334
RAZEE_p_TCGA_277_b2_N_GenomeWideSNP_6_B08_1320966	X	119834476	137291142	7915	0.0076
RAZEE_p_TCGA_277_b2_N_GenomeWideSNP_6_B08_1320966	X	137291555	137291623	3	-2.256
RAZEE_p_TCGA_277_b2_N_GenomeWideSNP_6_B08_1320966	X	137292302	155677414	8275	0.0062
