Sample	Chromosome	Start	End	Num_Probes	Segment_Mean
RAZEE_p_TCGA_277_b2_N_GenomeWideSNP_6_E06_1320932	1	3301765	13778803	5577	0.0603
RAZEE_p_TCGA_277_b2_N_GenomeWideSNP_6_E06_1320932	1	13778888	13782619	2	-1.6086
RAZEE_p_TCGA_277_b2_N_GenomeWideSNP_6_E06_1320932	1	13786254	46933071	17777	0.0634
RAZEE_p_TCGA_277_b2_N_GenomeWideSNP_6_E06_1320932	1	46937166	78235081	19599	0.087
RAZEE_p_TCGA_277_b2_N_GenomeWideSNP_6_E06_1320932	1	78239470	78254753	12	-0.7677
RAZEE_p_TCGA_277_b2_N_GenomeWideSNP_6_E06_1320932	1	78262216	90358106	7572	0.0974
RAZEE_p_TCGA_277_b2_N_GenomeWideSNP_6_E06_1320932	1	90359094	90370379	15	-0.7546
RAZEE_p_TCGA_277_b2_N_GenomeWideSNP_6_E06_1320932	1	90371181	247650984	79165	0.0854
RAZEE_p_TCGA_277_b2_N_GenomeWideSNP_6_E06_1320932	2	480597	77520409	45530	0.0806
RAZEE_p_TCGA_277_b2_N_GenomeWideSNP_6_E06_1320932	2	77520543	77521469	2	-1.8402
RAZEE_p_TCGA_277_b2_N_GenomeWideSNP_6_E06_1320932	2	77523356	131583751	23498	0.0809
RAZEE_p_TCGA_277_b2_N_GenomeWideSNP_6_E06_1320932	2	131585766	131588740	2	-1.8381
RAZEE_p_TCGA_277_b2_N_GenomeWideSNP_6_E06_1320932	2	131589090	142032832	5659	0.0732
RAZEE_p_TCGA_277_b2_N_GenomeWideSNP_6_E06_1320932	2	142034039	142146026	73	0.564
RAZEE_p_TCGA_277_b2_N_GenomeWideSNP_6_E06_1320932	2	142147129	241537572	57332	0.0851
RAZEE_p_TCGA_277_b2_N_GenomeWideSNP_6_E06_1320932	3	2170634	45589145	25935	0.0868
RAZEE_p_TCGA_277_b2_N_GenomeWideSNP_6_E06_1320932	3	45590729	52928282	3175	0.0474
RAZEE_p_TCGA_277_b2_N_GenomeWideSNP_6_E06_1320932	3	52928472	197812401	78014	0.0904
RAZEE_p_TCGA_277_b2_N_GenomeWideSNP_6_E06_1320932	4	1059384	79072668	43773	0.0904
RAZEE_p_TCGA_277_b2_N_GenomeWideSNP_6_E06_1320932	4	79072883	79079627	2	-1.6566
RAZEE_p_TCGA_277_b2_N_GenomeWideSNP_6_E06_1320932	4	79080556	91262950	7176	0.1029
RAZEE_p_TCGA_277_b2_N_GenomeWideSNP_6_E06_1320932	4	91267480	91336440	51	0.6055
RAZEE_p_TCGA_277_b2_N_GenomeWideSNP_6_E06_1320932	4	91338334	95619893	2233	0.0961
RAZEE_p_TCGA_277_b2_N_GenomeWideSNP_6_E06_1320932	4	95620142	95623840	2	-2.001
RAZEE_p_TCGA_277_b2_N_GenomeWideSNP_6_E06_1320932	4	95624642	187842528	50230	0.0964
RAZEE_p_TCGA_277_b2_N_GenomeWideSNP_6_E06_1320932	5	913983	180934240	101064	0.0937
RAZEE_p_TCGA_277_b2_N_GenomeWideSNP_6_E06_1320932	6	1011760	29334253	18665	0.0925
RAZEE_p_TCGA_277_b2_N_GenomeWideSNP_6_E06_1320932	6	29334616	44540668	7774	0.0694
RAZEE_p_TCGA_277_b2_N_GenomeWideSNP_6_E06_1320932	6	44543043	61524627	7695	0.0985
RAZEE_p_TCGA_277_b2_N_GenomeWideSNP_6_E06_1320932	6	61524628	63650685	983	-0.0238
RAZEE_p_TCGA_277_b2_N_GenomeWideSNP_6_E06_1320932	6	63651759	64513771	400	-0.1972
RAZEE_p_TCGA_277_b2_N_GenomeWideSNP_6_E06_1320932	6	64518013	64576766	36	-0.0658
RAZEE_p_TCGA_277_b2_N_GenomeWideSNP_6_E06_1320932	6	64578739	65873494	701	-0.3235
RAZEE_p_TCGA_277_b2_N_GenomeWideSNP_6_E06_1320932	6	65873598	68798798	1730	-0.484
RAZEE_p_TCGA_277_b2_N_GenomeWideSNP_6_E06_1320932	6	68799306	70483834	1031	-0.3892
RAZEE_p_TCGA_277_b2_N_GenomeWideSNP_6_E06_1320932	6	70484052	73085113	1499	-0.4595
RAZEE_p_TCGA_277_b2_N_GenomeWideSNP_6_E06_1320932	6	73086484	76395729	1887	-0.2132
RAZEE_p_TCGA_277_b2_N_GenomeWideSNP_6_E06_1320932	6	76405808	111999327	19763	-0.6594
RAZEE_p_TCGA_277_b2_N_GenomeWideSNP_6_E06_1320932	6	111999500	112000828	2	-3.0808
RAZEE_p_TCGA_277_b2_N_GenomeWideSNP_6_E06_1320932	6	112002543	156857295	27422	-0.6623
RAZEE_p_TCGA_277_b2_N_GenomeWideSNP_6_E06_1320932	6	156857486	170327464	6979	-0.712
RAZEE_p_TCGA_277_b2_N_GenomeWideSNP_6_E06_1320932	6	170327485	170407993	59	-0.5464
RAZEE_p_TCGA_277_b2_N_GenomeWideSNP_6_E06_1320932	6	170408127	170463164	30	-0.9199
RAZEE_p_TCGA_277_b2_N_GenomeWideSNP_6_E06_1320932	6	170470668	170596889	91	-0.5896
RAZEE_p_TCGA_277_b2_N_GenomeWideSNP_6_E06_1320932	7	664936	35529253	19867	0.094
RAZEE_p_TCGA_277_b2_N_GenomeWideSNP_6_E06_1320932	7	35534141	35535593	2	-1.685
RAZEE_p_TCGA_277_b2_N_GenomeWideSNP_6_E06_1320932	7	35538306	157757146	61765	0.0905
RAZEE_p_TCGA_277_b2_N_GenomeWideSNP_6_E06_1320932	7	157757953	157758666	2	-1.4598
RAZEE_p_TCGA_277_b2_N_GenomeWideSNP_6_E06_1320932	7	157769797	158592540	309	0.0321
RAZEE_p_TCGA_277_b2_N_GenomeWideSNP_6_E06_1320932	8	667625	43080575	24848	-0.6914
RAZEE_p_TCGA_277_b2_N_GenomeWideSNP_6_E06_1320932	8	46547532	107751468	34771	0.0892
RAZEE_p_TCGA_277_b2_N_GenomeWideSNP_6_E06_1320932	8	107751547	107755331	4	-1.3082
RAZEE_p_TCGA_277_b2_N_GenomeWideSNP_6_E06_1320932	8	107756119	144182542	22277	0.0817
RAZEE_p_TCGA_277_b2_N_GenomeWideSNP_6_E06_1320932	9	789794	9857419	5621	0.0858
RAZEE_p_TCGA_277_b2_N_GenomeWideSNP_6_E06_1320932	9	9859571	9863477	13	-0.6032
RAZEE_p_TCGA_277_b2_N_GenomeWideSNP_6_E06_1320932	9	9865816	21959052	8019	0.0982
RAZEE_p_TCGA_277_b2_N_GenomeWideSNP_6_E06_1320932	9	21963431	22067417	84	-0.5732
RAZEE_p_TCGA_277_b2_N_GenomeWideSNP_6_E06_1320932	9	22069145	26081432	2480	0.0775
RAZEE_p_TCGA_277_b2_N_GenomeWideSNP_6_E06_1320932	9	26083913	26097293	12	-0.8929
RAZEE_p_TCGA_277_b2_N_GenomeWideSNP_6_E06_1320932	9	26098845	138044505	52227	0.0797
RAZEE_p_TCGA_277_b2_N_GenomeWideSNP_6_E06_1320932	10	366509	13889858	9639	-0.6995
RAZEE_p_TCGA_277_b2_N_GenomeWideSNP_6_E06_1320932	10	13892839	13909006	10	0.2413
RAZEE_p_TCGA_277_b2_N_GenomeWideSNP_6_E06_1320932	10	13909838	13984870	87	0.5511
RAZEE_p_TCGA_277_b2_N_GenomeWideSNP_6_E06_1320932	10	13984913	14162171	173	0.0952
RAZEE_p_TCGA_277_b2_N_GenomeWideSNP_6_E06_1320932	10	14165978	24194534	6917	-0.6609
RAZEE_p_TCGA_277_b2_N_GenomeWideSNP_6_E06_1320932	10	24200540	24203963	4	-3.409
RAZEE_p_TCGA_277_b2_N_GenomeWideSNP_6_E06_1320932	10	24204108	42877070	9450	-0.6551
RAZEE_p_TCGA_277_b2_N_GenomeWideSNP_6_E06_1320932	10	42878547	42880198	2	-3.1991
RAZEE_p_TCGA_277_b2_N_GenomeWideSNP_6_E06_1320932	10	42881633	42909051	23	-0.4894
RAZEE_p_TCGA_277_b2_N_GenomeWideSNP_6_E06_1320932	10	42912641	43057447	87	0.0911
RAZEE_p_TCGA_277_b2_N_GenomeWideSNP_6_E06_1320932	10	43062355	43090153	17	-0.7989
RAZEE_p_TCGA_277_b2_N_GenomeWideSNP_6_E06_1320932	10	43090212	43142025	106	0.0513
RAZEE_p_TCGA_277_b2_N_GenomeWideSNP_6_E06_1320932	10	43144239	79117529	20319	-0.6793
RAZEE_p_TCGA_277_b2_N_GenomeWideSNP_6_E06_1320932	10	79118462	79120694	5	-4.5576
RAZEE_p_TCGA_277_b2_N_GenomeWideSNP_6_E06_1320932	10	79121143	83659391	2662	-0.6786
RAZEE_p_TCGA_277_b2_N_GenomeWideSNP_6_E06_1320932	10	83662374	83664346	2	-3.571
RAZEE_p_TCGA_277_b2_N_GenomeWideSNP_6_E06_1320932	10	83664831	86290839	1897	-0.6865
RAZEE_p_TCGA_277_b2_N_GenomeWideSNP_6_E06_1320932	10	86291346	86292510	5	-3.2232
RAZEE_p_TCGA_277_b2_N_GenomeWideSNP_6_E06_1320932	10	86292547	121121180	21657	-0.672
RAZEE_p_TCGA_277_b2_N_GenomeWideSNP_6_E06_1320932	10	121127207	121127382	2	-4.0833
RAZEE_p_TCGA_277_b2_N_GenomeWideSNP_6_E06_1320932	10	121127533	133411599	7501	-0.7162
RAZEE_p_TCGA_277_b2_N_GenomeWideSNP_6_E06_1320932	11	456012	16852134	10116	0.0704
RAZEE_p_TCGA_277_b2_N_GenomeWideSNP_6_E06_1320932	11	16852252	36739651	13484	0.0913
RAZEE_p_TCGA_277_b2_N_GenomeWideSNP_6_E06_1320932	11	36739761	62523247	10615	0.0719
RAZEE_p_TCGA_277_b2_N_GenomeWideSNP_6_E06_1320932	11	62524244	76728024	6141	0.0517
RAZEE_p_TCGA_277_b2_N_GenomeWideSNP_6_E06_1320932	11	76728063	96471808	12152	0.0844
RAZEE_p_TCGA_277_b2_N_GenomeWideSNP_6_E06_1320932	11	96473562	96474442	2	-1.5956
RAZEE_p_TCGA_277_b2_N_GenomeWideSNP_6_E06_1320932	11	96479281	134272740	25124	0.087
RAZEE_p_TCGA_277_b2_N_GenomeWideSNP_6_E06_1320932	12	780472	132605822	74349	0.0861
RAZEE_p_TCGA_277_b2_N_GenomeWideSNP_6_E06_1320932	13	18874255	114226675	56975	0.0896
RAZEE_p_TCGA_277_b2_N_GenomeWideSNP_6_E06_1320932	14	20033191	105533894	49746	0.0853
RAZEE_p_TCGA_277_b2_N_GenomeWideSNP_6_E06_1320932	15	23437561	38987798	7644	0.0865
RAZEE_p_TCGA_277_b2_N_GenomeWideSNP_6_E06_1320932	15	38987902	55505650	9588	0.052
RAZEE_p_TCGA_277_b2_N_GenomeWideSNP_6_E06_1320932	15	55510735	101344124	27536	0.0807
RAZEE_p_TCGA_277_b2_N_GenomeWideSNP_6_E06_1320932	16	603333	89317317	41201	0.0782
RAZEE_p_TCGA_277_b2_N_GenomeWideSNP_6_E06_1320932	17	1074619	8291469	3459	0.0513
RAZEE_p_TCGA_277_b2_N_GenomeWideSNP_6_E06_1320932	17	8297754	16374264	4356	0.0904
RAZEE_p_TCGA_277_b2_N_GenomeWideSNP_6_E06_1320932	17	16374462	51951873	12854	0.0584
RAZEE_p_TCGA_277_b2_N_GenomeWideSNP_6_E06_1320932	17	51952308	72396939	12133	0.0792
RAZEE_p_TCGA_277_b2_N_GenomeWideSNP_6_E06_1320932	17	72399974	82959812	4485	0.045
RAZEE_p_TCGA_277_b2_N_GenomeWideSNP_6_E06_1320932	18	326691	79349796	42905	0.0898
RAZEE_p_TCGA_277_b2_N_GenomeWideSNP_6_E06_1320932	19	283868	21066623	7752	0.0344
RAZEE_p_TCGA_277_b2_N_GenomeWideSNP_6_E06_1320932	19	21066852	34620807	6164	0.0782
RAZEE_p_TCGA_277_b2_N_GenomeWideSNP_6_E06_1320932	19	34620964	58370362	10285	0.0448
RAZEE_p_TCGA_277_b2_N_GenomeWideSNP_6_E06_1320932	20	472817	6241458	3474	0.0606
RAZEE_p_TCGA_277_b2_N_GenomeWideSNP_6_E06_1320932	20	6241593	22857651	11683	0.0882
RAZEE_p_TCGA_277_b2_N_GenomeWideSNP_6_E06_1320932	20	22858010	63588502	22396	0.0651
RAZEE_p_TCGA_277_b2_N_GenomeWideSNP_6_E06_1320932	21	13974127	14732784	486	0.0594
RAZEE_p_TCGA_277_b2_N_GenomeWideSNP_6_E06_1320932	21	14743272	31991881	11065	0.0942
RAZEE_p_TCGA_277_b2_N_GenomeWideSNP_6_E06_1320932	21	31992308	46262057	9209	0.0669
RAZEE_p_TCGA_277_b2_N_GenomeWideSNP_6_E06_1320932	22	16934932	48940621	17061	0.0599
RAZEE_p_TCGA_277_b2_N_GenomeWideSNP_6_E06_1320932	X	3236359	153550533	63963	0.0014
RAZEE_p_TCGA_277_b2_N_GenomeWideSNP_6_E06_1320932	X	153557872	153588676	17	-0.7669
RAZEE_p_TCGA_277_b2_N_GenomeWideSNP_6_E06_1320932	X	153593676	155677414	334	0.0153
