Sample	Chromosome	Start	End	Num_Probes	Segment_Mean
COMMY_p_TCGA_194_198_SNP_N_GenomeWideSNP_6_F06_955532	1	3301765	39557105	19517	0.0473
COMMY_p_TCGA_194_198_SNP_N_GenomeWideSNP_6_F06_955532	1	39559408	39560301	2	-1.5765
COMMY_p_TCGA_194_198_SNP_N_GenomeWideSNP_6_F06_955532	1	39561792	66786659	16904	0.0603
COMMY_p_TCGA_194_198_SNP_N_GenomeWideSNP_6_F06_955532	1	66790042	66838166	33	-0.6098
COMMY_p_TCGA_194_198_SNP_N_GenomeWideSNP_6_F06_955532	1	66843624	68664073	1269	0.0861
COMMY_p_TCGA_194_198_SNP_N_GenomeWideSNP_6_F06_955532	1	68666245	75580279	3624	0.043
COMMY_p_TCGA_194_198_SNP_N_GenomeWideSNP_6_F06_955532	1	75583982	79844400	2511	0.0844
COMMY_p_TCGA_194_198_SNP_N_GenomeWideSNP_6_F06_955532	1	79845273	82680482	1801	0.0072
COMMY_p_TCGA_194_198_SNP_N_GenomeWideSNP_6_F06_955532	1	82681547	96445912	8675	0.0801
COMMY_p_TCGA_194_198_SNP_N_GenomeWideSNP_6_F06_955532	1	96447782	179972261	32444	0.0554
COMMY_p_TCGA_194_198_SNP_N_GenomeWideSNP_6_F06_955532	1	179973253	188123049	5315	0.0779
COMMY_p_TCGA_194_198_SNP_N_GenomeWideSNP_6_F06_955532	1	188124130	191925717	2090	0.0139
COMMY_p_TCGA_194_198_SNP_N_GenomeWideSNP_6_F06_955532	1	191925882	193635073	1142	0.0798
COMMY_p_TCGA_194_198_SNP_N_GenomeWideSNP_6_F06_955532	1	193636851	200028650	3573	0.0193
COMMY_p_TCGA_194_198_SNP_N_GenomeWideSNP_6_F06_955532	1	200030997	201420557	1005	0.0724
COMMY_p_TCGA_194_198_SNP_N_GenomeWideSNP_6_F06_955532	1	201425181	201430960	2	-1.2202
COMMY_p_TCGA_194_198_SNP_N_GenomeWideSNP_6_F06_955532	1	201431864	234462930	21687	0.0659
COMMY_p_TCGA_194_198_SNP_N_GenomeWideSNP_6_F06_955532	1	234467181	234467329	2	-1.5862
COMMY_p_TCGA_194_198_SNP_N_GenomeWideSNP_6_F06_955532	1	234468867	237962489	2422	0.0518
COMMY_p_TCGA_194_198_SNP_N_GenomeWideSNP_6_F06_955532	1	237962736	237965338	3	-1.408
COMMY_p_TCGA_194_198_SNP_N_GenomeWideSNP_6_F06_955532	1	237968130	247650984	5904	0.044
COMMY_p_TCGA_194_198_SNP_N_GenomeWideSNP_6_F06_955532	2	480597	63521318	37193	-0.2339
COMMY_p_TCGA_194_198_SNP_N_GenomeWideSNP_6_F06_955532	2	63525232	80571647	9842	0.0595
COMMY_p_TCGA_194_198_SNP_N_GenomeWideSNP_6_F06_955532	2	80571789	85148451	2456	0.005
COMMY_p_TCGA_194_198_SNP_N_GenomeWideSNP_6_F06_955532	2	85148553	96541513	1720	0.0641
COMMY_p_TCGA_194_198_SNP_N_GenomeWideSNP_6_F06_955532	2	96545458	119585121	12106	-0.2339
COMMY_p_TCGA_194_198_SNP_N_GenomeWideSNP_6_F06_955532	2	119585555	119629141	29	-1.514
COMMY_p_TCGA_194_198_SNP_N_GenomeWideSNP_6_F06_955532	2	119637136	241537572	68776	-0.2238
COMMY_p_TCGA_194_198_SNP_N_GenomeWideSNP_6_F06_955532	3	2170634	3316103	593	0.0365
COMMY_p_TCGA_194_198_SNP_N_GenomeWideSNP_6_F06_955532	3	3319821	3320154	4	-0.7825
COMMY_p_TCGA_194_198_SNP_N_GenomeWideSNP_6_F06_955532	3	3320453	4651791	797	0.0327
COMMY_p_TCGA_194_198_SNP_N_GenomeWideSNP_6_F06_955532	3	4653212	18737802	8716	-0.5715
COMMY_p_TCGA_194_198_SNP_N_GenomeWideSNP_6_F06_955532	3	18825047	19225960	179	0.0417
COMMY_p_TCGA_194_198_SNP_N_GenomeWideSNP_6_F06_955532	3	19226083	19238892	12	-0.904
COMMY_p_TCGA_194_198_SNP_N_GenomeWideSNP_6_F06_955532	3	19242135	54870740	20131	0.0519
COMMY_p_TCGA_194_198_SNP_N_GenomeWideSNP_6_F06_955532	3	54873770	56224033	1117	-0.0038
COMMY_p_TCGA_194_198_SNP_N_GenomeWideSNP_6_F06_955532	3	56224299	67269899	6774	0.0658
COMMY_p_TCGA_194_198_SNP_N_GenomeWideSNP_6_F06_955532	3	67270729	68203529	559	-0.0117
COMMY_p_TCGA_194_198_SNP_N_GenomeWideSNP_6_F06_955532	3	68206780	80221391	7427	0.0705
COMMY_p_TCGA_194_198_SNP_N_GenomeWideSNP_6_F06_955532	3	80221828	86346098	3033	0.0174
COMMY_p_TCGA_194_198_SNP_N_GenomeWideSNP_6_F06_955532	3	86348959	89813753	1760	0.0667
COMMY_p_TCGA_194_198_SNP_N_GenomeWideSNP_6_F06_955532	3	89814300	97748433	2029	0.008
COMMY_p_TCGA_194_198_SNP_N_GenomeWideSNP_6_F06_955532	3	97755786	108870823	6345	0.0659
COMMY_p_TCGA_194_198_SNP_N_GenomeWideSNP_6_F06_955532	3	108873066	111179229	992	-9e-04
COMMY_p_TCGA_194_198_SNP_N_GenomeWideSNP_6_F06_955532	3	111182615	131049678	11669	0.0737
COMMY_p_TCGA_194_198_SNP_N_GenomeWideSNP_6_F06_955532	3	131051192	145452662	8112	0.054
COMMY_p_TCGA_194_198_SNP_N_GenomeWideSNP_6_F06_955532	3	145453220	162285638	8941	0.0766
COMMY_p_TCGA_194_198_SNP_N_GenomeWideSNP_6_F06_955532	3	162285905	167573194	2161	0.0018
COMMY_p_TCGA_194_198_SNP_N_GenomeWideSNP_6_F06_955532	3	167573842	197812401	15874	0.0672
COMMY_p_TCGA_194_198_SNP_N_GenomeWideSNP_6_F06_955532	4	1059384	16615399	9567	0.0638
COMMY_p_TCGA_194_198_SNP_N_GenomeWideSNP_6_F06_955532	4	16618660	21170875	2926	0.0275
COMMY_p_TCGA_194_198_SNP_N_GenomeWideSNP_6_F06_955532	4	21171799	27288588	4019	0.0734
COMMY_p_TCGA_194_198_SNP_N_GenomeWideSNP_6_F06_955532	4	27288651	42231951	9020	0.0395
COMMY_p_TCGA_194_198_SNP_N_GenomeWideSNP_6_F06_955532	4	42231984	45729265	1669	-0.0202
COMMY_p_TCGA_194_198_SNP_N_GenomeWideSNP_6_F06_955532	4	45735385	57633854	4994	0.0608
COMMY_p_TCGA_194_198_SNP_N_GenomeWideSNP_6_F06_955532	4	57634146	66371123	4754	0.0121
COMMY_p_TCGA_194_198_SNP_N_GenomeWideSNP_6_F06_955532	4	66371413	73576069	3365	0.0486
COMMY_p_TCGA_194_198_SNP_N_GenomeWideSNP_6_F06_955532	4	73579208	74109360	337	0.1502
COMMY_p_TCGA_194_198_SNP_N_GenomeWideSNP_6_F06_955532	4	74109484	79570666	3423	0.0594
COMMY_p_TCGA_194_198_SNP_N_GenomeWideSNP_6_F06_955532	4	79570787	81879884	1331	8e-04
COMMY_p_TCGA_194_198_SNP_N_GenomeWideSNP_6_F06_955532	4	81882039	96181490	8264	0.0517
COMMY_p_TCGA_194_198_SNP_N_GenomeWideSNP_6_F06_955532	4	96182505	99031533	1497	-0.0129
COMMY_p_TCGA_194_198_SNP_N_GenomeWideSNP_6_F06_955532	4	99031559	115530128	9460	0.0499
COMMY_p_TCGA_194_198_SNP_N_GenomeWideSNP_6_F06_955532	4	115530185	117108856	799	-0.0229
COMMY_p_TCGA_194_198_SNP_N_GenomeWideSNP_6_F06_955532	4	117112710	129461701	6770	0.0584
COMMY_p_TCGA_194_198_SNP_N_GenomeWideSNP_6_F06_955532	4	129462029	137107936	3564	0.0158
COMMY_p_TCGA_194_198_SNP_N_GenomeWideSNP_6_F06_955532	4	137108689	160119089	13315	0.0491
COMMY_p_TCGA_194_198_SNP_N_GenomeWideSNP_6_F06_955532	4	160119138	167021796	3796	0.0094
COMMY_p_TCGA_194_198_SNP_N_GenomeWideSNP_6_F06_955532	4	167023604	180107788	7065	0.0443
COMMY_p_TCGA_194_198_SNP_N_GenomeWideSNP_6_F06_955532	4	180107943	187842528	3686	0.0728
COMMY_p_TCGA_194_198_SNP_N_GenomeWideSNP_6_F06_955532	5	913983	2211880	349	0.0456
COMMY_p_TCGA_194_198_SNP_N_GenomeWideSNP_6_F06_955532	5	2212179	4316194	1795	0.0065
COMMY_p_TCGA_194_198_SNP_N_GenomeWideSNP_6_F06_955532	5	4318546	18329780	9133	0.0652
COMMY_p_TCGA_194_198_SNP_N_GenomeWideSNP_6_F06_955532	5	18329929	29904327	5996	0.0031
COMMY_p_TCGA_194_198_SNP_N_GenomeWideSNP_6_F06_955532	5	29907161	143802328	60681	0.0605
COMMY_p_TCGA_194_198_SNP_N_GenomeWideSNP_6_F06_955532	5	143804101	143806433	5	-1.2916
COMMY_p_TCGA_194_198_SNP_N_GenomeWideSNP_6_F06_955532	5	143807853	161652175	11726	0.0602
COMMY_p_TCGA_194_198_SNP_N_GenomeWideSNP_6_F06_955532	5	161652284	167946704	3924	0.0116
COMMY_p_TCGA_194_198_SNP_N_GenomeWideSNP_6_F06_955532	5	167947381	176906768	5774	0.0634
COMMY_p_TCGA_194_198_SNP_N_GenomeWideSNP_6_F06_955532	5	176909188	180652970	1783	0.019
COMMY_p_TCGA_194_198_SNP_N_GenomeWideSNP_6_F06_955532	5	180653093	180934240	69	0.1399
COMMY_p_TCGA_194_198_SNP_N_GenomeWideSNP_6_F06_955532	6	1011760	15819358	10545	0.0807
COMMY_p_TCGA_194_198_SNP_N_GenomeWideSNP_6_F06_955532	6	15820641	22110663	4376	0.0515
COMMY_p_TCGA_194_198_SNP_N_GenomeWideSNP_6_F06_955532	6	22112143	23485148	1068	0.0926
COMMY_p_TCGA_194_198_SNP_N_GenomeWideSNP_6_F06_955532	6	23486894	23487339	2	-1.3286
COMMY_p_TCGA_194_198_SNP_N_GenomeWideSNP_6_F06_955532	6	23487350	47490827	12309	0.0626
COMMY_p_TCGA_194_198_SNP_N_GenomeWideSNP_6_F06_955532	6	47491533	51275545	2008	0.0242
COMMY_p_TCGA_194_198_SNP_N_GenomeWideSNP_6_F06_955532	6	51276199	54745763	2394	0.0792
COMMY_p_TCGA_194_198_SNP_N_GenomeWideSNP_6_F06_955532	6	54746091	80346643	11808	0.0421
COMMY_p_TCGA_194_198_SNP_N_GenomeWideSNP_6_F06_955532	6	80347520	82157125	1093	0.0921
COMMY_p_TCGA_194_198_SNP_N_GenomeWideSNP_6_F06_955532	6	82162216	105038138	12498	0.0405
COMMY_p_TCGA_194_198_SNP_N_GenomeWideSNP_6_F06_955532	6	105038968	111597905	3997	0.0602
COMMY_p_TCGA_194_198_SNP_N_GenomeWideSNP_6_F06_955532	6	111598259	114037360	1628	0.1151
COMMY_p_TCGA_194_198_SNP_N_GenomeWideSNP_6_F06_955532	6	114039204	166821108	32493	0.0635
COMMY_p_TCGA_194_198_SNP_N_GenomeWideSNP_6_F06_955532	6	166821502	166821745	2	-1.3511
COMMY_p_TCGA_194_198_SNP_N_GenomeWideSNP_6_F06_955532	6	166824360	170596889	1035	0.069
COMMY_p_TCGA_194_198_SNP_N_GenomeWideSNP_6_F06_955532	7	664936	7820793	2900	0.6053
COMMY_p_TCGA_194_198_SNP_N_GenomeWideSNP_6_F06_955532	7	7820942	7827987	19	0.0104
COMMY_p_TCGA_194_198_SNP_N_GenomeWideSNP_6_F06_955532	7	7828079	51759659	27530	0.6158
COMMY_p_TCGA_194_198_SNP_N_GenomeWideSNP_6_F06_955532	7	51759983	75563464	7934	0.5459
COMMY_p_TCGA_194_198_SNP_N_GenomeWideSNP_6_F06_955532	7	75563771	85773770	5712	0.6273
COMMY_p_TCGA_194_198_SNP_N_GenomeWideSNP_6_F06_955532	7	85774807	93431363	3389	0.5783
COMMY_p_TCGA_194_198_SNP_N_GenomeWideSNP_6_F06_955532	7	93431915	96832272	2099	0.6439
COMMY_p_TCGA_194_198_SNP_N_GenomeWideSNP_6_F06_955532	7	96834282	131633134	17920	0.596
COMMY_p_TCGA_194_198_SNP_N_GenomeWideSNP_6_F06_955532	7	131634970	140430863	5299	0.6195
COMMY_p_TCGA_194_198_SNP_N_GenomeWideSNP_6_F06_955532	7	140433282	148055952	3891	0.5586
COMMY_p_TCGA_194_198_SNP_N_GenomeWideSNP_6_F06_955532	7	148056337	150380089	1050	0.6166
COMMY_p_TCGA_194_198_SNP_N_GenomeWideSNP_6_F06_955532	7	150380769	150380987	2	1.6438
COMMY_p_TCGA_194_198_SNP_N_GenomeWideSNP_6_F06_955532	7	150385037	151961663	925	0.6076
COMMY_p_TCGA_194_198_SNP_N_GenomeWideSNP_6_F06_955532	7	151961981	154226506	719	0.5571
COMMY_p_TCGA_194_198_SNP_N_GenomeWideSNP_6_F06_955532	7	154226674	158592540	2737	0.6269
COMMY_p_TCGA_194_198_SNP_N_GenomeWideSNP_6_F06_955532	8	667625	115769524	64058	-0.2153
COMMY_p_TCGA_194_198_SNP_N_GenomeWideSNP_6_F06_955532	8	115769961	144182542	18166	-0.1692
COMMY_p_TCGA_194_198_SNP_N_GenomeWideSNP_6_F06_955532	9	789794	38752071	23541	-0.5466
COMMY_p_TCGA_194_198_SNP_N_GenomeWideSNP_6_F06_955532	9	68423153	72857988	3212	0.0658
COMMY_p_TCGA_194_198_SNP_N_GenomeWideSNP_6_F06_955532	9	72861039	72878186	9	-0.5765
COMMY_p_TCGA_194_198_SNP_N_GenomeWideSNP_6_F06_955532	9	72879091	79125739	4284	0.0475
COMMY_p_TCGA_194_198_SNP_N_GenomeWideSNP_6_F06_955532	9	79134061	80310422	865	-0.0093
COMMY_p_TCGA_194_198_SNP_N_GenomeWideSNP_6_F06_955532	9	80310833	104434499	15432	0.047
COMMY_p_TCGA_194_198_SNP_N_GenomeWideSNP_6_F06_955532	9	104435560	115647269	7997	0.0685
COMMY_p_TCGA_194_198_SNP_N_GenomeWideSNP_6_F06_955532	9	115647665	138044505	13149	0.0357
COMMY_p_TCGA_194_198_SNP_N_GenomeWideSNP_6_F06_955532	10	366509	133411599	81050	-0.5558
COMMY_p_TCGA_194_198_SNP_N_GenomeWideSNP_6_F06_955532	11	456012	10136733	5275	-0.2234
COMMY_p_TCGA_194_198_SNP_N_GenomeWideSNP_6_F06_955532	11	10138336	37662042	18515	-0.162
COMMY_p_TCGA_194_198_SNP_N_GenomeWideSNP_6_F06_955532	11	37662102	42619119	3146	-0.2264
COMMY_p_TCGA_194_198_SNP_N_GenomeWideSNP_6_F06_955532	11	42619762	47372087	2863	-0.1703
COMMY_p_TCGA_194_198_SNP_N_GenomeWideSNP_6_F06_955532	11	47372754	47372766	2	-1.5393
COMMY_p_TCGA_194_198_SNP_N_GenomeWideSNP_6_F06_955532	11	47374671	62917758	4591	-0.168
COMMY_p_TCGA_194_198_SNP_N_GenomeWideSNP_6_F06_955532	11	62920080	85232033	11289	-0.1891
COMMY_p_TCGA_194_198_SNP_N_GenomeWideSNP_6_F06_955532	11	85235179	97244698	7360	-0.1594
COMMY_p_TCGA_194_198_SNP_N_GenomeWideSNP_6_F06_955532	11	97244864	100063085	1824	-0.2269
COMMY_p_TCGA_194_198_SNP_N_GenomeWideSNP_6_F06_955532	11	100063836	134272740	22815	-0.1743
COMMY_p_TCGA_194_198_SNP_N_GenomeWideSNP_6_F06_955532	12	780472	19653908	10857	0.2297
COMMY_p_TCGA_194_198_SNP_N_GenomeWideSNP_6_F06_955532	12	19653939	31259292	7630	0.2515
COMMY_p_TCGA_194_198_SNP_N_GenomeWideSNP_6_F06_955532	12	31259735	74252622	21517	0.2196
COMMY_p_TCGA_194_198_SNP_N_GenomeWideSNP_6_F06_955532	12	74259829	77478067	2078	0.255
COMMY_p_TCGA_194_198_SNP_N_GenomeWideSNP_6_F06_955532	12	77478252	84425272	4328	0.2026
COMMY_p_TCGA_194_198_SNP_N_GenomeWideSNP_6_F06_955532	12	84427479	85756967	765	0.294
COMMY_p_TCGA_194_198_SNP_N_GenomeWideSNP_6_F06_955532	12	85757689	86122076	207	0.2246
COMMY_p_TCGA_194_198_SNP_N_GenomeWideSNP_6_F06_955532	12	86122306	86122948	2	-1.1034
COMMY_p_TCGA_194_198_SNP_N_GenomeWideSNP_6_F06_955532	12	86124108	110164470	15131	0.2304
COMMY_p_TCGA_194_198_SNP_N_GenomeWideSNP_6_F06_955532	12	110164869	112528768	1109	0.1774
COMMY_p_TCGA_194_198_SNP_N_GenomeWideSNP_6_F06_955532	12	112529819	120940148	5402	0.2241
COMMY_p_TCGA_194_198_SNP_N_GenomeWideSNP_6_F06_955532	12	120941995	120951159	6	-0.8375
COMMY_p_TCGA_194_198_SNP_N_GenomeWideSNP_6_F06_955532	12	120958617	132605822	5448	0.2226
COMMY_p_TCGA_194_198_SNP_N_GenomeWideSNP_6_F06_955532	13	18874255	53207074	20821	0.0579
COMMY_p_TCGA_194_198_SNP_N_GenomeWideSNP_6_F06_955532	13	53207200	58671029	2456	0.0134
COMMY_p_TCGA_194_198_SNP_N_GenomeWideSNP_6_F06_955532	13	58671501	64483680	2876	0.0604
COMMY_p_TCGA_194_198_SNP_N_GenomeWideSNP_6_F06_955532	13	64483817	73247321	4853	0.0248
COMMY_p_TCGA_194_198_SNP_N_GenomeWideSNP_6_F06_955532	13	73247396	73247542	2	-1.3936
COMMY_p_TCGA_194_198_SNP_N_GenomeWideSNP_6_F06_955532	13	73248948	80586963	4951	0.0702
COMMY_p_TCGA_194_198_SNP_N_GenomeWideSNP_6_F06_955532	13	80587070	107283985	16702	0.0337
COMMY_p_TCGA_194_198_SNP_N_GenomeWideSNP_6_F06_955532	13	107284157	114226675	4396	0.0639
COMMY_p_TCGA_194_198_SNP_N_GenomeWideSNP_6_F06_955532	14	20033191	24631727	1795	0.0542
COMMY_p_TCGA_194_198_SNP_N_GenomeWideSNP_6_F06_955532	14	24632423	29529628	2868	0.0186
COMMY_p_TCGA_194_198_SNP_N_GenomeWideSNP_6_F06_955532	14	29529783	36561630	4351	0.0606
COMMY_p_TCGA_194_198_SNP_N_GenomeWideSNP_6_F06_955532	14	36563622	42295063	3158	0.0018
COMMY_p_TCGA_194_198_SNP_N_GenomeWideSNP_6_F06_955532	14	42295237	61468212	10679	0.0531
COMMY_p_TCGA_194_198_SNP_N_GenomeWideSNP_6_F06_955532	14	61468664	61675883	198	0.1765
COMMY_p_TCGA_194_198_SNP_N_GenomeWideSNP_6_F06_955532	14	61676555	82165188	12635	0.0424
COMMY_p_TCGA_194_198_SNP_N_GenomeWideSNP_6_F06_955532	14	82166187	84043602	1285	-0.0063
COMMY_p_TCGA_194_198_SNP_N_GenomeWideSNP_6_F06_955532	14	84043652	96696769	8047	0.0438
COMMY_p_TCGA_194_198_SNP_N_GenomeWideSNP_6_F06_955532	14	96701816	96702443	2	-1.6419
COMMY_p_TCGA_194_198_SNP_N_GenomeWideSNP_6_F06_955532	14	96703848	105533894	4777	0.0266
COMMY_p_TCGA_194_198_SNP_N_GenomeWideSNP_6_F06_955532	15	23437561	33835381	4374	0.6025
COMMY_p_TCGA_194_198_SNP_N_GenomeWideSNP_6_F06_955532	15	33835410	47153807	7481	0.5778
COMMY_p_TCGA_194_198_SNP_N_GenomeWideSNP_6_F06_955532	15	47155825	50014557	1822	0.6244
COMMY_p_TCGA_194_198_SNP_N_GenomeWideSNP_6_F06_955532	15	50017878	51098711	575	0.54
COMMY_p_TCGA_194_198_SNP_N_GenomeWideSNP_6_F06_955532	15	51101312	54042903	2050	0.6008
COMMY_p_TCGA_194_198_SNP_N_GenomeWideSNP_6_F06_955532	15	54043182	57511234	1963	0.5479
COMMY_p_TCGA_194_198_SNP_N_GenomeWideSNP_6_F06_955532	15	57512112	58585364	915	0.6332
COMMY_p_TCGA_194_198_SNP_N_GenomeWideSNP_6_F06_955532	15	58585400	69605849	7203	0.5782
COMMY_p_TCGA_194_198_SNP_N_GenomeWideSNP_6_F06_955532	15	69606503	70558496	665	0.6445
COMMY_p_TCGA_194_198_SNP_N_GenomeWideSNP_6_F06_955532	15	70560818	90899061	11304	0.5793
COMMY_p_TCGA_194_198_SNP_N_GenomeWideSNP_6_F06_955532	15	90907211	101344124	6525	0.6037
COMMY_p_TCGA_194_198_SNP_N_GenomeWideSNP_6_F06_955532	16	603333	5986369	2321	0.0391
COMMY_p_TCGA_194_198_SNP_N_GenomeWideSNP_6_F06_955532	16	5986400	8287801	1259	-0.0285
COMMY_p_TCGA_194_198_SNP_N_GenomeWideSNP_6_F06_955532	16	8288604	53862347	15234	0.0334
COMMY_p_TCGA_194_198_SNP_N_GenomeWideSNP_6_F06_955532	16	53864594	56019270	1692	0.0761
COMMY_p_TCGA_194_198_SNP_N_GenomeWideSNP_6_F06_955532	16	56021191	61576227	3371	0.0366
COMMY_p_TCGA_194_198_SNP_N_GenomeWideSNP_6_F06_955532	16	61576795	62603836	664	-0.0238
COMMY_p_TCGA_194_198_SNP_N_GenomeWideSNP_6_F06_955532	16	62604151	77959229	8915	0.0423
COMMY_p_TCGA_194_198_SNP_N_GenomeWideSNP_6_F06_955532	16	77960856	78929660	773	-0.0143
COMMY_p_TCGA_194_198_SNP_N_GenomeWideSNP_6_F06_955532	16	78955452	86737318	6010	0.0502
COMMY_p_TCGA_194_198_SNP_N_GenomeWideSNP_6_F06_955532	16	86737463	86738239	3	1.2519
COMMY_p_TCGA_194_198_SNP_N_GenomeWideSNP_6_F06_955532	16	86740718	89317317	1018	0.0317
COMMY_p_TCGA_194_198_SNP_N_GenomeWideSNP_6_F06_955532	17	1074619	64985215	27890	-0.2597
COMMY_p_TCGA_194_198_SNP_N_GenomeWideSNP_6_F06_955532	17	64988259	65055775	45	0.3861
COMMY_p_TCGA_194_198_SNP_N_GenomeWideSNP_6_F06_955532	17	65060911	82959812	9366	-0.2496
COMMY_p_TCGA_194_198_SNP_N_GenomeWideSNP_6_F06_955532	18	326691	24915029	10486	0.074
COMMY_p_TCGA_194_198_SNP_N_GenomeWideSNP_6_F06_955532	18	24921339	34905020	6118	0.0372
COMMY_p_TCGA_194_198_SNP_N_GenomeWideSNP_6_F06_955532	18	34907075	38181666	2078	0.0629
COMMY_p_TCGA_194_198_SNP_N_GenomeWideSNP_6_F06_955532	18	38182497	41050508	1711	0
COMMY_p_TCGA_194_198_SNP_N_GenomeWideSNP_6_F06_955532	18	41050580	51659499	6871	0.0649
COMMY_p_TCGA_194_198_SNP_N_GenomeWideSNP_6_F06_955532	18	51660547	56959544	3277	0.0227
COMMY_p_TCGA_194_198_SNP_N_GenomeWideSNP_6_F06_955532	18	56959952	79349796	12460	0.0562
COMMY_p_TCGA_194_198_SNP_N_GenomeWideSNP_6_F06_955532	19	283868	19836130	7747	0.0241
COMMY_p_TCGA_194_198_SNP_N_GenomeWideSNP_6_F06_955532	19	21064698	27921063	1437	-0.0359
COMMY_p_TCGA_194_198_SNP_N_GenomeWideSNP_6_F06_955532	19	27921475	36394629	5681	0.0411
COMMY_p_TCGA_194_198_SNP_N_GenomeWideSNP_6_F06_955532	19	36395363	38258099	946	-0.0346
COMMY_p_TCGA_194_198_SNP_N_GenomeWideSNP_6_F06_955532	19	38262230	55416555	6839	0.0276
COMMY_p_TCGA_194_198_SNP_N_GenomeWideSNP_6_F06_955532	19	55419137	55424063	5	-0.89
COMMY_p_TCGA_194_198_SNP_N_GenomeWideSNP_6_F06_955532	19	55425459	58370362	1562	0.0226
COMMY_p_TCGA_194_198_SNP_N_GenomeWideSNP_6_F06_955532	20	472817	25023435	16483	0.272
COMMY_p_TCGA_194_198_SNP_N_GenomeWideSNP_6_F06_955532	20	25024926	56115689	16105	0.2518
COMMY_p_TCGA_194_198_SNP_N_GenomeWideSNP_6_F06_955532	20	56117239	63588502	5048	0.2827
COMMY_p_TCGA_194_198_SNP_N_GenomeWideSNP_6_F06_955532	21	13974127	46262057	20695	-0.5521
COMMY_p_TCGA_194_198_SNP_N_GenomeWideSNP_6_F06_955532	22	16934932	48430338	16728	0.0397
COMMY_p_TCGA_194_198_SNP_N_GenomeWideSNP_6_F06_955532	22	48434232	48434582	2	-2.7861
COMMY_p_TCGA_194_198_SNP_N_GenomeWideSNP_6_F06_955532	22	48435731	48940621	366	0.0227
COMMY_p_TCGA_194_198_SNP_N_GenomeWideSNP_6_F06_955532	X	3236359	12073534	2820	0.0035
COMMY_p_TCGA_194_198_SNP_N_GenomeWideSNP_6_F06_955532	X	12074841	16604365	2604	0.0426
COMMY_p_TCGA_194_198_SNP_N_GenomeWideSNP_6_F06_955532	X	16605313	155677414	58906	-0.0019
