Sample	Chromosome	Start	End	Num_Probes	Segment_Mean
RAZEE_p_TCGA_277_b2_N_GenomeWideSNP_6_C12_1320876	1	3301765	13807659	5619	-0.3299
RAZEE_p_TCGA_277_b2_N_GenomeWideSNP_6_C12_1320876	1	13809222	16471261	1717	0.3159
RAZEE_p_TCGA_277_b2_N_GenomeWideSNP_6_C12_1320876	1	16999460	47561395	16373	-0.3335
RAZEE_p_TCGA_277_b2_N_GenomeWideSNP_6_C12_1320876	1	47561438	56440130	5097	-0.2914
RAZEE_p_TCGA_277_b2_N_GenomeWideSNP_6_C12_1320876	1	56440602	56441055	2	-2.2828
RAZEE_p_TCGA_277_b2_N_GenomeWideSNP_6_C12_1320876	1	56446886	61332627	3598	-0.2953
RAZEE_p_TCGA_277_b2_N_GenomeWideSNP_6_C12_1320876	1	61332952	63769639	1694	0.335
RAZEE_p_TCGA_277_b2_N_GenomeWideSNP_6_C12_1320876	1	63771733	64260701	342	0.5566
RAZEE_p_TCGA_277_b2_N_GenomeWideSNP_6_C12_1320876	1	64263112	76688647	7688	-0.2787
RAZEE_p_TCGA_277_b2_N_GenomeWideSNP_6_C12_1320876	1	76689568	76769336	49	0.6527
RAZEE_p_TCGA_277_b2_N_GenomeWideSNP_6_C12_1320876	1	76769956	78641642	1013	-0.2828
RAZEE_p_TCGA_277_b2_N_GenomeWideSNP_6_C12_1320876	1	78646177	80271317	900	0.8075
RAZEE_p_TCGA_277_b2_N_GenomeWideSNP_6_C12_1320876	1	80275990	81426822	652	-0.2547
RAZEE_p_TCGA_277_b2_N_GenomeWideSNP_6_C12_1320876	1	81427880	81428401	6	-1.0299
RAZEE_p_TCGA_277_b2_N_GenomeWideSNP_6_C12_1320876	1	81428427	81840920	318	-0.2903
RAZEE_p_TCGA_277_b2_N_GenomeWideSNP_6_C12_1320876	1	81841670	81841789	2	-1.8291
RAZEE_p_TCGA_277_b2_N_GenomeWideSNP_6_C12_1320876	1	81843556	83116351	839	-0.2448
RAZEE_p_TCGA_277_b2_N_GenomeWideSNP_6_C12_1320876	1	83122702	83226700	45	-0.6766
RAZEE_p_TCGA_277_b2_N_GenomeWideSNP_6_C12_1320876	1	83231312	84350026	684	-0.2967
RAZEE_p_TCGA_277_b2_N_GenomeWideSNP_6_C12_1320876	1	84352879	85630123	916	0.7731
RAZEE_p_TCGA_277_b2_N_GenomeWideSNP_6_C12_1320876	1	85635657	114934218	17320	-0.2995
RAZEE_p_TCGA_277_b2_N_GenomeWideSNP_6_C12_1320876	1	114938697	119984772	3232	0.2974
RAZEE_p_TCGA_277_b2_N_GenomeWideSNP_6_C12_1320876	1	149906351	157027096	3352	0.6514
RAZEE_p_TCGA_277_b2_N_GenomeWideSNP_6_C12_1320876	1	157028499	160322877	2164	0.4991
RAZEE_p_TCGA_277_b2_N_GenomeWideSNP_6_C12_1320876	1	160327672	161780051	764	0.431
RAZEE_p_TCGA_277_b2_N_GenomeWideSNP_6_C12_1320876	1	161787157	163915590	1637	0.5097
RAZEE_p_TCGA_277_b2_N_GenomeWideSNP_6_C12_1320876	1	163917463	165533048	1358	0.5562
RAZEE_p_TCGA_277_b2_N_GenomeWideSNP_6_C12_1320876	1	165533138	168016871	1816	0.501
RAZEE_p_TCGA_277_b2_N_GenomeWideSNP_6_C12_1320876	1	168019352	168020608	2	-0.9285
RAZEE_p_TCGA_277_b2_N_GenomeWideSNP_6_C12_1320876	1	168024881	186427835	11682	0.4999
RAZEE_p_TCGA_277_b2_N_GenomeWideSNP_6_C12_1320876	1	186428639	200917423	8478	0.3044
RAZEE_p_TCGA_277_b2_N_GenomeWideSNP_6_C12_1320876	1	200917763	206615113	3613	0.4858
RAZEE_p_TCGA_277_b2_N_GenomeWideSNP_6_C12_1320876	1	206616449	219063528	8677	0.2967
RAZEE_p_TCGA_277_b2_N_GenomeWideSNP_6_C12_1320876	1	219066763	219118727	38	0.8029
RAZEE_p_TCGA_277_b2_N_GenomeWideSNP_6_C12_1320876	1	219120176	229786621	6318	0.6841
RAZEE_p_TCGA_277_b2_N_GenomeWideSNP_6_C12_1320876	1	229786849	229789777	2	-0.6764
RAZEE_p_TCGA_277_b2_N_GenomeWideSNP_6_C12_1320876	1	229791098	231680425	1272	0.6979
RAZEE_p_TCGA_277_b2_N_GenomeWideSNP_6_C12_1320876	1	231680490	231697972	16	0.2774
RAZEE_p_TCGA_277_b2_N_GenomeWideSNP_6_C12_1320876	1	231757426	231831116	11	0.7442
RAZEE_p_TCGA_277_b2_N_GenomeWideSNP_6_C12_1320876	1	231838645	236068554	3061	0.8333
RAZEE_p_TCGA_277_b2_N_GenomeWideSNP_6_C12_1320876	1	236101466	236346041	158	0.2805
RAZEE_p_TCGA_277_b2_N_GenomeWideSNP_6_C12_1320876	1	236347695	247650984	7267	0.8475
RAZEE_p_TCGA_277_b2_N_GenomeWideSNP_6_C12_1320876	2	480597	23898604	15291	0.0707
RAZEE_p_TCGA_277_b2_N_GenomeWideSNP_6_C12_1320876	2	23900669	48534415	13814	0.0341
RAZEE_p_TCGA_277_b2_N_GenomeWideSNP_6_C12_1320876	2	48534974	53392440	2628	0.0883
RAZEE_p_TCGA_277_b2_N_GenomeWideSNP_6_C12_1320876	2	53392968	55677070	1128	0.0284
RAZEE_p_TCGA_277_b2_N_GenomeWideSNP_6_C12_1320876	2	55677143	60656566	3031	0.0841
RAZEE_p_TCGA_277_b2_N_GenomeWideSNP_6_C12_1320876	2	60658751	65482901	2361	0.015
RAZEE_p_TCGA_277_b2_N_GenomeWideSNP_6_C12_1320876	2	65483194	66309577	692	0.0642
RAZEE_p_TCGA_277_b2_N_GenomeWideSNP_6_C12_1320876	2	66309620	68051911	1196	-0.2654
RAZEE_p_TCGA_277_b2_N_GenomeWideSNP_6_C12_1320876	2	68051959	70630351	1574	-0.3667
RAZEE_p_TCGA_277_b2_N_GenomeWideSNP_6_C12_1320876	2	70631058	76146862	2986	-0.2981
RAZEE_p_TCGA_277_b2_N_GenomeWideSNP_6_C12_1320876	2	76147845	76148585	3	-1.9499
RAZEE_p_TCGA_277_b2_N_GenomeWideSNP_6_C12_1320876	2	76149514	84625474	4539	-0.251
RAZEE_p_TCGA_277_b2_N_GenomeWideSNP_6_C12_1320876	2	84625538	94681256	1533	-0.3226
RAZEE_p_TCGA_277_b2_N_GenomeWideSNP_6_C12_1320876	2	94682300	95942031	280	0.0794
RAZEE_p_TCGA_277_b2_N_GenomeWideSNP_6_C12_1320876	2	95945944	102451363	3213	-0.3278
RAZEE_p_TCGA_277_b2_N_GenomeWideSNP_6_C12_1320876	2	102451696	108904903	3930	-0.2756
RAZEE_p_TCGA_277_b2_N_GenomeWideSNP_6_C12_1320876	2	108905308	115237443	2834	-0.3054
RAZEE_p_TCGA_277_b2_N_GenomeWideSNP_6_C12_1320876	2	115239448	115328595	50	-0.7687
RAZEE_p_TCGA_277_b2_N_GenomeWideSNP_6_C12_1320876	2	115328888	121817275	3443	-0.2848
RAZEE_p_TCGA_277_b2_N_GenomeWideSNP_6_C12_1320876	2	121819002	121819211	2	-1.6241
RAZEE_p_TCGA_277_b2_N_GenomeWideSNP_6_C12_1320876	2	121820716	123092879	887	-0.249
RAZEE_p_TCGA_277_b2_N_GenomeWideSNP_6_C12_1320876	2	123093601	123093806	2	-1.6803
RAZEE_p_TCGA_277_b2_N_GenomeWideSNP_6_C12_1320876	2	123095315	125347114	641	-0.2607
RAZEE_p_TCGA_277_b2_N_GenomeWideSNP_6_C12_1320876	2	125350211	191473523	36982	0.0629
RAZEE_p_TCGA_277_b2_N_GenomeWideSNP_6_C12_1320876	2	191474025	209316372	9478	-0.0356
RAZEE_p_TCGA_277_b2_N_GenomeWideSNP_6_C12_1320876	2	209318493	209606778	174	-0.3513
RAZEE_p_TCGA_277_b2_N_GenomeWideSNP_6_C12_1320876	2	209610538	217946185	5220	0.0189
RAZEE_p_TCGA_277_b2_N_GenomeWideSNP_6_C12_1320876	2	217949164	219215820	605	-0.0613
RAZEE_p_TCGA_277_b2_N_GenomeWideSNP_6_C12_1320876	2	219219747	219516415	149	-0.3466
RAZEE_p_TCGA_277_b2_N_GenomeWideSNP_6_C12_1320876	2	219517978	223543836	2749	-0.2715
RAZEE_p_TCGA_277_b2_N_GenomeWideSNP_6_C12_1320876	2	223546474	230481950	4229	-0.3735
RAZEE_p_TCGA_277_b2_N_GenomeWideSNP_6_C12_1320876	2	230482650	234313620	2113	-0.4296
RAZEE_p_TCGA_277_b2_N_GenomeWideSNP_6_C12_1320876	2	234313896	241537572	4364	-0.3834
RAZEE_p_TCGA_277_b2_N_GenomeWideSNP_6_C12_1320876	3	2170634	12577981	6261	0.0658
RAZEE_p_TCGA_277_b2_N_GenomeWideSNP_6_C12_1320876	3	12582344	12726437	133	1.5326
RAZEE_p_TCGA_277_b2_N_GenomeWideSNP_6_C12_1320876	3	12727195	25208705	7260	0.0428
RAZEE_p_TCGA_277_b2_N_GenomeWideSNP_6_C12_1320876	3	25209375	25408159	178	-0.2268
RAZEE_p_TCGA_277_b2_N_GenomeWideSNP_6_C12_1320876	3	25411260	25490534	96	0.016
RAZEE_p_TCGA_277_b2_N_GenomeWideSNP_6_C12_1320876	3	25490555	25565107	134	-0.2462
RAZEE_p_TCGA_277_b2_N_GenomeWideSNP_6_C12_1320876	3	25569477	25574809	12	0.2403
RAZEE_p_TCGA_277_b2_N_GenomeWideSNP_6_C12_1320876	3	25574968	34918484	5564	0.5187
RAZEE_p_TCGA_277_b2_N_GenomeWideSNP_6_C12_1320876	3	34921311	35759275	518	1.8408
RAZEE_p_TCGA_277_b2_N_GenomeWideSNP_6_C12_1320876	3	35905882	43243953	4526	0.5156
RAZEE_p_TCGA_277_b2_N_GenomeWideSNP_6_C12_1320876	3	43244044	44116445	470	0.6716
RAZEE_p_TCGA_277_b2_N_GenomeWideSNP_6_C12_1320876	3	44117765	46384426	1331	0.498
RAZEE_p_TCGA_277_b2_N_GenomeWideSNP_6_C12_1320876	3	46384443	46401549	11	0.1784
RAZEE_p_TCGA_277_b2_N_GenomeWideSNP_6_C12_1320876	3	46401600	49335510	1175	-0.0648
RAZEE_p_TCGA_277_b2_N_GenomeWideSNP_6_C12_1320876	3	49338118	50180061	301	-0.367
RAZEE_p_TCGA_277_b2_N_GenomeWideSNP_6_C12_1320876	3	50186583	51478797	589	-0.0083
RAZEE_p_TCGA_277_b2_N_GenomeWideSNP_6_C12_1320876	3	51484003	53332107	794	-0.3685
RAZEE_p_TCGA_277_b2_N_GenomeWideSNP_6_C12_1320876	3	53335052	55751478	1874	-0.2484
RAZEE_p_TCGA_277_b2_N_GenomeWideSNP_6_C12_1320876	3	55751769	56724694	622	0.0723
RAZEE_p_TCGA_277_b2_N_GenomeWideSNP_6_C12_1320876	3	56729497	61490094	2130	-0.2755
RAZEE_p_TCGA_277_b2_N_GenomeWideSNP_6_C12_1320876	3	61508578	61798162	152	-0.7127
RAZEE_p_TCGA_277_b2_N_GenomeWideSNP_6_C12_1320876	3	61803360	66811232	3919	0.1156
RAZEE_p_TCGA_277_b2_N_GenomeWideSNP_6_C12_1320876	3	66817805	70848148	2802	-0.1253
RAZEE_p_TCGA_277_b2_N_GenomeWideSNP_6_C12_1320876	3	70849958	72903224	1444	-0.1766
RAZEE_p_TCGA_277_b2_N_GenomeWideSNP_6_C12_1320876	3	72903249	77032748	2266	-0.1204
RAZEE_p_TCGA_277_b2_N_GenomeWideSNP_6_C12_1320876	3	77042065	90436812	6698	-0.5421
RAZEE_p_TCGA_277_b2_N_GenomeWideSNP_6_C12_1320876	3	90453712	94326600	149	-0.1685
RAZEE_p_TCGA_277_b2_N_GenomeWideSNP_6_C12_1320876	3	94326723	94882573	245	0.1825
RAZEE_p_TCGA_277_b2_N_GenomeWideSNP_6_C12_1320876	3	94883097	96410022	830	0.0598
RAZEE_p_TCGA_277_b2_N_GenomeWideSNP_6_C12_1320876	3	96413587	96422249	5	-0.9756
RAZEE_p_TCGA_277_b2_N_GenomeWideSNP_6_C12_1320876	3	96422715	96438648	11	0.1456
RAZEE_p_TCGA_277_b2_N_GenomeWideSNP_6_C12_1320876	3	96442383	98521769	1072	0.302
RAZEE_p_TCGA_277_b2_N_GenomeWideSNP_6_C12_1320876	3	98526874	98636740	65	0.0659
RAZEE_p_TCGA_277_b2_N_GenomeWideSNP_6_C12_1320876	3	98645759	98846792	104	0.4799
RAZEE_p_TCGA_277_b2_N_GenomeWideSNP_6_C12_1320876	3	98865619	99021685	90	0.7163
RAZEE_p_TCGA_277_b2_N_GenomeWideSNP_6_C12_1320876	3	99021812	99234917	98	0.5464
RAZEE_p_TCGA_277_b2_N_GenomeWideSNP_6_C12_1320876	3	99246033	99393591	102	0.7342
RAZEE_p_TCGA_277_b2_N_GenomeWideSNP_6_C12_1320876	3	99394384	99781864	233	0.5306
RAZEE_p_TCGA_277_b2_N_GenomeWideSNP_6_C12_1320876	3	99782031	100114736	160	0.7373
RAZEE_p_TCGA_277_b2_N_GenomeWideSNP_6_C12_1320876	3	100119421	100289729	85	0.5102
RAZEE_p_TCGA_277_b2_N_GenomeWideSNP_6_C12_1320876	3	100291165	100906859	268	-0.2927
RAZEE_p_TCGA_277_b2_N_GenomeWideSNP_6_C12_1320876	3	100910708	101064988	119	0.0718
RAZEE_p_TCGA_277_b2_N_GenomeWideSNP_6_C12_1320876	3	101068172	101209332	107	-0.3335
RAZEE_p_TCGA_277_b2_N_GenomeWideSNP_6_C12_1320876	3	101214715	107556784	3596	0.069
RAZEE_p_TCGA_277_b2_N_GenomeWideSNP_6_C12_1320876	3	107559306	110476505	1506	-0.2901
RAZEE_p_TCGA_277_b2_N_GenomeWideSNP_6_C12_1320876	3	110479171	119127463	5370	-0.7704
RAZEE_p_TCGA_277_b2_N_GenomeWideSNP_6_C12_1320876	3	119129253	138325269	10809	-0.3015
RAZEE_p_TCGA_277_b2_N_GenomeWideSNP_6_C12_1320876	3	138325326	148882908	5376	0.0619
RAZEE_p_TCGA_277_b2_N_GenomeWideSNP_6_C12_1320876	3	148884669	150572040	1005	0.247
RAZEE_p_TCGA_277_b2_N_GenomeWideSNP_6_C12_1320876	3	150572325	151357618	454	0.0159
RAZEE_p_TCGA_277_b2_N_GenomeWideSNP_6_C12_1320876	3	151360015	154021714	1637	0.2363
RAZEE_p_TCGA_277_b2_N_GenomeWideSNP_6_C12_1320876	3	154022493	154869865	335	0.0728
RAZEE_p_TCGA_277_b2_N_GenomeWideSNP_6_C12_1320876	3	154870614	197771456	22012	0.2466
RAZEE_p_TCGA_277_b2_N_GenomeWideSNP_6_C12_1320876	3	197772173	197812401	17	0.0548
RAZEE_p_TCGA_277_b2_N_GenomeWideSNP_6_C12_1320876	4	1059384	8614369	4309	-0.3265
RAZEE_p_TCGA_277_b2_N_GenomeWideSNP_6_C12_1320876	4	8614452	25308128	10959	-0.2883
RAZEE_p_TCGA_277_b2_N_GenomeWideSNP_6_C12_1320876	4	25308421	27475388	1348	-0.336
RAZEE_p_TCGA_277_b2_N_GenomeWideSNP_6_C12_1320876	4	27476100	35974670	4964	-0.2602
RAZEE_p_TCGA_277_b2_N_GenomeWideSNP_6_C12_1320876	4	35975116	37615767	1137	-0.2963
RAZEE_p_TCGA_277_b2_N_GenomeWideSNP_6_C12_1320876	4	37616486	37616843	2	-2.2023
RAZEE_p_TCGA_277_b2_N_GenomeWideSNP_6_C12_1320876	4	37617413	41106209	2049	-0.3479
RAZEE_p_TCGA_277_b2_N_GenomeWideSNP_6_C12_1320876	4	41108527	54339877	5157	-0.2884
RAZEE_p_TCGA_277_b2_N_GenomeWideSNP_6_C12_1320876	4	54346988	54907655	570	0.0321
RAZEE_p_TCGA_277_b2_N_GenomeWideSNP_6_C12_1320876	4	54908514	90741848	20103	-0.2935
RAZEE_p_TCGA_277_b2_N_GenomeWideSNP_6_C12_1320876	4	90741991	90742572	2	-2.7815
RAZEE_p_TCGA_277_b2_N_GenomeWideSNP_6_C12_1320876	4	90742872	100041295	5023	-0.2784
RAZEE_p_TCGA_277_b2_N_GenomeWideSNP_6_C12_1320876	4	100043259	100152744	55	-0.7407
RAZEE_p_TCGA_277_b2_N_GenomeWideSNP_6_C12_1320876	4	100153653	103543163	1908	-0.3019
RAZEE_p_TCGA_277_b2_N_GenomeWideSNP_6_C12_1320876	4	103545415	103597350	45	-0.7668
RAZEE_p_TCGA_277_b2_N_GenomeWideSNP_6_C12_1320876	4	103603296	112120533	4827	-0.2868
RAZEE_p_TCGA_277_b2_N_GenomeWideSNP_6_C12_1320876	4	112124421	112129953	7	-2.174
RAZEE_p_TCGA_277_b2_N_GenomeWideSNP_6_C12_1320876	4	112133919	122053696	5749	-0.283
RAZEE_p_TCGA_277_b2_N_GenomeWideSNP_6_C12_1320876	4	122056552	122241953	68	-0.5126
RAZEE_p_TCGA_277_b2_N_GenomeWideSNP_6_C12_1320876	4	122243414	142217741	10639	-0.2766
RAZEE_p_TCGA_277_b2_N_GenomeWideSNP_6_C12_1320876	4	142219785	142571471	225	-1.691
RAZEE_p_TCGA_277_b2_N_GenomeWideSNP_6_C12_1320876	4	142572060	153480785	5732	-0.3019
RAZEE_p_TCGA_277_b2_N_GenomeWideSNP_6_C12_1320876	4	153483170	153652099	124	-0.9069
RAZEE_p_TCGA_277_b2_N_GenomeWideSNP_6_C12_1320876	4	153653404	181507365	15458	-0.2795
RAZEE_p_TCGA_277_b2_N_GenomeWideSNP_6_C12_1320876	4	181507543	181509960	2	-2.401
RAZEE_p_TCGA_277_b2_N_GenomeWideSNP_6_C12_1320876	4	181511142	187842528	2950	-0.2997
RAZEE_p_TCGA_277_b2_N_GenomeWideSNP_6_C12_1320876	5	913983	10165385	6835	0.0618
RAZEE_p_TCGA_277_b2_N_GenomeWideSNP_6_C12_1320876	5	10165756	18077654	4253	0.0323
RAZEE_p_TCGA_277_b2_N_GenomeWideSNP_6_C12_1320876	5	18078128	30793552	6645	0.0641
RAZEE_p_TCGA_277_b2_N_GenomeWideSNP_6_C12_1320876	5	30793626	42859001	7292	0.0208
RAZEE_p_TCGA_277_b2_N_GenomeWideSNP_6_C12_1320876	5	42870443	42894176	20	0.4551
RAZEE_p_TCGA_277_b2_N_GenomeWideSNP_6_C12_1320876	5	42896881	51321291	1376	0.0175
RAZEE_p_TCGA_277_b2_N_GenomeWideSNP_6_C12_1320876	5	51321925	53670172	1409	0.0526
RAZEE_p_TCGA_277_b2_N_GenomeWideSNP_6_C12_1320876	5	53672137	54286010	395	-0.3202
RAZEE_p_TCGA_277_b2_N_GenomeWideSNP_6_C12_1320876	5	54286218	55538998	816	0.004
RAZEE_p_TCGA_277_b2_N_GenomeWideSNP_6_C12_1320876	5	55548312	55597408	25	-0.3341
RAZEE_p_TCGA_277_b2_N_GenomeWideSNP_6_C12_1320876	5	55605535	58055986	1598	0.0123
RAZEE_p_TCGA_277_b2_N_GenomeWideSNP_6_C12_1320876	5	58063821	59134724	796	-0.2838
RAZEE_p_TCGA_277_b2_N_GenomeWideSNP_6_C12_1320876	5	59134803	59252405	100	-0.7483
RAZEE_p_TCGA_277_b2_N_GenomeWideSNP_6_C12_1320876	5	59318863	59341365	26	-0.3522
RAZEE_p_TCGA_277_b2_N_GenomeWideSNP_6_C12_1320876	5	59349979	59394128	56	-0.0265
RAZEE_p_TCGA_277_b2_N_GenomeWideSNP_6_C12_1320876	5	59394425	91872124	17347	-0.303
RAZEE_p_TCGA_277_b2_N_GenomeWideSNP_6_C12_1320876	5	91877947	92032396	51	0.0836
RAZEE_p_TCGA_277_b2_N_GenomeWideSNP_6_C12_1320876	5	92035577	92193400	73	-0.249
RAZEE_p_TCGA_277_b2_N_GenomeWideSNP_6_C12_1320876	5	92193427	92305960	45	0.0039
RAZEE_p_TCGA_277_b2_N_GenomeWideSNP_6_C12_1320876	5	92308863	92401175	40	-0.2621
RAZEE_p_TCGA_277_b2_N_GenomeWideSNP_6_C12_1320876	5	92402656	92754446	164	0.0519
RAZEE_p_TCGA_277_b2_N_GenomeWideSNP_6_C12_1320876	5	92763637	92907261	81	-0.2819
RAZEE_p_TCGA_277_b2_N_GenomeWideSNP_6_C12_1320876	5	92911721	117872698	13391	0.0533
RAZEE_p_TCGA_277_b2_N_GenomeWideSNP_6_C12_1320876	5	117874222	119000035	702	-0.2771
RAZEE_p_TCGA_277_b2_N_GenomeWideSNP_6_C12_1320876	5	119009539	119590725	371	-0.0104
RAZEE_p_TCGA_277_b2_N_GenomeWideSNP_6_C12_1320876	5	119590923	130238290	6152	0.063
RAZEE_p_TCGA_277_b2_N_GenomeWideSNP_6_C12_1320876	5	130238515	157822737	16916	0.0355
RAZEE_p_TCGA_277_b2_N_GenomeWideSNP_6_C12_1320876	5	157823146	158159131	236	-0.3084
RAZEE_p_TCGA_277_b2_N_GenomeWideSNP_6_C12_1320876	5	158159886	160889841	1816	0.0299
RAZEE_p_TCGA_277_b2_N_GenomeWideSNP_6_C12_1320876	5	160890277	171754251	7192	0.0631
RAZEE_p_TCGA_277_b2_N_GenomeWideSNP_6_C12_1320876	5	171754503	177680789	3337	0.0157
RAZEE_p_TCGA_277_b2_N_GenomeWideSNP_6_C12_1320876	5	177982825	178277591	103	-0.4044
RAZEE_p_TCGA_277_b2_N_GenomeWideSNP_6_C12_1320876	5	178277649	180934240	1429	0.0144
RAZEE_p_TCGA_277_b2_N_GenomeWideSNP_6_C12_1320876	6	1011760	1060997	61	0.2872
RAZEE_p_TCGA_277_b2_N_GenomeWideSNP_6_C12_1320876	6	1061676	1062555	2	-1.3658
RAZEE_p_TCGA_277_b2_N_GenomeWideSNP_6_C12_1320876	6	1063648	10467200	6854	0.3245
RAZEE_p_TCGA_277_b2_N_GenomeWideSNP_6_C12_1320876	6	10534810	18452387	5396	0.2911
RAZEE_p_TCGA_277_b2_N_GenomeWideSNP_6_C12_1320876	6	18453538	24486087	4366	0.339
RAZEE_p_TCGA_277_b2_N_GenomeWideSNP_6_C12_1320876	6	24488520	37426933	5158	0.2606
RAZEE_p_TCGA_277_b2_N_GenomeWideSNP_6_C12_1320876	6	37429506	41778821	3162	0.3166
RAZEE_p_TCGA_277_b2_N_GenomeWideSNP_6_C12_1320876	6	41783613	43829496	1046	0.2396
RAZEE_p_TCGA_277_b2_N_GenomeWideSNP_6_C12_1320876	6	43830148	46117192	1286	0.3077
RAZEE_p_TCGA_277_b2_N_GenomeWideSNP_6_C12_1320876	6	46125684	83168261	18766	0.3306
RAZEE_p_TCGA_277_b2_N_GenomeWideSNP_6_C12_1320876	6	83168941	83260946	57	0.0317
RAZEE_p_TCGA_277_b2_N_GenomeWideSNP_6_C12_1320876	6	83261242	88584026	3117	0.3251
RAZEE_p_TCGA_277_b2_N_GenomeWideSNP_6_C12_1320876	6	88584110	88587151	2	1.8131
RAZEE_p_TCGA_277_b2_N_GenomeWideSNP_6_C12_1320876	6	88587472	91039523	1574	0.2895
RAZEE_p_TCGA_277_b2_N_GenomeWideSNP_6_C12_1320876	6	91040857	103868849	6623	0.3438
RAZEE_p_TCGA_277_b2_N_GenomeWideSNP_6_C12_1320876	6	103871587	107918448	2474	0.3027
RAZEE_p_TCGA_277_b2_N_GenomeWideSNP_6_C12_1320876	6	107919861	111887016	2317	0.2687
RAZEE_p_TCGA_277_b2_N_GenomeWideSNP_6_C12_1320876	6	111887550	133970280	12945	0.3195
RAZEE_p_TCGA_277_b2_N_GenomeWideSNP_6_C12_1320876	6	133978715	144746353	6490	0.2903
RAZEE_p_TCGA_277_b2_N_GenomeWideSNP_6_C12_1320876	6	144750794	155140224	7029	0.317
RAZEE_p_TCGA_277_b2_N_GenomeWideSNP_6_C12_1320876	6	155140895	156477924	960	-0.2979
RAZEE_p_TCGA_277_b2_N_GenomeWideSNP_6_C12_1320876	6	156480058	160198874	2235	-0.3463
RAZEE_p_TCGA_277_b2_N_GenomeWideSNP_6_C12_1320876	6	160199398	170596889	5235	-0.2942
RAZEE_p_TCGA_277_b2_N_GenomeWideSNP_6_C12_1320876	7	664936	32233247	17853	0.044
RAZEE_p_TCGA_277_b2_N_GenomeWideSNP_6_C12_1320876	7	32237504	32237669	2	-1.4295
RAZEE_p_TCGA_277_b2_N_GenomeWideSNP_6_C12_1320876	7	32240455	35586771	2090	0.0577
RAZEE_p_TCGA_277_b2_N_GenomeWideSNP_6_C12_1320876	7	35591005	37681803	1543	-0.0069
RAZEE_p_TCGA_277_b2_N_GenomeWideSNP_6_C12_1320876	7	37682156	44747070	4050	0.0464
RAZEE_p_TCGA_277_b2_N_GenomeWideSNP_6_C12_1320876	7	44754617	47003508	1516	-0.2985
RAZEE_p_TCGA_277_b2_N_GenomeWideSNP_6_C12_1320876	7	47009023	47154885	131	0.0565
RAZEE_p_TCGA_277_b2_N_GenomeWideSNP_6_C12_1320876	7	47168324	48030615	617	-0.2961
RAZEE_p_TCGA_277_b2_N_GenomeWideSNP_6_C12_1320876	7	48030897	48214961	82	-0.0463
RAZEE_p_TCGA_277_b2_N_GenomeWideSNP_6_C12_1320876	7	48215389	51110648	2079	0.3163
RAZEE_p_TCGA_277_b2_N_GenomeWideSNP_6_C12_1320876	7	51111486	51460387	201	0.047
RAZEE_p_TCGA_277_b2_N_GenomeWideSNP_6_C12_1320876	7	51464270	64975194	3893	0.3077
RAZEE_p_TCGA_277_b2_N_GenomeWideSNP_6_C12_1320876	7	64975201	67315854	486	0.2081
RAZEE_p_TCGA_277_b2_N_GenomeWideSNP_6_C12_1320876	7	67321387	73412887	3243	0.3002
RAZEE_p_TCGA_277_b2_N_GenomeWideSNP_6_C12_1320876	7	73415091	74727766	462	0.2197
RAZEE_p_TCGA_277_b2_N_GenomeWideSNP_6_C12_1320876	7	74783385	74793970	2	1.9068
RAZEE_p_TCGA_277_b2_N_GenomeWideSNP_6_C12_1320876	7	74840595	77759871	793	0.2191
RAZEE_p_TCGA_277_b2_N_GenomeWideSNP_6_C12_1320876	7	77760929	78217417	326	0.3204
RAZEE_p_TCGA_277_b2_N_GenomeWideSNP_6_C12_1320876	7	78218191	78253061	34	0.0231
RAZEE_p_TCGA_277_b2_N_GenomeWideSNP_6_C12_1320876	7	78256947	78469503	207	0.3249
RAZEE_p_TCGA_277_b2_N_GenomeWideSNP_6_C12_1320876	7	78495107	78707459	164	0.016
RAZEE_p_TCGA_277_b2_N_GenomeWideSNP_6_C12_1320876	7	78708454	86533553	4614	0.3191
RAZEE_p_TCGA_277_b2_N_GenomeWideSNP_6_C12_1320876	7	86534867	95504578	4257	0.2809
RAZEE_p_TCGA_277_b2_N_GenomeWideSNP_6_C12_1320876	7	95506302	97826044	1421	0.3054
RAZEE_p_TCGA_277_b2_N_GenomeWideSNP_6_C12_1320876	7	97826474	101288382	1316	0.2306
RAZEE_p_TCGA_277_b2_N_GenomeWideSNP_6_C12_1320876	7	101289049	104676658	1633	0.2871
RAZEE_p_TCGA_277_b2_N_GenomeWideSNP_6_C12_1320876	7	104676755	107246486	1568	0.2424
RAZEE_p_TCGA_277_b2_N_GenomeWideSNP_6_C12_1320876	7	107247110	127419387	10726	0.3042
RAZEE_p_TCGA_277_b2_N_GenomeWideSNP_6_C12_1320876	7	127420242	129965723	1185	0.2325
RAZEE_p_TCGA_277_b2_N_GenomeWideSNP_6_C12_1320876	7	129965994	139078551	5573	0.2973
RAZEE_p_TCGA_277_b2_N_GenomeWideSNP_6_C12_1320876	7	139078627	141061892	1072	0.2368
RAZEE_p_TCGA_277_b2_N_GenomeWideSNP_6_C12_1320876	7	141070777	149466554	4248	0.2996
RAZEE_p_TCGA_277_b2_N_GenomeWideSNP_6_C12_1320876	7	149467774	150999415	625	0.2212
RAZEE_p_TCGA_277_b2_N_GenomeWideSNP_6_C12_1320876	7	151000188	151734482	401	0.2728
RAZEE_p_TCGA_277_b2_N_GenomeWideSNP_6_C12_1320876	7	151735158	158592540	3591	-0.0345
RAZEE_p_TCGA_277_b2_N_GenomeWideSNP_6_C12_1320876	8	667625	3047957	901	-0.3359
RAZEE_p_TCGA_277_b2_N_GenomeWideSNP_6_C12_1320876	8	3049346	19021022	9161	-0.3057
RAZEE_p_TCGA_277_b2_N_GenomeWideSNP_6_C12_1320876	8	19021411	23302674	2978	-0.3417
RAZEE_p_TCGA_277_b2_N_GenomeWideSNP_6_C12_1320876	8	23302920	23304220	2	-2.15
RAZEE_p_TCGA_277_b2_N_GenomeWideSNP_6_C12_1320876	8	23304420	43080575	12027	-0.3414
RAZEE_p_TCGA_277_b2_N_GenomeWideSNP_6_C12_1320876	8	46547532	47094994	237	0.7745
RAZEE_p_TCGA_277_b2_N_GenomeWideSNP_6_C12_1320876	8	47109618	48227725	404	0.6958
RAZEE_p_TCGA_277_b2_N_GenomeWideSNP_6_C12_1320876	8	48230744	97348818	28377	0.7881
RAZEE_p_TCGA_277_b2_N_GenomeWideSNP_6_C12_1320876	8	97350088	97527668	142	1.0101
RAZEE_p_TCGA_277_b2_N_GenomeWideSNP_6_C12_1320876	8	97529374	115439858	9602	0.7804
RAZEE_p_TCGA_277_b2_N_GenomeWideSNP_6_C12_1320876	8	115440112	117891512	1544	0.6731
RAZEE_p_TCGA_277_b2_N_GenomeWideSNP_6_C12_1320876	8	117892258	118679995	618	0.7429
RAZEE_p_TCGA_277_b2_N_GenomeWideSNP_6_C12_1320876	8	118683967	122972107	2846	0.7971
RAZEE_p_TCGA_277_b2_N_GenomeWideSNP_6_C12_1320876	8	122972629	127742625	3309	0.741
RAZEE_p_TCGA_277_b2_N_GenomeWideSNP_6_C12_1320876	8	127746275	128508668	577	0.1785
RAZEE_p_TCGA_277_b2_N_GenomeWideSNP_6_C12_1320876	8	128510565	130143627	986	0.759
RAZEE_p_TCGA_277_b2_N_GenomeWideSNP_6_C12_1320876	8	130143787	144182542	8461	0.6917
RAZEE_p_TCGA_277_b2_N_GenomeWideSNP_6_C12_1320876	9	789794	9454373	5368	-0.3093
RAZEE_p_TCGA_277_b2_N_GenomeWideSNP_6_C12_1320876	9	9454411	9533062	70	-0.7453
RAZEE_p_TCGA_277_b2_N_GenomeWideSNP_6_C12_1320876	9	9544525	15641585	3257	-0.2937
RAZEE_p_TCGA_277_b2_N_GenomeWideSNP_6_C12_1320876	9	15642193	16606314	830	-0.8083
RAZEE_p_TCGA_277_b2_N_GenomeWideSNP_6_C12_1320876	9	16612198	16689869	70	-1.5106
RAZEE_p_TCGA_277_b2_N_GenomeWideSNP_6_C12_1320876	9	16690027	32818681	10311	-0.7593
RAZEE_p_TCGA_277_b2_N_GenomeWideSNP_6_C12_1320876	9	32821063	32830463	10	-1.7164
RAZEE_p_TCGA_277_b2_N_GenomeWideSNP_6_C12_1320876	9	32830553	33283584	365	-0.831
RAZEE_p_TCGA_277_b2_N_GenomeWideSNP_6_C12_1320876	9	33283644	33988708	403	-0.3466
RAZEE_p_TCGA_277_b2_N_GenomeWideSNP_6_C12_1320876	9	33992631	33993282	2	-1.7947
RAZEE_p_TCGA_277_b2_N_GenomeWideSNP_6_C12_1320876	9	34003108	35279602	636	-0.3665
RAZEE_p_TCGA_277_b2_N_GenomeWideSNP_6_C12_1320876	9	35279817	68435779	2219	0.0256
RAZEE_p_TCGA_277_b2_N_GenomeWideSNP_6_C12_1320876	9	68437540	116943814	32662	-0.1683
RAZEE_p_TCGA_277_b2_N_GenomeWideSNP_6_C12_1320876	9	116943904	116948524	8	-1.4978
RAZEE_p_TCGA_277_b2_N_GenomeWideSNP_6_C12_1320876	9	116950054	122998383	4335	-0.1676
RAZEE_p_TCGA_277_b2_N_GenomeWideSNP_6_C12_1320876	9	122998691	124414304	904	0.0125
RAZEE_p_TCGA_277_b2_N_GenomeWideSNP_6_C12_1320876	9	124415987	124707162	143	-0.1764
RAZEE_p_TCGA_277_b2_N_GenomeWideSNP_6_C12_1320876	9	124708615	127362905	1594	0.0031
RAZEE_p_TCGA_277_b2_N_GenomeWideSNP_6_C12_1320876	9	127367728	130219198	1301	-0.0525
RAZEE_p_TCGA_277_b2_N_GenomeWideSNP_6_C12_1320876	9	130223726	138044505	3926	0.0046
RAZEE_p_TCGA_277_b2_N_GenomeWideSNP_6_C12_1320876	10	366509	2593671	1276	0.0866
RAZEE_p_TCGA_277_b2_N_GenomeWideSNP_6_C12_1320876	10	2593796	7773809	3838	0.0235
RAZEE_p_TCGA_277_b2_N_GenomeWideSNP_6_C12_1320876	10	7774397	10732861	2185	-0.0476
RAZEE_p_TCGA_277_b2_N_GenomeWideSNP_6_C12_1320876	10	10733656	32180601	15190	-0.0762
RAZEE_p_TCGA_277_b2_N_GenomeWideSNP_6_C12_1320876	10	32182546	52823349	8857	-0.0523
RAZEE_p_TCGA_277_b2_N_GenomeWideSNP_6_C12_1320876	10	52823549	52857039	20	0.0918
RAZEE_p_TCGA_277_b2_N_GenomeWideSNP_6_C12_1320876	10	52857298	67919310	8818	-0.4426
RAZEE_p_TCGA_277_b2_N_GenomeWideSNP_6_C12_1320876	10	67924773	75635717	4342	-0.1074
RAZEE_p_TCGA_277_b2_N_GenomeWideSNP_6_C12_1320876	10	75635895	86591547	7520	-0.0455
RAZEE_p_TCGA_277_b2_N_GenomeWideSNP_6_C12_1320876	10	86593312	87902461	580	-0.1008
RAZEE_p_TCGA_277_b2_N_GenomeWideSNP_6_C12_1320876	10	87905782	87916662	18	-0.5995
RAZEE_p_TCGA_277_b2_N_GenomeWideSNP_6_C12_1320876	10	87916740	87926752	29	0.0359
RAZEE_p_TCGA_277_b2_N_GenomeWideSNP_6_C12_1320876	10	87940914	92916851	2974	-0.4609
RAZEE_p_TCGA_277_b2_N_GenomeWideSNP_6_C12_1320876	10	92920287	93275173	222	0.1743
RAZEE_p_TCGA_277_b2_N_GenomeWideSNP_6_C12_1320876	10	93275746	93626749	265	-0.5231
RAZEE_p_TCGA_277_b2_N_GenomeWideSNP_6_C12_1320876	10	93629991	99528233	3623	0.1477
RAZEE_p_TCGA_277_b2_N_GenomeWideSNP_6_C12_1320876	10	99528342	104482721	2550	0.1056
RAZEE_p_TCGA_277_b2_N_GenomeWideSNP_6_C12_1320876	10	104482757	104762909	189	0.1709
RAZEE_p_TCGA_277_b2_N_GenomeWideSNP_6_C12_1320876	10	104763658	104776862	13	0.5354
RAZEE_p_TCGA_277_b2_N_GenomeWideSNP_6_C12_1320876	10	104777218	105801303	735	0.1602
RAZEE_p_TCGA_277_b2_N_GenomeWideSNP_6_C12_1320876	10	105801991	109834536	2608	-0.0195
RAZEE_p_TCGA_277_b2_N_GenomeWideSNP_6_C12_1320876	10	109837187	133411599	15475	-0.3199
RAZEE_p_TCGA_277_b2_N_GenomeWideSNP_6_C12_1320876	11	456012	666245	48	-0.3982
RAZEE_p_TCGA_277_b2_N_GenomeWideSNP_6_C12_1320876	11	688804	3375844	963	-0.8279
RAZEE_p_TCGA_277_b2_N_GenomeWideSNP_6_C12_1320876	11	3375966	6520350	1897	-0.3144
RAZEE_p_TCGA_277_b2_N_GenomeWideSNP_6_C12_1320876	11	6521451	6797023	212	0.0071
RAZEE_p_TCGA_277_b2_N_GenomeWideSNP_6_C12_1320876	11	6797423	8234785	1030	-0.3169
RAZEE_p_TCGA_277_b2_N_GenomeWideSNP_6_C12_1320876	11	8241376	11169863	1884	-1e-04
RAZEE_p_TCGA_277_b2_N_GenomeWideSNP_6_C12_1320876	11	11169940	11591849	478	-0.3132
RAZEE_p_TCGA_277_b2_N_GenomeWideSNP_6_C12_1320876	11	11592120	15386452	2688	0.3162
RAZEE_p_TCGA_277_b2_N_GenomeWideSNP_6_C12_1320876	11	15387603	15500811	67	0.052
RAZEE_p_TCGA_277_b2_N_GenomeWideSNP_6_C12_1320876	11	15502098	16615915	725	0.3462
RAZEE_p_TCGA_277_b2_N_GenomeWideSNP_6_C12_1320876	11	16616021	16616183	3	-0.728
RAZEE_p_TCGA_277_b2_N_GenomeWideSNP_6_C12_1320876	11	16616495	22493861	4299	0.334
RAZEE_p_TCGA_277_b2_N_GenomeWideSNP_6_C12_1320876	11	22495974	22991885	370	0.0507
RAZEE_p_TCGA_277_b2_N_GenomeWideSNP_6_C12_1320876	11	23034323	23438945	309	0.3372
RAZEE_p_TCGA_277_b2_N_GenomeWideSNP_6_C12_1320876	11	23440942	26497218	1911	0.0899
RAZEE_p_TCGA_277_b2_N_GenomeWideSNP_6_C12_1320876	11	26497398	26874358	274	0.3024
RAZEE_p_TCGA_277_b2_N_GenomeWideSNP_6_C12_1320876	11	26877225	28722907	1062	0.0665
RAZEE_p_TCGA_277_b2_N_GenomeWideSNP_6_C12_1320876	11	28723236	29996514	789	0.3033
RAZEE_p_TCGA_277_b2_N_GenomeWideSNP_6_C12_1320876	11	29996582	31681634	1002	0.5361
RAZEE_p_TCGA_277_b2_N_GenomeWideSNP_6_C12_1320876	11	31687489	31712109	12	0.2987
RAZEE_p_TCGA_277_b2_N_GenomeWideSNP_6_C12_1320876	11	31714681	31717034	2	-0.7855
RAZEE_p_TCGA_277_b2_N_GenomeWideSNP_6_C12_1320876	11	31719093	32592533	721	0.334
RAZEE_p_TCGA_277_b2_N_GenomeWideSNP_6_C12_1320876	11	32595186	34088071	774	0.0222
RAZEE_p_TCGA_277_b2_N_GenomeWideSNP_6_C12_1320876	11	34091844	35051567	760	0.2836
RAZEE_p_TCGA_277_b2_N_GenomeWideSNP_6_C12_1320876	11	35052255	43674338	5339	0.0628
RAZEE_p_TCGA_277_b2_N_GenomeWideSNP_6_C12_1320876	11	43674534	43674766	2	0.6779
RAZEE_p_TCGA_277_b2_N_GenomeWideSNP_6_C12_1320876	11	43675341	48183826	2507	-0.8311
RAZEE_p_TCGA_277_b2_N_GenomeWideSNP_6_C12_1320876	11	48184536	59216030	2228	-0.3933
RAZEE_p_TCGA_277_b2_N_GenomeWideSNP_6_C12_1320876	11	59221573	59480603	148	-0.0039
RAZEE_p_TCGA_277_b2_N_GenomeWideSNP_6_C12_1320876	11	59480777	60942617	867	-0.0465
RAZEE_p_TCGA_277_b2_N_GenomeWideSNP_6_C12_1320876	11	60943298	68807479	2774	-0.0943
RAZEE_p_TCGA_277_b2_N_GenomeWideSNP_6_C12_1320876	11	68809149	78468247	5076	-0.0529
RAZEE_p_TCGA_277_b2_N_GenomeWideSNP_6_C12_1320876	11	78468290	85692458	4635	-0.0045
RAZEE_p_TCGA_277_b2_N_GenomeWideSNP_6_C12_1320876	11	85694767	90222399	2637	-0.3809
RAZEE_p_TCGA_277_b2_N_GenomeWideSNP_6_C12_1320876	11	90225147	90655261	307	0.5331
RAZEE_p_TCGA_277_b2_N_GenomeWideSNP_6_C12_1320876	11	90655431	90706465	31	0.109
RAZEE_p_TCGA_277_b2_N_GenomeWideSNP_6_C12_1320876	11	90706706	91372011	444	-0.3332
RAZEE_p_TCGA_277_b2_N_GenomeWideSNP_6_C12_1320876	11	91375105	92816366	865	-0.7555
RAZEE_p_TCGA_277_b2_N_GenomeWideSNP_6_C12_1320876	11	92818062	92910351	81	-0.4133
RAZEE_p_TCGA_277_b2_N_GenomeWideSNP_6_C12_1320876	11	92919107	92953566	39	0.244
RAZEE_p_TCGA_277_b2_N_GenomeWideSNP_6_C12_1320876	11	92956576	93051762	71	-0.4683
RAZEE_p_TCGA_277_b2_N_GenomeWideSNP_6_C12_1320876	11	93491739	93825045	240	-0.0738
RAZEE_p_TCGA_277_b2_N_GenomeWideSNP_6_C12_1320876	11	93827594	100134973	4283	-0.3688
RAZEE_p_TCGA_277_b2_N_GenomeWideSNP_6_C12_1320876	11	100142207	101464515	1101	-0.0092
RAZEE_p_TCGA_277_b2_N_GenomeWideSNP_6_C12_1320876	11	101467842	101606376	107	0.2169
RAZEE_p_TCGA_277_b2_N_GenomeWideSNP_6_C12_1320876	11	101606997	102113987	327	-0.04
RAZEE_p_TCGA_277_b2_N_GenomeWideSNP_6_C12_1320876	11	102114016	102539515	96	-0.4275
RAZEE_p_TCGA_277_b2_N_GenomeWideSNP_6_C12_1320876	11	102540359	102547429	10	-4.3446
RAZEE_p_TCGA_277_b2_N_GenomeWideSNP_6_C12_1320876	11	102547633	102863479	253	-0.39
RAZEE_p_TCGA_277_b2_N_GenomeWideSNP_6_C12_1320876	11	102873679	107494465	2722	0.4917
RAZEE_p_TCGA_277_b2_N_GenomeWideSNP_6_C12_1320876	11	107495405	107873445	239	0.3228
RAZEE_p_TCGA_277_b2_N_GenomeWideSNP_6_C12_1320876	11	108081855	115222450	4676	-0.2965
RAZEE_p_TCGA_277_b2_N_GenomeWideSNP_6_C12_1320876	11	115222718	115516731	185	0.036
RAZEE_p_TCGA_277_b2_N_GenomeWideSNP_6_C12_1320876	11	115518426	116857409	1042	-0.2871
RAZEE_p_TCGA_277_b2_N_GenomeWideSNP_6_C12_1320876	11	116857561	119671068	1806	-0.3575
RAZEE_p_TCGA_277_b2_N_GenomeWideSNP_6_C12_1320876	11	119671642	120404691	545	-0.2997
RAZEE_p_TCGA_277_b2_N_GenomeWideSNP_6_C12_1320876	11	120405676	120721441	238	-0.7755
RAZEE_p_TCGA_277_b2_N_GenomeWideSNP_6_C12_1320876	11	120722879	122376609	1190	-0.3133
RAZEE_p_TCGA_277_b2_N_GenomeWideSNP_6_C12_1320876	11	122377249	122766851	260	-0.0232
RAZEE_p_TCGA_277_b2_N_GenomeWideSNP_6_C12_1320876	11	122770378	123242669	390	-0.4025
RAZEE_p_TCGA_277_b2_N_GenomeWideSNP_6_C12_1320876	11	123248680	123273375	22	0.2488
RAZEE_p_TCGA_277_b2_N_GenomeWideSNP_6_C12_1320876	11	123276027	126372802	2147	-0.395
RAZEE_p_TCGA_277_b2_N_GenomeWideSNP_6_C12_1320876	11	126372862	134272740	5351	-0.786
RAZEE_p_TCGA_277_b2_N_GenomeWideSNP_6_C12_1320876	12	780472	3798586	1484	-0.0258
RAZEE_p_TCGA_277_b2_N_GenomeWideSNP_6_C12_1320876	12	3799056	4248095	350	0.4918
RAZEE_p_TCGA_277_b2_N_GenomeWideSNP_6_C12_1320876	12	4250306	4858535	479	0.7946
RAZEE_p_TCGA_277_b2_N_GenomeWideSNP_6_C12_1320876	12	4858807	5193535	336	1.0327
RAZEE_p_TCGA_277_b2_N_GenomeWideSNP_6_C12_1320876	12	5194241	5194396	2	0.4381
RAZEE_p_TCGA_277_b2_N_GenomeWideSNP_6_C12_1320876	12	5194579	5209421	15	0.0226
RAZEE_p_TCGA_277_b2_N_GenomeWideSNP_6_C12_1320876	12	5211314	5212634	2	0.6086
RAZEE_p_TCGA_277_b2_N_GenomeWideSNP_6_C12_1320876	12	5213385	6014533	701	0.0139
RAZEE_p_TCGA_277_b2_N_GenomeWideSNP_6_C12_1320876	12	6015057	8035010	856	-0.075
RAZEE_p_TCGA_277_b2_N_GenomeWideSNP_6_C12_1320876	12	8036001	11200674	1383	0.206
RAZEE_p_TCGA_277_b2_N_GenomeWideSNP_6_C12_1320876	12	11203172	12572350	965	0.7689
RAZEE_p_TCGA_277_b2_N_GenomeWideSNP_6_C12_1320876	12	12574700	20129999	4630	0.2398
RAZEE_p_TCGA_277_b2_N_GenomeWideSNP_6_C12_1320876	12	20130981	23612138	2185	-8e-04
RAZEE_p_TCGA_277_b2_N_GenomeWideSNP_6_C12_1320876	12	23612349	24039664	303	0.7542
RAZEE_p_TCGA_277_b2_N_GenomeWideSNP_6_C12_1320876	12	24041600	24280134	168	0.1429
RAZEE_p_TCGA_277_b2_N_GenomeWideSNP_6_C12_1320876	12	24280546	26265207	1335	-0.366
RAZEE_p_TCGA_277_b2_N_GenomeWideSNP_6_C12_1320876	12	26268501	26355323	61	-1.0068
RAZEE_p_TCGA_277_b2_N_GenomeWideSNP_6_C12_1320876	12	26355402	28104353	1116	-0.4027
RAZEE_p_TCGA_277_b2_N_GenomeWideSNP_6_C12_1320876	12	28106263	28168263	30	0.067
RAZEE_p_TCGA_277_b2_N_GenomeWideSNP_6_C12_1320876	12	28172185	28181431	10	0.5553
RAZEE_p_TCGA_277_b2_N_GenomeWideSNP_6_C12_1320876	12	28181738	28193195	11	0.1226
RAZEE_p_TCGA_277_b2_N_GenomeWideSNP_6_C12_1320876	12	28202520	30069615	1193	-0.3749
RAZEE_p_TCGA_277_b2_N_GenomeWideSNP_6_C12_1320876	12	30072057	30517998	410	-6e-04
RAZEE_p_TCGA_277_b2_N_GenomeWideSNP_6_C12_1320876	12	30524245	38827290	1707	0.25
RAZEE_p_TCGA_277_b2_N_GenomeWideSNP_6_C12_1320876	12	38829764	40422548	874	0.0318
RAZEE_p_TCGA_277_b2_N_GenomeWideSNP_6_C12_1320876	12	40422658	40422710	3	-1.271
RAZEE_p_TCGA_277_b2_N_GenomeWideSNP_6_C12_1320876	12	40436126	47931612	4200	0.0267
RAZEE_p_TCGA_277_b2_N_GenomeWideSNP_6_C12_1320876	12	47935605	48108791	114	0.2296
RAZEE_p_TCGA_277_b2_N_GenomeWideSNP_6_C12_1320876	12	48120797	48473872	203	0.0453
RAZEE_p_TCGA_277_b2_N_GenomeWideSNP_6_C12_1320876	12	48478712	58092545	4892	-0.0176
RAZEE_p_TCGA_277_b2_N_GenomeWideSNP_6_C12_1320876	12	58097049	60357413	1532	0.0457
RAZEE_p_TCGA_277_b2_N_GenomeWideSNP_6_C12_1320876	12	60357443	60738925	211	0.3101
RAZEE_p_TCGA_277_b2_N_GenomeWideSNP_6_C12_1320876	12	60739653	64878439	2380	0.0162
RAZEE_p_TCGA_277_b2_N_GenomeWideSNP_6_C12_1320876	12	64881988	65431487	299	0.3054
RAZEE_p_TCGA_277_b2_N_GenomeWideSNP_6_C12_1320876	12	65433629	65773874	223	-0.8176
RAZEE_p_TCGA_277_b2_N_GenomeWideSNP_6_C12_1320876	12	65781076	66798481	657	-0.3348
RAZEE_p_TCGA_277_b2_N_GenomeWideSNP_6_C12_1320876	12	66801976	66813658	10	0.5313
RAZEE_p_TCGA_277_b2_N_GenomeWideSNP_6_C12_1320876	12	66818604	67251467	357	-0.3268
RAZEE_p_TCGA_277_b2_N_GenomeWideSNP_6_C12_1320876	12	67258538	67266436	6	0.2017
RAZEE_p_TCGA_277_b2_N_GenomeWideSNP_6_C12_1320876	12	67271319	67352890	59	0.2971
RAZEE_p_TCGA_277_b2_N_GenomeWideSNP_6_C12_1320876	12	67356637	68418610	867	0.8006
RAZEE_p_TCGA_277_b2_N_GenomeWideSNP_6_C12_1320876	12	68421573	70116093	1129	0.6427
RAZEE_p_TCGA_277_b2_N_GenomeWideSNP_6_C12_1320876	12	70116158	70125667	7	1.2841
RAZEE_p_TCGA_277_b2_N_GenomeWideSNP_6_C12_1320876	12	70133044	70836084	452	0.8061
RAZEE_p_TCGA_277_b2_N_GenomeWideSNP_6_C12_1320876	12	70837252	73050729	1173	0.6854
RAZEE_p_TCGA_277_b2_N_GenomeWideSNP_6_C12_1320876	12	73050810	74050875	468	0.7842
RAZEE_p_TCGA_277_b2_N_GenomeWideSNP_6_C12_1320876	12	74055562	74817883	479	0.5393
RAZEE_p_TCGA_277_b2_N_GenomeWideSNP_6_C12_1320876	12	74818413	77028950	1362	0.3
RAZEE_p_TCGA_277_b2_N_GenomeWideSNP_6_C12_1320876	12	77030355	78212045	949	0.5246
RAZEE_p_TCGA_277_b2_N_GenomeWideSNP_6_C12_1320876	12	78216165	79078811	511	0.2964
RAZEE_p_TCGA_277_b2_N_GenomeWideSNP_6_C12_1320876	12	79079012	79292896	138	0.042
RAZEE_p_TCGA_277_b2_N_GenomeWideSNP_6_C12_1320876	12	79292919	79512006	125	0.301
RAZEE_p_TCGA_277_b2_N_GenomeWideSNP_6_C12_1320876	12	79513776	80011545	234	0.0309
RAZEE_p_TCGA_277_b2_N_GenomeWideSNP_6_C12_1320876	12	80014063	80221089	157	0.3259
RAZEE_p_TCGA_277_b2_N_GenomeWideSNP_6_C12_1320876	12	80222796	80446147	141	0.5077
RAZEE_p_TCGA_277_b2_N_GenomeWideSNP_6_C12_1320876	12	80446276	80456531	2	-1.2069
RAZEE_p_TCGA_277_b2_N_GenomeWideSNP_6_C12_1320876	12	80458187	81621987	760	0.5366
RAZEE_p_TCGA_277_b2_N_GenomeWideSNP_6_C12_1320876	12	81622573	81622763	2	-1.988
RAZEE_p_TCGA_277_b2_N_GenomeWideSNP_6_C12_1320876	12	81632569	82357704	436	0.5208
RAZEE_p_TCGA_277_b2_N_GenomeWideSNP_6_C12_1320876	12	82357719	91911977	5407	-0.2883
RAZEE_p_TCGA_277_b2_N_GenomeWideSNP_6_C12_1320876	12	91912042	96558465	3167	-0.351
RAZEE_p_TCGA_277_b2_N_GenomeWideSNP_6_C12_1320876	12	96559764	101902112	3383	-0.2988
RAZEE_p_TCGA_277_b2_N_GenomeWideSNP_6_C12_1320876	12	101902125	102039392	91	0.1439
RAZEE_p_TCGA_277_b2_N_GenomeWideSNP_6_C12_1320876	12	102042015	105694740	2449	-0.3231
RAZEE_p_TCGA_277_b2_N_GenomeWideSNP_6_C12_1320876	12	105698494	108500835	1966	0.0472
RAZEE_p_TCGA_277_b2_N_GenomeWideSNP_6_C12_1320876	12	108501132	112678195	2005	-0.0139
RAZEE_p_TCGA_277_b2_N_GenomeWideSNP_6_C12_1320876	12	112679794	120099604	4886	0.0508
RAZEE_p_TCGA_277_b2_N_GenomeWideSNP_6_C12_1320876	12	120103937	123625506	1544	-0.0293
RAZEE_p_TCGA_277_b2_N_GenomeWideSNP_6_C12_1320876	12	123625575	132605822	4336	0.0598
RAZEE_p_TCGA_277_b2_N_GenomeWideSNP_6_C12_1320876	13	18874255	19541233	375	-0.2858
RAZEE_p_TCGA_277_b2_N_GenomeWideSNP_6_C12_1320876	13	19545013	19955302	6	-0.1472
RAZEE_p_TCGA_277_b2_N_GenomeWideSNP_6_C12_1320876	13	19960931	35175198	9768	0.6143
RAZEE_p_TCGA_277_b2_N_GenomeWideSNP_6_C12_1320876	13	35178299	39759630	3206	0.069
RAZEE_p_TCGA_277_b2_N_GenomeWideSNP_6_C12_1320876	13	39760715	42140795	1479	0.0062
RAZEE_p_TCGA_277_b2_N_GenomeWideSNP_6_C12_1320876	13	42146563	47754512	3586	0.0461
RAZEE_p_TCGA_277_b2_N_GenomeWideSNP_6_C12_1320876	13	47754521	51727600	1682	-2e-04
RAZEE_p_TCGA_277_b2_N_GenomeWideSNP_6_C12_1320876	13	51729003	51865754	101	-0.8471
RAZEE_p_TCGA_277_b2_N_GenomeWideSNP_6_C12_1320876	13	51866247	51869921	5	-3.4617
RAZEE_p_TCGA_277_b2_N_GenomeWideSNP_6_C12_1320876	13	51870891	53197515	598	-0.793
RAZEE_p_TCGA_277_b2_N_GenomeWideSNP_6_C12_1320876	13	53199376	58079041	2099	-0.6998
RAZEE_p_TCGA_277_b2_N_GenomeWideSNP_6_C12_1320876	13	58079284	58079561	2	-2.9321
RAZEE_p_TCGA_277_b2_N_GenomeWideSNP_6_C12_1320876	13	58079829	59571235	978	-0.7155
RAZEE_p_TCGA_277_b2_N_GenomeWideSNP_6_C12_1320876	13	59571392	59571508	2	-2.6981
RAZEE_p_TCGA_277_b2_N_GenomeWideSNP_6_C12_1320876	13	59574968	71887483	6138	-0.7049
RAZEE_p_TCGA_277_b2_N_GenomeWideSNP_6_C12_1320876	13	71914193	80615166	5861	-0.7686
RAZEE_p_TCGA_277_b2_N_GenomeWideSNP_6_C12_1320876	13	80615467	94446254	8139	-0.7278
RAZEE_p_TCGA_277_b2_N_GenomeWideSNP_6_C12_1320876	13	94449021	110878704	11272	-0.7824
RAZEE_p_TCGA_277_b2_N_GenomeWideSNP_6_C12_1320876	13	110880991	111685238	539	-0.2971
RAZEE_p_TCGA_277_b2_N_GenomeWideSNP_6_C12_1320876	13	111686334	111699815	10	-1.0123
RAZEE_p_TCGA_277_b2_N_GenomeWideSNP_6_C12_1320876	13	111700011	114226675	1005	-0.3245
RAZEE_p_TCGA_277_b2_N_GenomeWideSNP_6_C12_1320876	14	20033191	25028111	2140	0.269
RAZEE_p_TCGA_277_b2_N_GenomeWideSNP_6_C12_1320876	14	25031470	25330683	202	0.0835
RAZEE_p_TCGA_277_b2_N_GenomeWideSNP_6_C12_1320876	14	25349110	30340938	2810	0.33
RAZEE_p_TCGA_277_b2_N_GenomeWideSNP_6_C12_1320876	14	30341461	31019645	367	0.0443
RAZEE_p_TCGA_277_b2_N_GenomeWideSNP_6_C12_1320876	14	31022616	34378023	2404	0.3288
RAZEE_p_TCGA_277_b2_N_GenomeWideSNP_6_C12_1320876	14	34380714	36066759	740	0.2455
RAZEE_p_TCGA_277_b2_N_GenomeWideSNP_6_C12_1320876	14	36067743	44349447	4186	0.3221
RAZEE_p_TCGA_277_b2_N_GenomeWideSNP_6_C12_1320876	14	44350432	45203659	258	0.0374
RAZEE_p_TCGA_277_b2_N_GenomeWideSNP_6_C12_1320876	14	45204376	46924374	663	0.324
RAZEE_p_TCGA_277_b2_N_GenomeWideSNP_6_C12_1320876	14	46926157	52214887	3233	0.0367
RAZEE_p_TCGA_277_b2_N_GenomeWideSNP_6_C12_1320876	14	52220228	73141223	12969	0.2918
RAZEE_p_TCGA_277_b2_N_GenomeWideSNP_6_C12_1320876	14	73147323	73276659	80	0.0846
RAZEE_p_TCGA_277_b2_N_GenomeWideSNP_6_C12_1320876	14	73278679	77867974	2709	0.0109
RAZEE_p_TCGA_277_b2_N_GenomeWideSNP_6_C12_1320876	14	77870437	88138044	6718	0.0754
RAZEE_p_TCGA_277_b2_N_GenomeWideSNP_6_C12_1320876	14	88138171	105533894	10296	-0.306
RAZEE_p_TCGA_277_b2_N_GenomeWideSNP_6_C12_1320876	15	23437561	32959526	3580	-0.2753
RAZEE_p_TCGA_277_b2_N_GenomeWideSNP_6_C12_1320876	15	32963280	47380701	8326	-0.7883
RAZEE_p_TCGA_277_b2_N_GenomeWideSNP_6_C12_1320876	15	47383735	58426799	7024	0.0281
RAZEE_p_TCGA_277_b2_N_GenomeWideSNP_6_C12_1320876	15	58427108	58507244	63	0.5824
RAZEE_p_TCGA_277_b2_N_GenomeWideSNP_6_C12_1320876	15	58507555	59854030	871	-0.0275
RAZEE_p_TCGA_277_b2_N_GenomeWideSNP_6_C12_1320876	15	59854521	63005028	2557	0.0226
RAZEE_p_TCGA_277_b2_N_GenomeWideSNP_6_C12_1320876	15	63006215	65055808	1055	-0.0386
RAZEE_p_TCGA_277_b2_N_GenomeWideSNP_6_C12_1320876	15	65056357	65086327	23	0.6109
RAZEE_p_TCGA_277_b2_N_GenomeWideSNP_6_C12_1320876	15	65091584	79221222	7870	-0.0059
RAZEE_p_TCGA_277_b2_N_GenomeWideSNP_6_C12_1320876	15	79221259	88905717	5743	0.0278
RAZEE_p_TCGA_277_b2_N_GenomeWideSNP_6_C12_1320876	15	88906396	90480368	871	-0.0248
RAZEE_p_TCGA_277_b2_N_GenomeWideSNP_6_C12_1320876	15	90481188	90626989	90	0.4286
RAZEE_p_TCGA_277_b2_N_GenomeWideSNP_6_C12_1320876	15	90629366	101344124	6662	0.0316
RAZEE_p_TCGA_277_b2_N_GenomeWideSNP_6_C12_1320876	16	603333	4285128	1286	-0.0415
RAZEE_p_TCGA_277_b2_N_GenomeWideSNP_6_C12_1320876	16	4295916	8344872	2324	-0.3229
RAZEE_p_TCGA_277_b2_N_GenomeWideSNP_6_C12_1320876	16	8345005	8545411	172	0.0357
RAZEE_p_TCGA_277_b2_N_GenomeWideSNP_6_C12_1320876	16	8545733	10850711	1752	-0.3096
RAZEE_p_TCGA_277_b2_N_GenomeWideSNP_6_C12_1320876	16	10854913	11900773	684	1.6016
RAZEE_p_TCGA_277_b2_N_GenomeWideSNP_6_C12_1320876	16	11905167	26120957	5652	-0.3264
RAZEE_p_TCGA_277_b2_N_GenomeWideSNP_6_C12_1320876	16	26121058	26121117	2	-4.8231
RAZEE_p_TCGA_277_b2_N_GenomeWideSNP_6_C12_1320876	16	26121322	47487872	2583	-0.3343
RAZEE_p_TCGA_277_b2_N_GenomeWideSNP_6_C12_1320876	16	47552436	48284865	362	-0.5036
RAZEE_p_TCGA_277_b2_N_GenomeWideSNP_6_C12_1320876	16	48285046	50107559	1267	-0.2964
RAZEE_p_TCGA_277_b2_N_GenomeWideSNP_6_C12_1320876	16	50114497	50793690	381	-0.5148
RAZEE_p_TCGA_277_b2_N_GenomeWideSNP_6_C12_1320876	16	50794512	51367593	433	-0.407
RAZEE_p_TCGA_277_b2_N_GenomeWideSNP_6_C12_1320876	16	51370826	51371025	2	-1.9201
RAZEE_p_TCGA_277_b2_N_GenomeWideSNP_6_C12_1320876	16	51374354	53548805	1669	-0.3832
RAZEE_p_TCGA_277_b2_N_GenomeWideSNP_6_C12_1320876	16	53550812	53667452	71	0.2617
RAZEE_p_TCGA_277_b2_N_GenomeWideSNP_6_C12_1320876	16	53667601	54752645	900	-0.1191
RAZEE_p_TCGA_277_b2_N_GenomeWideSNP_6_C12_1320876	16	54753332	54868984	79	0.1824
RAZEE_p_TCGA_277_b2_N_GenomeWideSNP_6_C12_1320876	16	54871282	59149183	2718	-0.2971
RAZEE_p_TCGA_277_b2_N_GenomeWideSNP_6_C12_1320876	16	59150341	65644503	4183	-0.2516
RAZEE_p_TCGA_277_b2_N_GenomeWideSNP_6_C12_1320876	16	65645545	72311021	3146	-0.3288
RAZEE_p_TCGA_277_b2_N_GenomeWideSNP_6_C12_1320876	16	72317667	72670781	141	-0.7813
RAZEE_p_TCGA_277_b2_N_GenomeWideSNP_6_C12_1320876	16	72671252	83521508	8375	-0.3056
RAZEE_p_TCGA_277_b2_N_GenomeWideSNP_6_C12_1320876	16	83521920	85141629	686	-0.4053
RAZEE_p_TCGA_277_b2_N_GenomeWideSNP_6_C12_1320876	16	85146564	89317317	2316	-0.3253
RAZEE_p_TCGA_277_b2_N_GenomeWideSNP_6_C12_1320876	17	1074619	10246201	4775	-0.0907
RAZEE_p_TCGA_277_b2_N_GenomeWideSNP_6_C12_1320876	17	10246428	14165313	2745	-0.0187
RAZEE_p_TCGA_277_b2_N_GenomeWideSNP_6_C12_1320876	17	14167216	31125921	4019	-0.074
RAZEE_p_TCGA_277_b2_N_GenomeWideSNP_6_C12_1320876	17	31130728	33538834	1503	0.0262
RAZEE_p_TCGA_277_b2_N_GenomeWideSNP_6_C12_1320876	17	33539048	33540706	2	-2.4953
RAZEE_p_TCGA_277_b2_N_GenomeWideSNP_6_C12_1320876	17	33540848	49843153	6551	-0.0089
RAZEE_p_TCGA_277_b2_N_GenomeWideSNP_6_C12_1320876	17	49845301	56681196	4152	0.0609
RAZEE_p_TCGA_277_b2_N_GenomeWideSNP_6_C12_1320876	17	56681294	65201802	4277	-0.0083
RAZEE_p_TCGA_277_b2_N_GenomeWideSNP_6_C12_1320876	17	65202204	66718947	952	0.0561
RAZEE_p_TCGA_277_b2_N_GenomeWideSNP_6_C12_1320876	17	66718990	69033467	1385	0.004
RAZEE_p_TCGA_277_b2_N_GenomeWideSNP_6_C12_1320876	17	69035316	74853558	3585	0.0563
RAZEE_p_TCGA_277_b2_N_GenomeWideSNP_6_C12_1320876	17	74856037	82959812	3375	-0.0118
RAZEE_p_TCGA_277_b2_N_GenomeWideSNP_6_C12_1320876	18	326691	12549851	7252	-0.2741
RAZEE_p_TCGA_277_b2_N_GenomeWideSNP_6_C12_1320876	18	12558135	36480154	10250	0.0736
RAZEE_p_TCGA_277_b2_N_GenomeWideSNP_6_C12_1320876	18	36480599	45807168	5791	0.3441
RAZEE_p_TCGA_277_b2_N_GenomeWideSNP_6_C12_1320876	18	45813629	46265817	210	0.2293
RAZEE_p_TCGA_277_b2_N_GenomeWideSNP_6_C12_1320876	18	46268692	54424636	5482	-0.2901
RAZEE_p_TCGA_277_b2_N_GenomeWideSNP_6_C12_1320876	18	54431293	56931889	1504	-0.7767
RAZEE_p_TCGA_277_b2_N_GenomeWideSNP_6_C12_1320876	18	56933265	56959373	13	-1.6645
RAZEE_p_TCGA_277_b2_N_GenomeWideSNP_6_C12_1320876	18	56959544	59151281	1471	-0.8121
RAZEE_p_TCGA_277_b2_N_GenomeWideSNP_6_C12_1320876	18	59152868	65532809	4162	-0.3023
RAZEE_p_TCGA_277_b2_N_GenomeWideSNP_6_C12_1320876	18	66065592	66852176	470	-0.7331
RAZEE_p_TCGA_277_b2_N_GenomeWideSNP_6_C12_1320876	18	66852340	79349796	6307	-0.2816
RAZEE_p_TCGA_277_b2_N_GenomeWideSNP_6_C12_1320876	19	283868	21388461	7940	0.1927
RAZEE_p_TCGA_277_b2_N_GenomeWideSNP_6_C12_1320876	19	21404606	23870190	1165	0.2547
RAZEE_p_TCGA_277_b2_N_GenomeWideSNP_6_C12_1320876	19	23872082	27786591	19	0.6917
RAZEE_p_TCGA_277_b2_N_GenomeWideSNP_6_C12_1320876	19	27787381	31312276	2656	0.5053
RAZEE_p_TCGA_277_b2_N_GenomeWideSNP_6_C12_1320876	19	31313195	31422407	81	0.7089
RAZEE_p_TCGA_277_b2_N_GenomeWideSNP_6_C12_1320876	19	31426134	32403544	692	0.2854
RAZEE_p_TCGA_277_b2_N_GenomeWideSNP_6_C12_1320876	19	32404312	34163064	1122	0.6459
RAZEE_p_TCGA_277_b2_N_GenomeWideSNP_6_C12_1320876	19	34164154	37431893	1714	0.222
RAZEE_p_TCGA_277_b2_N_GenomeWideSNP_6_C12_1320876	19	37432580	37824856	187	0.5881
RAZEE_p_TCGA_277_b2_N_GenomeWideSNP_6_C12_1320876	19	37826522	39499605	765	0.2058
RAZEE_p_TCGA_277_b2_N_GenomeWideSNP_6_C12_1320876	19	39514365	40686478	601	-0.4009
RAZEE_p_TCGA_277_b2_N_GenomeWideSNP_6_C12_1320876	19	40686512	44121216	1293	-0.8366
RAZEE_p_TCGA_277_b2_N_GenomeWideSNP_6_C12_1320876	19	44121930	46724564	1156	-0.064
RAZEE_p_TCGA_277_b2_N_GenomeWideSNP_6_C12_1320876	19	46734030	48385540	795	-0.4239
RAZEE_p_TCGA_277_b2_N_GenomeWideSNP_6_C12_1320876	19	48390418	58370362	4037	0.326
RAZEE_p_TCGA_277_b2_N_GenomeWideSNP_6_C12_1320876	20	472817	6371568	3556	0.2492
RAZEE_p_TCGA_277_b2_N_GenomeWideSNP_6_C12_1320876	20	6372756	19647476	9309	0.318
RAZEE_p_TCGA_277_b2_N_GenomeWideSNP_6_C12_1320876	20	19652234	20585381	767	0.4948
RAZEE_p_TCGA_277_b2_N_GenomeWideSNP_6_C12_1320876	20	20588419	31633619	3527	0.3105
RAZEE_p_TCGA_277_b2_N_GenomeWideSNP_6_C12_1320876	20	31640669	36490851	2297	0.2332
RAZEE_p_TCGA_277_b2_N_GenomeWideSNP_6_C12_1320876	20	36491940	36495678	2	1.3899
RAZEE_p_TCGA_277_b2_N_GenomeWideSNP_6_C12_1320876	20	36496706	37295775	452	0.1856
RAZEE_p_TCGA_277_b2_N_GenomeWideSNP_6_C12_1320876	20	37298449	38824551	950	0.2685
RAZEE_p_TCGA_277_b2_N_GenomeWideSNP_6_C12_1320876	20	38825009	39090293	161	0.2051
RAZEE_p_TCGA_277_b2_N_GenomeWideSNP_6_C12_1320876	20	39092624	42996464	2748	0.3055
RAZEE_p_TCGA_277_b2_N_GenomeWideSNP_6_C12_1320876	20	42996491	50686039	4947	0.2595
RAZEE_p_TCGA_277_b2_N_GenomeWideSNP_6_C12_1320876	20	50687161	63588502	8903	0.3001
RAZEE_p_TCGA_277_b2_N_GenomeWideSNP_6_C12_1320876	21	13974127	14851337	561	0.245
RAZEE_p_TCGA_277_b2_N_GenomeWideSNP_6_C12_1320876	21	14852487	15835762	577	0.2879
RAZEE_p_TCGA_277_b2_N_GenomeWideSNP_6_C12_1320876	21	15839803	15840069	2	-0.8781
RAZEE_p_TCGA_277_b2_N_GenomeWideSNP_6_C12_1320876	21	15840520	16729925	563	0.3111
RAZEE_p_TCGA_277_b2_N_GenomeWideSNP_6_C12_1320876	21	16731467	16735940	2	-1.7635
RAZEE_p_TCGA_277_b2_N_GenomeWideSNP_6_C12_1320876	21	16736860	31137693	9266	0.2967
RAZEE_p_TCGA_277_b2_N_GenomeWideSNP_6_C12_1320876	21	31138407	31987338	585	0.259
RAZEE_p_TCGA_277_b2_N_GenomeWideSNP_6_C12_1320876	21	31987668	34983130	1880	0.217
RAZEE_p_TCGA_277_b2_N_GenomeWideSNP_6_C12_1320876	21	34985055	46262057	7348	0.2595
RAZEE_p_TCGA_277_b2_N_GenomeWideSNP_6_C12_1320876	22	16934932	27455971	3570	0.1568
RAZEE_p_TCGA_277_b2_N_GenomeWideSNP_6_C12_1320876	22	27456906	32057072	2590	0.3418
RAZEE_p_TCGA_277_b2_N_GenomeWideSNP_6_C12_1320876	22	32057751	35862714	3074	0.5977
RAZEE_p_TCGA_277_b2_N_GenomeWideSNP_6_C12_1320876	22	35863513	39804412	1931	0.3416
RAZEE_p_TCGA_277_b2_N_GenomeWideSNP_6_C12_1320876	22	39808668	40020081	70	0.5644
RAZEE_p_TCGA_277_b2_N_GenomeWideSNP_6_C12_1320876	22	40024541	43067643	1547	0.3099
RAZEE_p_TCGA_277_b2_N_GenomeWideSNP_6_C12_1320876	22	43068349	48940621	4318	0.403
RAZEE_p_TCGA_277_b2_N_GenomeWideSNP_6_C12_1320876	X	3236359	23957526	8852	0.5981
RAZEE_p_TCGA_277_b2_N_GenomeWideSNP_6_C12_1320876	X	23958776	24580907	361	0.2487
RAZEE_p_TCGA_277_b2_N_GenomeWideSNP_6_C12_1320876	X	24583822	25887745	573	-0.2299
RAZEE_p_TCGA_277_b2_N_GenomeWideSNP_6_C12_1320876	X	25887858	45804643	9509	0.2798
RAZEE_p_TCGA_277_b2_N_GenomeWideSNP_6_C12_1320876	X	45805130	46692406	438	-0.2426
RAZEE_p_TCGA_277_b2_N_GenomeWideSNP_6_C12_1320876	X	46694501	48618092	799	0.25
RAZEE_p_TCGA_277_b2_N_GenomeWideSNP_6_C12_1320876	X	48624918	51118283	1051	-0.2145
RAZEE_p_TCGA_277_b2_N_GenomeWideSNP_6_C12_1320876	X	51119994	53991951	815	0.2639
RAZEE_p_TCGA_277_b2_N_GenomeWideSNP_6_C12_1320876	X	53998097	69409090	4238	-0.2093
RAZEE_p_TCGA_277_b2_N_GenomeWideSNP_6_C12_1320876	X	69409606	69409940	2	-3.0147
RAZEE_p_TCGA_277_b2_N_GenomeWideSNP_6_C12_1320876	X	69410762	92265292	8797	-0.1881
RAZEE_p_TCGA_277_b2_N_GenomeWideSNP_6_C12_1320876	X	92265406	93214505	346	-0.8772
RAZEE_p_TCGA_277_b2_N_GenomeWideSNP_6_C12_1320876	X	93216068	95033568	830	-0.1678
RAZEE_p_TCGA_277_b2_N_GenomeWideSNP_6_C12_1320876	X	95033999	96648867	160	-1.0412
RAZEE_p_TCGA_277_b2_N_GenomeWideSNP_6_C12_1320876	X	96650294	96996909	215	0.3009
RAZEE_p_TCGA_277_b2_N_GenomeWideSNP_6_C12_1320876	X	96999889	98444738	818	-0.2152
RAZEE_p_TCGA_277_b2_N_GenomeWideSNP_6_C12_1320876	X	98448482	99459137	523	0.2847
RAZEE_p_TCGA_277_b2_N_GenomeWideSNP_6_C12_1320876	X	99463614	101506512	974	-0.1937
RAZEE_p_TCGA_277_b2_N_GenomeWideSNP_6_C12_1320876	X	101517929	102183584	402	-0.9251
RAZEE_p_TCGA_277_b2_N_GenomeWideSNP_6_C12_1320876	X	102184104	103504481	503	-0.2313
RAZEE_p_TCGA_277_b2_N_GenomeWideSNP_6_C12_1320876	X	103506815	107966612	1861	-1.0261
RAZEE_p_TCGA_277_b2_N_GenomeWideSNP_6_C12_1320876	X	107966649	119213798	5546	-0.2112
RAZEE_p_TCGA_277_b2_N_GenomeWideSNP_6_C12_1320876	X	119214077	119651725	177	-1.1542
RAZEE_p_TCGA_277_b2_N_GenomeWideSNP_6_C12_1320876	X	119652164	124680119	2614	-0.2047
RAZEE_p_TCGA_277_b2_N_GenomeWideSNP_6_C12_1320876	X	124683410	124883349	103	0.2196
RAZEE_p_TCGA_277_b2_N_GenomeWideSNP_6_C12_1320876	X	124884215	125431407	325	-0.9759
RAZEE_p_TCGA_277_b2_N_GenomeWideSNP_6_C12_1320876	X	125432264	125432715	2	-4.5683
RAZEE_p_TCGA_277_b2_N_GenomeWideSNP_6_C12_1320876	X	125432832	126439566	359	-0.9104
RAZEE_p_TCGA_277_b2_N_GenomeWideSNP_6_C12_1320876	X	126464964	128878587	980	-0.188
RAZEE_p_TCGA_277_b2_N_GenomeWideSNP_6_C12_1320876	X	128879183	128940664	43	0.2987
RAZEE_p_TCGA_277_b2_N_GenomeWideSNP_6_C12_1320876	X	128946130	129154386	118	-1.142
RAZEE_p_TCGA_277_b2_N_GenomeWideSNP_6_C12_1320876	X	129168598	129500777	191	0.2868
RAZEE_p_TCGA_277_b2_N_GenomeWideSNP_6_C12_1320876	X	129502227	130858627	727	-0.2057
RAZEE_p_TCGA_277_b2_N_GenomeWideSNP_6_C12_1320876	X	130859697	131244114	192	0.2819
RAZEE_p_TCGA_277_b2_N_GenomeWideSNP_6_C12_1320876	X	131839353	132074492	136	-0.9603
RAZEE_p_TCGA_277_b2_N_GenomeWideSNP_6_C12_1320876	X	132077207	132093495	12	-2.834
RAZEE_p_TCGA_277_b2_N_GenomeWideSNP_6_C12_1320876	X	132093627	132445329	164	-0.9835
RAZEE_p_TCGA_277_b2_N_GenomeWideSNP_6_C12_1320876	X	132445971	136153494	1419	-0.2181
RAZEE_p_TCGA_277_b2_N_GenomeWideSNP_6_C12_1320876	X	136158501	136358105	98	-1.1659
RAZEE_p_TCGA_277_b2_N_GenomeWideSNP_6_C12_1320876	X	136360407	139466307	1807	-0.2219
RAZEE_p_TCGA_277_b2_N_GenomeWideSNP_6_C12_1320876	X	139466960	139651095	139	-1.2485
RAZEE_p_TCGA_277_b2_N_GenomeWideSNP_6_C12_1320876	X	140422569	142555737	787	-0.2022
RAZEE_p_TCGA_277_b2_N_GenomeWideSNP_6_C12_1320876	X	142555843	142742503	147	0.6662
RAZEE_p_TCGA_277_b2_N_GenomeWideSNP_6_C12_1320876	X	142743925	144107253	745	-0.2046
RAZEE_p_TCGA_277_b2_N_GenomeWideSNP_6_C12_1320876	X	144120460	144362291	96	-0.9139
RAZEE_p_TCGA_277_b2_N_GenomeWideSNP_6_C12_1320876	X	144368472	144881368	221	-0.1659
RAZEE_p_TCGA_277_b2_N_GenomeWideSNP_6_C12_1320876	X	144885683	146953769	1358	0.3001
RAZEE_p_TCGA_277_b2_N_GenomeWideSNP_6_C12_1320876	X	146954939	147848257	607	-0.2088
RAZEE_p_TCGA_277_b2_N_GenomeWideSNP_6_C12_1320876	X	147848696	150188645	1077	0.6371
RAZEE_p_TCGA_277_b2_N_GenomeWideSNP_6_C12_1320876	X	150191171	152691173	1429	1.1147
RAZEE_p_TCGA_277_b2_N_GenomeWideSNP_6_C12_1320876	X	153434224	155677414	404	-0.1708
