Sample	Chromosome	Start	End	Num_Probes	Segment_Mean
YOGIN_p_TCGA_4_262_263_N_GenomeWideSNP_6_E09_1306198	1	3301765	7901234	2982	-0.6933
YOGIN_p_TCGA_4_262_263_N_GenomeWideSNP_6_E09_1306198	1	7913248	10446134	1183	0.1204
YOGIN_p_TCGA_4_262_263_N_GenomeWideSNP_6_E09_1306198	1	10448079	11048996	296	-0.6802
YOGIN_p_TCGA_4_262_263_N_GenomeWideSNP_6_E09_1306198	1	11058087	11077295	9	0.1694
YOGIN_p_TCGA_4_262_263_N_GenomeWideSNP_6_E09_1306198	1	11080386	11139159	31	-0.7246
YOGIN_p_TCGA_4_262_263_N_GenomeWideSNP_6_E09_1306198	1	11143046	15596141	2489	0.1645
YOGIN_p_TCGA_4_262_263_N_GenomeWideSNP_6_E09_1306198	1	15606437	17324203	571	0.0962
YOGIN_p_TCGA_4_262_263_N_GenomeWideSNP_6_E09_1306198	1	17328912	18890213	1167	0.1829
YOGIN_p_TCGA_4_262_263_N_GenomeWideSNP_6_E09_1306198	1	18890631	19175207	170	-0.7035
YOGIN_p_TCGA_4_262_263_N_GenomeWideSNP_6_E09_1306198	1	19186019	19415660	133	0.1469
YOGIN_p_TCGA_4_262_263_N_GenomeWideSNP_6_E09_1306198	1	19417308	19732102	217	-0.6807
YOGIN_p_TCGA_4_262_263_N_GenomeWideSNP_6_E09_1306198	1	19733872	19991376	192	0.1582
YOGIN_p_TCGA_4_262_263_N_GenomeWideSNP_6_E09_1306198	1	19994525	20030164	14	-0.6138
YOGIN_p_TCGA_4_262_263_N_GenomeWideSNP_6_E09_1306198	1	20030648	20071484	25	0.1543
YOGIN_p_TCGA_4_262_263_N_GenomeWideSNP_6_E09_1306198	1	20072559	20074128	4	-0.5409
YOGIN_p_TCGA_4_262_263_N_GenomeWideSNP_6_E09_1306198	1	20076605	20177217	66	0.1346
YOGIN_p_TCGA_4_262_263_N_GenomeWideSNP_6_E09_1306198	1	20182972	20540242	243	-0.7015
YOGIN_p_TCGA_4_262_263_N_GenomeWideSNP_6_E09_1306198	1	20541457	20564785	15	0.1374
YOGIN_p_TCGA_4_262_263_N_GenomeWideSNP_6_E09_1306198	1	20565333	20662264	77	-0.7334
YOGIN_p_TCGA_4_262_263_N_GenomeWideSNP_6_E09_1306198	1	20664946	20676373	11	0.232
YOGIN_p_TCGA_4_262_263_N_GenomeWideSNP_6_E09_1306198	1	20677979	21281995	291	-0.7503
YOGIN_p_TCGA_4_262_263_N_GenomeWideSNP_6_E09_1306198	1	21287656	21565250	106	0.1614
YOGIN_p_TCGA_4_262_263_N_GenomeWideSNP_6_E09_1306198	1	21567814	21677300	78	-0.6643
YOGIN_p_TCGA_4_262_263_N_GenomeWideSNP_6_E09_1306198	1	21679056	22286197	283	0.1716
YOGIN_p_TCGA_4_262_263_N_GenomeWideSNP_6_E09_1306198	1	22289247	22369573	41	-0.6515
YOGIN_p_TCGA_4_262_263_N_GenomeWideSNP_6_E09_1306198	1	22371954	23434980	655	0.1377
YOGIN_p_TCGA_4_262_263_N_GenomeWideSNP_6_E09_1306198	1	23439314	23468289	24	-0.7599
YOGIN_p_TCGA_4_262_263_N_GenomeWideSNP_6_E09_1306198	1	23473390	26200951	1260	0.1361
YOGIN_p_TCGA_4_262_263_N_GenomeWideSNP_6_E09_1306198	1	26212399	31244722	2424	-0.6944
YOGIN_p_TCGA_4_262_263_N_GenomeWideSNP_6_E09_1306198	1	31249109	31249715	2	-3.1002
YOGIN_p_TCGA_4_262_263_N_GenomeWideSNP_6_E09_1306198	1	31249774	31408790	82	-0.6802
YOGIN_p_TCGA_4_262_263_N_GenomeWideSNP_6_E09_1306198	1	31409912	31495473	47	0.1156
YOGIN_p_TCGA_4_262_263_N_GenomeWideSNP_6_E09_1306198	1	31514697	31550174	27	-0.6616
YOGIN_p_TCGA_4_262_263_N_GenomeWideSNP_6_E09_1306198	1	31550869	31646788	47	0.1536
YOGIN_p_TCGA_4_262_263_N_GenomeWideSNP_6_E09_1306198	1	31647850	31722314	41	-0.6552
YOGIN_p_TCGA_4_262_263_N_GenomeWideSNP_6_E09_1306198	1	31725572	33148561	557	0.1134
YOGIN_p_TCGA_4_262_263_N_GenomeWideSNP_6_E09_1306198	1	33150007	33158807	4	0.8016
YOGIN_p_TCGA_4_262_263_N_GenomeWideSNP_6_E09_1306198	1	33159523	38793002	3270	0.1568
YOGIN_p_TCGA_4_262_263_N_GenomeWideSNP_6_E09_1306198	1	38793186	41077215	1096	0.1134
YOGIN_p_TCGA_4_262_263_N_GenomeWideSNP_6_E09_1306198	1	41081304	41248412	73	-0.7413
YOGIN_p_TCGA_4_262_263_N_GenomeWideSNP_6_E09_1306198	1	41251116	41520395	177	0.1659
YOGIN_p_TCGA_4_262_263_N_GenomeWideSNP_6_E09_1306198	1	41522963	41623034	82	-0.6849
YOGIN_p_TCGA_4_262_263_N_GenomeWideSNP_6_E09_1306198	1	41623878	42648313	659	0.128
YOGIN_p_TCGA_4_262_263_N_GenomeWideSNP_6_E09_1306198	1	42655150	43034005	229	-0.7284
YOGIN_p_TCGA_4_262_263_N_GenomeWideSNP_6_E09_1306198	1	43038469	47225013	2053	0.1351
YOGIN_p_TCGA_4_262_263_N_GenomeWideSNP_6_E09_1306198	1	47227548	50972693	2004	0.1709
YOGIN_p_TCGA_4_262_263_N_GenomeWideSNP_6_E09_1306198	1	50973481	52978229	874	0.0913
YOGIN_p_TCGA_4_262_263_N_GenomeWideSNP_6_E09_1306198	1	52979498	64436772	8221	0.1528
YOGIN_p_TCGA_4_262_263_N_GenomeWideSNP_6_E09_1306198	1	64436800	92707570	17345	0.1247
YOGIN_p_TCGA_4_262_263_N_GenomeWideSNP_6_E09_1306198	1	92711266	111237559	10623	-0.7254
YOGIN_p_TCGA_4_262_263_N_GenomeWideSNP_6_E09_1306198	1	111237737	111238509	4	-2.2987
YOGIN_p_TCGA_4_262_263_N_GenomeWideSNP_6_E09_1306198	1	111239264	119984772	5551	-0.7132
YOGIN_p_TCGA_4_262_263_N_GenomeWideSNP_6_E09_1306198	1	149906351	173883989	15087	0.1204
YOGIN_p_TCGA_4_262_263_N_GenomeWideSNP_6_E09_1306198	1	173884969	174060209	101	-0.7762
YOGIN_p_TCGA_4_262_263_N_GenomeWideSNP_6_E09_1306198	1	174061622	174092278	12	0.032
YOGIN_p_TCGA_4_262_263_N_GenomeWideSNP_6_E09_1306198	1	174100660	174374864	107	-0.7224
YOGIN_p_TCGA_4_262_263_N_GenomeWideSNP_6_E09_1306198	1	174384762	174799389	185	0.0716
YOGIN_p_TCGA_4_262_263_N_GenomeWideSNP_6_E09_1306198	1	174800072	174822636	16	-0.7364
YOGIN_p_TCGA_4_262_263_N_GenomeWideSNP_6_E09_1306198	1	174825006	175051406	116	0.0888
YOGIN_p_TCGA_4_262_263_N_GenomeWideSNP_6_E09_1306198	1	175052667	175061984	9	-0.6655
YOGIN_p_TCGA_4_262_263_N_GenomeWideSNP_6_E09_1306198	1	175069235	182826487	4867	0.1346
YOGIN_p_TCGA_4_262_263_N_GenomeWideSNP_6_E09_1306198	1	182831521	182835324	6	-0.7173
YOGIN_p_TCGA_4_262_263_N_GenomeWideSNP_6_E09_1306198	1	182840976	192128110	5551	0.1028
YOGIN_p_TCGA_4_262_263_N_GenomeWideSNP_6_E09_1306198	1	192130487	192172707	28	-0.7102
YOGIN_p_TCGA_4_262_263_N_GenomeWideSNP_6_E09_1306198	1	192176673	192255691	40	0.0507
YOGIN_p_TCGA_4_262_263_N_GenomeWideSNP_6_E09_1306198	1	192258947	192493479	153	-0.7648
YOGIN_p_TCGA_4_262_263_N_GenomeWideSNP_6_E09_1306198	1	192496811	192595559	80	0.1873
YOGIN_p_TCGA_4_262_263_N_GenomeWideSNP_6_E09_1306198	1	192602981	192998962	256	-0.76
YOGIN_p_TCGA_4_262_263_N_GenomeWideSNP_6_E09_1306198	1	193000595	193073118	31	0.0744
YOGIN_p_TCGA_4_262_263_N_GenomeWideSNP_6_E09_1306198	1	193075531	193166235	78	-0.6669
YOGIN_p_TCGA_4_262_263_N_GenomeWideSNP_6_E09_1306198	1	193166250	194238807	841	0.0946
YOGIN_p_TCGA_4_262_263_N_GenomeWideSNP_6_E09_1306198	1	194243354	194274521	12	-0.7619
YOGIN_p_TCGA_4_262_263_N_GenomeWideSNP_6_E09_1306198	1	194278172	194360974	49	0.1376
YOGIN_p_TCGA_4_262_263_N_GenomeWideSNP_6_E09_1306198	1	194361034	194370269	6	-0.5489
YOGIN_p_TCGA_4_262_263_N_GenomeWideSNP_6_E09_1306198	1	194370368	194426151	36	0.2324
YOGIN_p_TCGA_4_262_263_N_GenomeWideSNP_6_E09_1306198	1	194427813	200894147	3586	0.1016
YOGIN_p_TCGA_4_262_263_N_GenomeWideSNP_6_E09_1306198	1	200894458	201244602	271	0.1884
YOGIN_p_TCGA_4_262_263_N_GenomeWideSNP_6_E09_1306198	1	201244875	247650984	30043	-0.7168
YOGIN_p_TCGA_4_262_263_N_GenomeWideSNP_6_E09_1306198	2	480597	4045879	1644	0.1848
YOGIN_p_TCGA_4_262_263_N_GenomeWideSNP_6_E09_1306198	2	4046161	13220013	6536	0.1418
YOGIN_p_TCGA_4_262_263_N_GenomeWideSNP_6_E09_1306198	2	13220218	13940260	410	0.0649
YOGIN_p_TCGA_4_262_263_N_GenomeWideSNP_6_E09_1306198	2	13941636	23748503	6645	0.1445
YOGIN_p_TCGA_4_262_263_N_GenomeWideSNP_6_E09_1306198	2	23749976	24739493	427	0.0803
YOGIN_p_TCGA_4_262_263_N_GenomeWideSNP_6_E09_1306198	2	24741626	27167776	1133	0.1299
YOGIN_p_TCGA_4_262_263_N_GenomeWideSNP_6_E09_1306198	2	27168189	28305402	505	0.0785
YOGIN_p_TCGA_4_262_263_N_GenomeWideSNP_6_E09_1306198	2	28306067	30732220	1600	0.147
YOGIN_p_TCGA_4_262_263_N_GenomeWideSNP_6_E09_1306198	2	30732597	30733925	2	-1.1649
YOGIN_p_TCGA_4_262_263_N_GenomeWideSNP_6_E09_1306198	2	30734814	38319776	3776	0.1212
YOGIN_p_TCGA_4_262_263_N_GenomeWideSNP_6_E09_1306198	2	38323901	38346070	11	-0.7239
YOGIN_p_TCGA_4_262_263_N_GenomeWideSNP_6_E09_1306198	2	38360850	71570247	19671	0.1162
YOGIN_p_TCGA_4_262_263_N_GenomeWideSNP_6_E09_1306198	2	71570510	72186581	353	0.1957
YOGIN_p_TCGA_4_262_263_N_GenomeWideSNP_6_E09_1306198	2	72187533	78085920	3171	0.1171
YOGIN_p_TCGA_4_262_263_N_GenomeWideSNP_6_E09_1306198	2	78086623	78087148	4	-0.7836
YOGIN_p_TCGA_4_262_263_N_GenomeWideSNP_6_E09_1306198	2	78089381	81508803	1642	0.1207
YOGIN_p_TCGA_4_262_263_N_GenomeWideSNP_6_E09_1306198	2	81509067	81534589	25	-0.655
YOGIN_p_TCGA_4_262_263_N_GenomeWideSNP_6_E09_1306198	2	81538633	112520283	11925	0.1225
YOGIN_p_TCGA_4_262_263_N_GenomeWideSNP_6_E09_1306198	2	112523303	112532428	9	-0.6596
YOGIN_p_TCGA_4_262_263_N_GenomeWideSNP_6_E09_1306198	2	112536764	117609625	2496	0.1065
YOGIN_p_TCGA_4_262_263_N_GenomeWideSNP_6_E09_1306198	2	117612355	133291521	7751	0.1438
YOGIN_p_TCGA_4_262_263_N_GenomeWideSNP_6_E09_1306198	2	133294254	133298402	6	-0.8176
YOGIN_p_TCGA_4_262_263_N_GenomeWideSNP_6_E09_1306198	2	133398502	134180483	590	0.1388
YOGIN_p_TCGA_4_262_263_N_GenomeWideSNP_6_E09_1306198	2	134181226	163457450	16683	0.0968
YOGIN_p_TCGA_4_262_263_N_GenomeWideSNP_6_E09_1306198	2	163457468	179817916	10158	0.1136
YOGIN_p_TCGA_4_262_263_N_GenomeWideSNP_6_E09_1306198	2	179818599	197727163	8681	0.0855
YOGIN_p_TCGA_4_262_263_N_GenomeWideSNP_6_E09_1306198	2	197727776	197734501	2	1.3815
YOGIN_p_TCGA_4_262_263_N_GenomeWideSNP_6_E09_1306198	2	197743625	215336184	10284	0.1044
YOGIN_p_TCGA_4_262_263_N_GenomeWideSNP_6_E09_1306198	2	215336465	217926301	1856	0.1574
YOGIN_p_TCGA_4_262_263_N_GenomeWideSNP_6_E09_1306198	2	217926457	234459176	10000	0.1213
YOGIN_p_TCGA_4_262_263_N_GenomeWideSNP_6_E09_1306198	2	234459925	241537572	4271	0.1584
YOGIN_p_TCGA_4_262_263_N_GenomeWideSNP_6_E09_1306198	3	2170634	15158999	7979	0.1551
YOGIN_p_TCGA_4_262_263_N_GenomeWideSNP_6_E09_1306198	3	15161665	15816100	397	-0.7255
YOGIN_p_TCGA_4_262_263_N_GenomeWideSNP_6_E09_1306198	3	15819932	23515532	4063	0.114
YOGIN_p_TCGA_4_262_263_N_GenomeWideSNP_6_E09_1306198	3	23517719	23834348	186	0.6884
YOGIN_p_TCGA_4_262_263_N_GenomeWideSNP_6_E09_1306198	3	23836530	23841830	7	0.114
YOGIN_p_TCGA_4_262_263_N_GenomeWideSNP_6_E09_1306198	3	23847320	23874717	23	0.6463
YOGIN_p_TCGA_4_262_263_N_GenomeWideSNP_6_E09_1306198	3	23877125	27040272	1992	0.1203
YOGIN_p_TCGA_4_262_263_N_GenomeWideSNP_6_E09_1306198	3	27041207	27312323	152	0.6469
YOGIN_p_TCGA_4_262_263_N_GenomeWideSNP_6_E09_1306198	3	27312917	27323298	10	0.1168
YOGIN_p_TCGA_4_262_263_N_GenomeWideSNP_6_E09_1306198	3	27326090	27547315	101	0.6583
YOGIN_p_TCGA_4_262_263_N_GenomeWideSNP_6_E09_1306198	3	27556039	53534890	14561	0.1263
YOGIN_p_TCGA_4_262_263_N_GenomeWideSNP_6_E09_1306198	3	53535098	55813866	1819	0.1641
YOGIN_p_TCGA_4_262_263_N_GenomeWideSNP_6_E09_1306198	3	55814719	61473657	2689	0.1292
YOGIN_p_TCGA_4_262_263_N_GenomeWideSNP_6_E09_1306198	3	61475361	66754369	4041	0.1614
YOGIN_p_TCGA_4_262_263_N_GenomeWideSNP_6_E09_1306198	3	66754597	79077860	7714	0.1336
YOGIN_p_TCGA_4_262_263_N_GenomeWideSNP_6_E09_1306198	3	79078662	117402415	18749	0.1084
YOGIN_p_TCGA_4_262_263_N_GenomeWideSNP_6_E09_1306198	3	117402519	124026159	3720	0.136
YOGIN_p_TCGA_4_262_263_N_GenomeWideSNP_6_E09_1306198	3	124036247	124056053	10	-0.7073
YOGIN_p_TCGA_4_262_263_N_GenomeWideSNP_6_E09_1306198	3	124061189	125887674	1159	0.1492
YOGIN_p_TCGA_4_262_263_N_GenomeWideSNP_6_E09_1306198	3	125888071	127704933	1107	0.1847
YOGIN_p_TCGA_4_262_263_N_GenomeWideSNP_6_E09_1306198	3	127704934	133187442	3086	0.1223
YOGIN_p_TCGA_4_262_263_N_GenomeWideSNP_6_E09_1306198	3	133189653	133297060	78	-0.7163
YOGIN_p_TCGA_4_262_263_N_GenomeWideSNP_6_E09_1306198	3	133313789	141958418	4960	0.1445
YOGIN_p_TCGA_4_262_263_N_GenomeWideSNP_6_E09_1306198	3	141967908	192739147	26674	0.1138
YOGIN_p_TCGA_4_262_263_N_GenomeWideSNP_6_E09_1306198	3	192749171	197812401	1956	0.1408
YOGIN_p_TCGA_4_262_263_N_GenomeWideSNP_6_E09_1306198	4	1059384	3265941	880	0.1305
YOGIN_p_TCGA_4_262_263_N_GenomeWideSNP_6_E09_1306198	4	3266122	11624596	5067	0.1781
YOGIN_p_TCGA_4_262_263_N_GenomeWideSNP_6_E09_1306198	4	11626373	26063014	9849	0.132
YOGIN_p_TCGA_4_262_263_N_GenomeWideSNP_6_E09_1306198	4	26067148	40291538	8538	0.1089
YOGIN_p_TCGA_4_262_263_N_GenomeWideSNP_6_E09_1306198	4	40291667	42146685	1151	0.1357
YOGIN_p_TCGA_4_262_263_N_GenomeWideSNP_6_E09_1306198	4	42147298	42163971	6	-0.7022
YOGIN_p_TCGA_4_262_263_N_GenomeWideSNP_6_E09_1306198	4	42169056	63044097	9684	0.1239
YOGIN_p_TCGA_4_262_263_N_GenomeWideSNP_6_E09_1306198	4	63049477	63255715	27	0.6293
YOGIN_p_TCGA_4_262_263_N_GenomeWideSNP_6_E09_1306198	4	63292904	113297046	28075	0.1065
YOGIN_p_TCGA_4_262_263_N_GenomeWideSNP_6_E09_1306198	4	113297634	113560203	161	0.6159
YOGIN_p_TCGA_4_262_263_N_GenomeWideSNP_6_E09_1306198	4	113562273	123289779	5465	0.1051
YOGIN_p_TCGA_4_262_263_N_GenomeWideSNP_6_E09_1306198	4	123293695	123305235	8	-0.76
YOGIN_p_TCGA_4_262_263_N_GenomeWideSNP_6_E09_1306198	4	123308242	136614645	6536	0.1043
YOGIN_p_TCGA_4_262_263_N_GenomeWideSNP_6_E09_1306198	4	136622339	136699366	40	-0.7326
YOGIN_p_TCGA_4_262_263_N_GenomeWideSNP_6_E09_1306198	4	136703669	169034225	18491	0.1107
YOGIN_p_TCGA_4_262_263_N_GenomeWideSNP_6_E09_1306198	4	169039073	169158068	78	0.6596
YOGIN_p_TCGA_4_262_263_N_GenomeWideSNP_6_E09_1306198	4	169160248	177692106	4732	0.1165
YOGIN_p_TCGA_4_262_263_N_GenomeWideSNP_6_E09_1306198	4	177696586	177710842	9	-0.6452
YOGIN_p_TCGA_4_262_263_N_GenomeWideSNP_6_E09_1306198	4	177719292	181442228	1769	0.1337
YOGIN_p_TCGA_4_262_263_N_GenomeWideSNP_6_E09_1306198	4	181446916	181559422	106	-0.7297
YOGIN_p_TCGA_4_262_263_N_GenomeWideSNP_6_E09_1306198	4	181560729	187842528	2908	0.1533
YOGIN_p_TCGA_4_262_263_N_GenomeWideSNP_6_E09_1306198	5	913983	1340343	74	0.1739
YOGIN_p_TCGA_4_262_263_N_GenomeWideSNP_6_E09_1306198	5	1344240	5270281	2903	0.6968
YOGIN_p_TCGA_4_262_263_N_GenomeWideSNP_6_E09_1306198	5	5273832	5317769	60	-0.7003
YOGIN_p_TCGA_4_262_263_N_GenomeWideSNP_6_E09_1306198	5	5320905	7409916	1650	0.6817
YOGIN_p_TCGA_4_262_263_N_GenomeWideSNP_6_E09_1306198	5	7473941	10701922	2509	0.1645
YOGIN_p_TCGA_4_262_263_N_GenomeWideSNP_6_E09_1306198	5	10702576	16576121	3172	0.1284
YOGIN_p_TCGA_4_262_263_N_GenomeWideSNP_6_E09_1306198	5	16580273	17768744	552	0.1698
YOGIN_p_TCGA_4_262_263_N_GenomeWideSNP_6_E09_1306198	5	17768977	30913617	6934	0.1026
YOGIN_p_TCGA_4_262_263_N_GenomeWideSNP_6_E09_1306198	5	30913690	39823317	5424	0.13
YOGIN_p_TCGA_4_262_263_N_GenomeWideSNP_6_E09_1306198	5	39823738	66672287	12217	0.1046
YOGIN_p_TCGA_4_262_263_N_GenomeWideSNP_6_E09_1306198	5	66672961	66681121	8	-0.8847
YOGIN_p_TCGA_4_262_263_N_GenomeWideSNP_6_E09_1306198	5	66682669	79982773	7157	0.1132
YOGIN_p_TCGA_4_262_263_N_GenomeWideSNP_6_E09_1306198	5	79986975	112887024	17190	0.087
YOGIN_p_TCGA_4_262_263_N_GenomeWideSNP_6_E09_1306198	5	112890964	112892102	2	-1.3833
YOGIN_p_TCGA_4_262_263_N_GenomeWideSNP_6_E09_1306198	5	112894017	112906106	13	0.2318
YOGIN_p_TCGA_4_262_263_N_GenomeWideSNP_6_E09_1306198	5	112907271	112910756	3	-0.9265
YOGIN_p_TCGA_4_262_263_N_GenomeWideSNP_6_E09_1306198	5	112918585	131983767	11067	0.0979
YOGIN_p_TCGA_4_262_263_N_GenomeWideSNP_6_E09_1306198	5	131984199	133254668	711	0.1044
YOGIN_p_TCGA_4_262_263_N_GenomeWideSNP_6_E09_1306198	5	133255839	137646548	3031	0.138
YOGIN_p_TCGA_4_262_263_N_GenomeWideSNP_6_E09_1306198	5	137647422	146559832	4876	0.1004
YOGIN_p_TCGA_4_262_263_N_GenomeWideSNP_6_E09_1306198	5	146560057	147149856	436	0.1489
YOGIN_p_TCGA_4_262_263_N_GenomeWideSNP_6_E09_1306198	5	147150374	147488198	242	-0.7791
YOGIN_p_TCGA_4_262_263_N_GenomeWideSNP_6_E09_1306198	5	147490866	161083953	9011	0.119
YOGIN_p_TCGA_4_262_263_N_GenomeWideSNP_6_E09_1306198	5	161086524	166118928	3021	0.0884
YOGIN_p_TCGA_4_262_263_N_GenomeWideSNP_6_E09_1306198	5	166118962	167608483	1015	0.124
YOGIN_p_TCGA_4_262_263_N_GenomeWideSNP_6_E09_1306198	5	167609209	167644593	25	-0.8979
YOGIN_p_TCGA_4_262_263_N_GenomeWideSNP_6_E09_1306198	5	167649071	176623510	5990	0.1435
YOGIN_p_TCGA_4_262_263_N_GenomeWideSNP_6_E09_1306198	5	176623714	177499740	284	0.6129
YOGIN_p_TCGA_4_262_263_N_GenomeWideSNP_6_E09_1306198	5	177502145	180934240	1596	0.1436
YOGIN_p_TCGA_4_262_263_N_GenomeWideSNP_6_E09_1306198	6	1011760	53758216	32022	0.1218
YOGIN_p_TCGA_4_262_263_N_GenomeWideSNP_6_E09_1306198	6	53763011	53790880	9	-0.7257
YOGIN_p_TCGA_4_262_263_N_GenomeWideSNP_6_E09_1306198	6	53792243	80482738	12537	0.11
YOGIN_p_TCGA_4_262_263_N_GenomeWideSNP_6_E09_1306198	6	80489109	80501169	6	-0.8826
YOGIN_p_TCGA_4_262_263_N_GenomeWideSNP_6_E09_1306198	6	80501502	120263785	22210	0.1115
YOGIN_p_TCGA_4_262_263_N_GenomeWideSNP_6_E09_1306198	6	120264352	120326295	41	-0.7955
YOGIN_p_TCGA_4_262_263_N_GenomeWideSNP_6_E09_1306198	6	120329413	120406088	49	0.082
YOGIN_p_TCGA_4_262_263_N_GenomeWideSNP_6_E09_1306198	6	120411615	120652149	188	-0.7595
YOGIN_p_TCGA_4_262_263_N_GenomeWideSNP_6_E09_1306198	6	120706657	122027189	695	0.0956
YOGIN_p_TCGA_4_262_263_N_GenomeWideSNP_6_E09_1306198	6	122029350	122029691	3	-0.7501
YOGIN_p_TCGA_4_262_263_N_GenomeWideSNP_6_E09_1306198	6	122030068	129140211	4160	0.1115
YOGIN_p_TCGA_4_262_263_N_GenomeWideSNP_6_E09_1306198	6	129140922	129264329	85	-0.8076
YOGIN_p_TCGA_4_262_263_N_GenomeWideSNP_6_E09_1306198	6	129268966	137628274	5693	0.1142
YOGIN_p_TCGA_4_262_263_N_GenomeWideSNP_6_E09_1306198	6	137629740	137999486	222	-0.7696
YOGIN_p_TCGA_4_262_263_N_GenomeWideSNP_6_E09_1306198	6	138006624	139914805	1228	0.1195
YOGIN_p_TCGA_4_262_263_N_GenomeWideSNP_6_E09_1306198	6	139916469	140039058	63	-0.7455
YOGIN_p_TCGA_4_262_263_N_GenomeWideSNP_6_E09_1306198	6	140043405	141427942	447	0.0903
YOGIN_p_TCGA_4_262_263_N_GenomeWideSNP_6_E09_1306198	6	141434232	142012452	281	0.6251
YOGIN_p_TCGA_4_262_263_N_GenomeWideSNP_6_E09_1306198	6	142014053	142466765	226	0.1017
YOGIN_p_TCGA_4_262_263_N_GenomeWideSNP_6_E09_1306198	6	142470133	142511723	22	-0.726
YOGIN_p_TCGA_4_262_263_N_GenomeWideSNP_6_E09_1306198	6	142514848	149858873	4824	0.1197
YOGIN_p_TCGA_4_262_263_N_GenomeWideSNP_6_E09_1306198	6	149861082	150944078	783	0.1753
YOGIN_p_TCGA_4_262_263_N_GenomeWideSNP_6_E09_1306198	6	150946587	152194655	917	0.1286
YOGIN_p_TCGA_4_262_263_N_GenomeWideSNP_6_E09_1306198	6	152194659	154548780	1713	-0.7609
YOGIN_p_TCGA_4_262_263_N_GenomeWideSNP_6_E09_1306198	6	154549554	154557246	6	-2.3646
YOGIN_p_TCGA_4_262_263_N_GenomeWideSNP_6_E09_1306198	6	154557264	170596889	8744	-0.7363
YOGIN_p_TCGA_4_262_263_N_GenomeWideSNP_6_E09_1306198	7	664936	6190278	2077	0.1468
YOGIN_p_TCGA_4_262_263_N_GenomeWideSNP_6_E09_1306198	7	6190663	9646772	1574	0.6082
YOGIN_p_TCGA_4_262_263_N_GenomeWideSNP_6_E09_1306198	7	9647040	55637873	29541	0.6436
YOGIN_p_TCGA_4_262_263_N_GenomeWideSNP_6_E09_1306198	7	55638360	67548706	1517	0.5919
YOGIN_p_TCGA_4_262_263_N_GenomeWideSNP_6_E09_1306198	7	67549490	73341521	3075	0.6623
YOGIN_p_TCGA_4_262_263_N_GenomeWideSNP_6_E09_1306198	7	73342335	77589922	1198	0.5922
YOGIN_p_TCGA_4_262_263_N_GenomeWideSNP_6_E09_1306198	7	77591802	77830008	120	0.0433
YOGIN_p_TCGA_4_262_263_N_GenomeWideSNP_6_E09_1306198	7	77830561	92581026	7713	0.629
YOGIN_p_TCGA_4_262_263_N_GenomeWideSNP_6_E09_1306198	7	92581077	92684419	119	-0.7698
YOGIN_p_TCGA_4_262_263_N_GenomeWideSNP_6_E09_1306198	7	92685765	134773659	22491	0.6256
YOGIN_p_TCGA_4_262_263_N_GenomeWideSNP_6_E09_1306198	7	134777091	135171911	246	-0.754
YOGIN_p_TCGA_4_262_263_N_GenomeWideSNP_6_E09_1306198	7	135173308	154282603	9694	0.6338
YOGIN_p_TCGA_4_262_263_N_GenomeWideSNP_6_E09_1306198	7	154282833	154284950	2	-0.7899
YOGIN_p_TCGA_4_262_263_N_GenomeWideSNP_6_E09_1306198	7	154290233	158592540	2693	0.675
YOGIN_p_TCGA_4_262_263_N_GenomeWideSNP_6_E09_1306198	8	667625	10809825	4547	-0.7209
YOGIN_p_TCGA_4_262_263_N_GenomeWideSNP_6_E09_1306198	8	10809931	10811124	6	-5.5984
YOGIN_p_TCGA_4_262_263_N_GenomeWideSNP_6_E09_1306198	8	10812144	43080575	20489	-0.7163
YOGIN_p_TCGA_4_262_263_N_GenomeWideSNP_6_E09_1306198	8	46547532	70889544	13864	0.123
YOGIN_p_TCGA_4_262_263_N_GenomeWideSNP_6_E09_1306198	8	70892211	74235217	2255	0.6396
YOGIN_p_TCGA_4_262_263_N_GenomeWideSNP_6_E09_1306198	8	74238310	78286407	2255	0.1035
YOGIN_p_TCGA_4_262_263_N_GenomeWideSNP_6_E09_1306198	8	78292461	78792223	240	0.6184
YOGIN_p_TCGA_4_262_263_N_GenomeWideSNP_6_E09_1306198	8	78799216	78818223	11	0.0966
YOGIN_p_TCGA_4_262_263_N_GenomeWideSNP_6_E09_1306198	8	78818356	80726751	1055	0.6384
YOGIN_p_TCGA_4_262_263_N_GenomeWideSNP_6_E09_1306198	8	80738040	80793232	22	0.0754
YOGIN_p_TCGA_4_262_263_N_GenomeWideSNP_6_E09_1306198	8	80798144	81332716	332	0.6503
YOGIN_p_TCGA_4_262_263_N_GenomeWideSNP_6_E09_1306198	8	81332991	81368418	25	0.1686
YOGIN_p_TCGA_4_262_263_N_GenomeWideSNP_6_E09_1306198	8	81371976	81377315	5	0.9777
YOGIN_p_TCGA_4_262_263_N_GenomeWideSNP_6_E09_1306198	8	81381229	81936715	309	0.6026
YOGIN_p_TCGA_4_262_263_N_GenomeWideSNP_6_E09_1306198	8	81937136	82050478	68	0.0444
YOGIN_p_TCGA_4_262_263_N_GenomeWideSNP_6_E09_1306198	8	82054357	113567383	17400	0.6305
YOGIN_p_TCGA_4_262_263_N_GenomeWideSNP_6_E09_1306198	8	113580472	114138483	337	0.9937
YOGIN_p_TCGA_4_262_263_N_GenomeWideSNP_6_E09_1306198	8	114141337	134180039	13640	0.6335
YOGIN_p_TCGA_4_262_263_N_GenomeWideSNP_6_E09_1306198	8	134180803	143667308	5202	0.6778
YOGIN_p_TCGA_4_262_263_N_GenomeWideSNP_6_E09_1306198	8	143668378	144182542	104	0.6029
YOGIN_p_TCGA_4_262_263_N_GenomeWideSNP_6_E09_1306198	9	789794	8224018	4531	-0.7141
YOGIN_p_TCGA_4_262_263_N_GenomeWideSNP_6_E09_1306198	9	8224409	8224530	2	-4.1087
YOGIN_p_TCGA_4_262_263_N_GenomeWideSNP_6_E09_1306198	9	8225337	16471594	4894	-0.719
YOGIN_p_TCGA_4_262_263_N_GenomeWideSNP_6_E09_1306198	9	16472375	16868693	328	-3.8333
YOGIN_p_TCGA_4_262_263_N_GenomeWideSNP_6_E09_1306198	9	16873467	21815149	3804	-0.7205
YOGIN_p_TCGA_4_262_263_N_GenomeWideSNP_6_E09_1306198	9	21815167	22054357	154	-3.0985
YOGIN_p_TCGA_4_262_263_N_GenomeWideSNP_6_E09_1306198	9	22056500	27456647	3330	-0.728
YOGIN_p_TCGA_4_262_263_N_GenomeWideSNP_6_E09_1306198	9	27456930	27456965	2	-2.3641
YOGIN_p_TCGA_4_262_263_N_GenomeWideSNP_6_E09_1306198	9	27458429	70460836	8029	-0.7061
YOGIN_p_TCGA_4_262_263_N_GenomeWideSNP_6_E09_1306198	9	70465451	77738660	5083	0.0548
YOGIN_p_TCGA_4_262_263_N_GenomeWideSNP_6_E09_1306198	9	77741581	77843596	41	-0.6956
YOGIN_p_TCGA_4_262_263_N_GenomeWideSNP_6_E09_1306198	9	77862861	79412970	1093	0.0618
YOGIN_p_TCGA_4_262_263_N_GenomeWideSNP_6_E09_1306198	9	79414641	79415550	3	-1.0103
YOGIN_p_TCGA_4_262_263_N_GenomeWideSNP_6_E09_1306198	9	79418720	83490119	2826	0.0672
YOGIN_p_TCGA_4_262_263_N_GenomeWideSNP_6_E09_1306198	9	83494083	83498469	8	-1.109
YOGIN_p_TCGA_4_262_263_N_GenomeWideSNP_6_E09_1306198	9	83502486	113925690	19914	0.0688
YOGIN_p_TCGA_4_262_263_N_GenomeWideSNP_6_E09_1306198	9	113927051	114317610	320	0.1529
YOGIN_p_TCGA_4_262_263_N_GenomeWideSNP_6_E09_1306198	9	114318108	138044505	14130	0.0742
YOGIN_p_TCGA_4_262_263_N_GenomeWideSNP_6_E09_1306198	10	366509	11160308	7687	-0.7165
YOGIN_p_TCGA_4_262_263_N_GenomeWideSNP_6_E09_1306198	10	11161852	11246455	80	-4.3257
YOGIN_p_TCGA_4_262_263_N_GenomeWideSNP_6_E09_1306198	10	11246997	13777135	1841	-0.7192
YOGIN_p_TCGA_4_262_263_N_GenomeWideSNP_6_E09_1306198	10	13778420	13779563	3	-3.1482
YOGIN_p_TCGA_4_262_263_N_GenomeWideSNP_6_E09_1306198	10	13779849	19956693	4592	-0.7161
YOGIN_p_TCGA_4_262_263_N_GenomeWideSNP_6_E09_1306198	10	19957885	26064915	4005	0.6479
YOGIN_p_TCGA_4_262_263_N_GenomeWideSNP_6_E09_1306198	10	26067697	26068006	2	-0.5239
YOGIN_p_TCGA_4_262_263_N_GenomeWideSNP_6_E09_1306198	10	26069705	32959239	4652	0.64
YOGIN_p_TCGA_4_262_263_N_GenomeWideSNP_6_E09_1306198	10	32961538	50798511	6919	-0.6874
YOGIN_p_TCGA_4_262_263_N_GenomeWideSNP_6_E09_1306198	10	50799038	67468792	10131	-0.7295
YOGIN_p_TCGA_4_262_263_N_GenomeWideSNP_6_E09_1306198	10	67470136	78054056	6385	-0.6964
YOGIN_p_TCGA_4_262_263_N_GenomeWideSNP_6_E09_1306198	10	78059114	78342975	217	-3.9751
YOGIN_p_TCGA_4_262_263_N_GenomeWideSNP_6_E09_1306198	10	78344110	78357518	50	-2.083
YOGIN_p_TCGA_4_262_263_N_GenomeWideSNP_6_E09_1306198	10	78357688	80287144	956	-4.0605
YOGIN_p_TCGA_4_262_263_N_GenomeWideSNP_6_E09_1306198	10	80287271	85102008	3416	-3.6186
YOGIN_p_TCGA_4_262_263_N_GenomeWideSNP_6_E09_1306198	10	85102255	85793652	523	-3.887
YOGIN_p_TCGA_4_262_263_N_GenomeWideSNP_6_E09_1306198	10	85799790	85850650	20	-1.6018
YOGIN_p_TCGA_4_262_263_N_GenomeWideSNP_6_E09_1306198	10	85853364	86536728	479	0.1851
YOGIN_p_TCGA_4_262_263_N_GenomeWideSNP_6_E09_1306198	10	86539865	87420357	277	-3.4705
YOGIN_p_TCGA_4_262_263_N_GenomeWideSNP_6_E09_1306198	10	87420466	87518469	24	-1.9023
YOGIN_p_TCGA_4_262_263_N_GenomeWideSNP_6_E09_1306198	10	87519366	87852267	230	-0.7272
YOGIN_p_TCGA_4_262_263_N_GenomeWideSNP_6_E09_1306198	10	87855380	87985992	206	-0.5452
YOGIN_p_TCGA_4_262_263_N_GenomeWideSNP_6_E09_1306198	10	87986057	91408779	2330	-0.7157
YOGIN_p_TCGA_4_262_263_N_GenomeWideSNP_6_E09_1306198	10	91414741	91742269	186	0.6586
YOGIN_p_TCGA_4_262_263_N_GenomeWideSNP_6_E09_1306198	10	91749053	91940589	86	-0.6635
YOGIN_p_TCGA_4_262_263_N_GenomeWideSNP_6_E09_1306198	10	91947726	95105456	1571	0.6518
YOGIN_p_TCGA_4_262_263_N_GenomeWideSNP_6_E09_1306198	10	95105463	95116264	12	0.1788
YOGIN_p_TCGA_4_262_263_N_GenomeWideSNP_6_E09_1306198	10	95116332	95125374	3	0.7382
YOGIN_p_TCGA_4_262_263_N_GenomeWideSNP_6_E09_1306198	10	95125577	95306541	104	0.9856
YOGIN_p_TCGA_4_262_263_N_GenomeWideSNP_6_E09_1306198	10	95309807	101700035	3892	0.6509
YOGIN_p_TCGA_4_262_263_N_GenomeWideSNP_6_E09_1306198	10	101707299	105854440	2328	-0.6989
YOGIN_p_TCGA_4_262_263_N_GenomeWideSNP_6_E09_1306198	10	105928593	106474134	366	0.113
YOGIN_p_TCGA_4_262_263_N_GenomeWideSNP_6_E09_1306198	10	106474448	110800583	2813	-0.7083
YOGIN_p_TCGA_4_262_263_N_GenomeWideSNP_6_E09_1306198	10	110805081	110805105	2	-2.6994
YOGIN_p_TCGA_4_262_263_N_GenomeWideSNP_6_E09_1306198	10	110810367	133411599	14843	-0.6948
YOGIN_p_TCGA_4_262_263_N_GenomeWideSNP_6_E09_1306198	11	456012	11170126	6058	0.1375
YOGIN_p_TCGA_4_262_263_N_GenomeWideSNP_6_E09_1306198	11	11173838	13369925	1979	0.1834
YOGIN_p_TCGA_4_262_263_N_GenomeWideSNP_6_E09_1306198	11	13370298	17349175	2436	0.1338
YOGIN_p_TCGA_4_262_263_N_GenomeWideSNP_6_E09_1306198	11	17349379	20379265	2314	0.1737
YOGIN_p_TCGA_4_262_263_N_GenomeWideSNP_6_E09_1306198	11	20379461	35222497	9681	0.128
YOGIN_p_TCGA_4_262_263_N_GenomeWideSNP_6_E09_1306198	11	35222511	35236130	14	0.5191
YOGIN_p_TCGA_4_262_263_N_GenomeWideSNP_6_E09_1306198	11	35237644	35572449	345	0.1363
YOGIN_p_TCGA_4_262_263_N_GenomeWideSNP_6_E09_1306198	11	35573086	35674287	69	-0.6287
YOGIN_p_TCGA_4_262_263_N_GenomeWideSNP_6_E09_1306198	11	35679449	44201333	5120	0.1314
YOGIN_p_TCGA_4_262_263_N_GenomeWideSNP_6_E09_1306198	11	44202286	45961834	1235	0.1783
YOGIN_p_TCGA_4_262_263_N_GenomeWideSNP_6_E09_1306198	11	45962073	68896036	7011	0.1191
YOGIN_p_TCGA_4_262_263_N_GenomeWideSNP_6_E09_1306198	11	68899512	71641093	1587	0.1786
YOGIN_p_TCGA_4_262_263_N_GenomeWideSNP_6_E09_1306198	11	71642219	78475213	3458	0.122
YOGIN_p_TCGA_4_262_263_N_GenomeWideSNP_6_E09_1306198	11	78477288	80186077	1356	0.1653
YOGIN_p_TCGA_4_262_263_N_GenomeWideSNP_6_E09_1306198	11	80187271	93675703	7906	0.1188
YOGIN_p_TCGA_4_262_263_N_GenomeWideSNP_6_E09_1306198	11	93679274	131535900	25460	-0.7157
YOGIN_p_TCGA_4_262_263_N_GenomeWideSNP_6_E09_1306198	11	131536084	131536214	2	-3.962
YOGIN_p_TCGA_4_262_263_N_GenomeWideSNP_6_E09_1306198	11	131536249	134272740	1616	-0.6752
YOGIN_p_TCGA_4_262_263_N_GenomeWideSNP_6_E09_1306198	12	780472	2065239	385	0.1071
YOGIN_p_TCGA_4_262_263_N_GenomeWideSNP_6_E09_1306198	12	2065738	3775872	1089	0.1822
YOGIN_p_TCGA_4_262_263_N_GenomeWideSNP_6_E09_1306198	12	3778135	4585382	628	0.1201
YOGIN_p_TCGA_4_262_263_N_GenomeWideSNP_6_E09_1306198	12	4586822	6184360	1373	0.1861
YOGIN_p_TCGA_4_262_263_N_GenomeWideSNP_6_E09_1306198	12	6188327	38827290	16298	0.125
YOGIN_p_TCGA_4_262_263_N_GenomeWideSNP_6_E09_1306198	12	38829764	56662444	9585	-0.7136
YOGIN_p_TCGA_4_262_263_N_GenomeWideSNP_6_E09_1306198	12	56669714	89932231	19967	0.1194
YOGIN_p_TCGA_4_262_263_N_GenomeWideSNP_6_E09_1306198	12	89933601	89966286	16	-0.6534
YOGIN_p_TCGA_4_262_263_N_GenomeWideSNP_6_E09_1306198	12	89968275	105313012	10058	0.1288
YOGIN_p_TCGA_4_262_263_N_GenomeWideSNP_6_E09_1306198	12	105314578	109060272	2531	0.1617
YOGIN_p_TCGA_4_262_263_N_GenomeWideSNP_6_E09_1306198	12	109061341	111404370	1113	0.1197
YOGIN_p_TCGA_4_262_263_N_GenomeWideSNP_6_E09_1306198	12	111410256	114433886	1669	-0.6746
YOGIN_p_TCGA_4_262_263_N_GenomeWideSNP_6_E09_1306198	12	114436651	114444671	15	-5.0372
YOGIN_p_TCGA_4_262_263_N_GenomeWideSNP_6_E09_1306198	12	114445057	115276724	538	-0.6756
YOGIN_p_TCGA_4_262_263_N_GenomeWideSNP_6_E09_1306198	12	115276770	115277377	5	0.4839
YOGIN_p_TCGA_4_262_263_N_GenomeWideSNP_6_E09_1306198	12	115278687	124669029	5383	-0.7024
YOGIN_p_TCGA_4_262_263_N_GenomeWideSNP_6_E09_1306198	12	124670894	124670970	2	-2.4725
YOGIN_p_TCGA_4_262_263_N_GenomeWideSNP_6_E09_1306198	12	124671110	132605822	3734	-0.6934
YOGIN_p_TCGA_4_262_263_N_GenomeWideSNP_6_E09_1306198	13	18874255	21389390	1020	0.1225
YOGIN_p_TCGA_4_262_263_N_GenomeWideSNP_6_E09_1306198	13	21393095	21407626	5	-0.7326
YOGIN_p_TCGA_4_262_263_N_GenomeWideSNP_6_E09_1306198	13	21412605	34785440	8949	0.1434
YOGIN_p_TCGA_4_262_263_N_GenomeWideSNP_6_E09_1306198	13	34787983	34791902	3	-0.957
YOGIN_p_TCGA_4_262_263_N_GenomeWideSNP_6_E09_1306198	13	34792748	45871667	7151	0.1357
YOGIN_p_TCGA_4_262_263_N_GenomeWideSNP_6_E09_1306198	13	45871943	76942617	16601	0.1134
YOGIN_p_TCGA_4_262_263_N_GenomeWideSNP_6_E09_1306198	13	76942871	76943184	2	-1.1187
YOGIN_p_TCGA_4_262_263_N_GenomeWideSNP_6_E09_1306198	13	76950480	80886627	2400	0.1204
YOGIN_p_TCGA_4_262_263_N_GenomeWideSNP_6_E09_1306198	13	80886956	80894137	4	-0.7715
YOGIN_p_TCGA_4_262_263_N_GenomeWideSNP_6_E09_1306198	13	80894581	93040406	6967	0.111
YOGIN_p_TCGA_4_262_263_N_GenomeWideSNP_6_E09_1306198	13	93040440	110082713	11749	0.1404
YOGIN_p_TCGA_4_262_263_N_GenomeWideSNP_6_E09_1306198	13	110083417	114226675	2204	0.1842
YOGIN_p_TCGA_4_262_263_N_GenomeWideSNP_6_E09_1306198	14	20033191	23051430	1011	0.0632
YOGIN_p_TCGA_4_262_263_N_GenomeWideSNP_6_E09_1306198	14	23055920	59347213	20615	-0.7212
YOGIN_p_TCGA_4_262_263_N_GenomeWideSNP_6_E09_1306198	14	59347602	76222043	9997	0.059
YOGIN_p_TCGA_4_262_263_N_GenomeWideSNP_6_E09_1306198	14	76222270	80078226	2721	0.0954
YOGIN_p_TCGA_4_262_263_N_GenomeWideSNP_6_E09_1306198	14	80078632	92667677	7748	0.0601
YOGIN_p_TCGA_4_262_263_N_GenomeWideSNP_6_E09_1306198	14	92668031	101549944	6148	0.0933
YOGIN_p_TCGA_4_262_263_N_GenomeWideSNP_6_E09_1306198	14	101555070	102730745	474	0.0415
YOGIN_p_TCGA_4_262_263_N_GenomeWideSNP_6_E09_1306198	14	102736029	102742816	6	-0.8123
YOGIN_p_TCGA_4_262_263_N_GenomeWideSNP_6_E09_1306198	14	102747743	105533894	1007	0.0802
YOGIN_p_TCGA_4_262_263_N_GenomeWideSNP_6_E09_1306198	15	23437561	33890768	4426	0.1728
YOGIN_p_TCGA_4_262_263_N_GenomeWideSNP_6_E09_1306198	15	33890945	41476180	4619	0.1402
YOGIN_p_TCGA_4_262_263_N_GenomeWideSNP_6_E09_1306198	15	41482225	42281386	436	-0.6751
YOGIN_p_TCGA_4_262_263_N_GenomeWideSNP_6_E09_1306198	15	42286912	63033022	13047	0.1416
YOGIN_p_TCGA_4_262_263_N_GenomeWideSNP_6_E09_1306198	15	63035334	65978269	1455	0.1031
YOGIN_p_TCGA_4_262_263_N_GenomeWideSNP_6_E09_1306198	15	65978303	86605229	11624	0.1476
YOGIN_p_TCGA_4_262_263_N_GenomeWideSNP_6_E09_1306198	15	86605245	86605277	2	-0.9697
YOGIN_p_TCGA_4_262_263_N_GenomeWideSNP_6_E09_1306198	15	86605300	89909332	2162	0.1598
YOGIN_p_TCGA_4_262_263_N_GenomeWideSNP_6_E09_1306198	15	89909650	90947230	563	0.096
YOGIN_p_TCGA_4_262_263_N_GenomeWideSNP_6_E09_1306198	15	90947567	101344124	6497	0.1585
YOGIN_p_TCGA_4_262_263_N_GenomeWideSNP_6_E09_1306198	16	603333	4814100	1516	0.1853
YOGIN_p_TCGA_4_262_263_N_GenomeWideSNP_6_E09_1306198	16	4814178	10735194	3952	0.2526
YOGIN_p_TCGA_4_262_263_N_GenomeWideSNP_6_E09_1306198	16	10736070	10775225	25	0.6755
YOGIN_p_TCGA_4_262_263_N_GenomeWideSNP_6_E09_1306198	16	10775729	27930224	7601	0.2275
YOGIN_p_TCGA_4_262_263_N_GenomeWideSNP_6_E09_1306198	16	27930688	31542972	847	0.1742
YOGIN_p_TCGA_4_262_263_N_GenomeWideSNP_6_E09_1306198	16	31547899	46727329	217	0.1185
YOGIN_p_TCGA_4_262_263_N_GenomeWideSNP_6_E09_1306198	16	46734202	46829898	43	-0.8287
YOGIN_p_TCGA_4_262_263_N_GenomeWideSNP_6_E09_1306198	16	46836939	48392838	695	0.0442
YOGIN_p_TCGA_4_262_263_N_GenomeWideSNP_6_E09_1306198	16	48395136	52986801	3290	0.0988
YOGIN_p_TCGA_4_262_263_N_GenomeWideSNP_6_E09_1306198	16	52987342	53930022	685	0.0466
YOGIN_p_TCGA_4_262_263_N_GenomeWideSNP_6_E09_1306198	16	53934634	56342776	1854	0.1211
YOGIN_p_TCGA_4_262_263_N_GenomeWideSNP_6_E09_1306198	16	56343836	65478216	5727	0.0703
YOGIN_p_TCGA_4_262_263_N_GenomeWideSNP_6_E09_1306198	16	65479088	66486184	809	0.1232
YOGIN_p_TCGA_4_262_263_N_GenomeWideSNP_6_E09_1306198	16	66490848	68637838	913	0.0508
YOGIN_p_TCGA_4_262_263_N_GenomeWideSNP_6_E09_1306198	16	68653627	68851490	126	0.5914
YOGIN_p_TCGA_4_262_263_N_GenomeWideSNP_6_E09_1306198	16	68852201	69288863	203	0.1171
YOGIN_p_TCGA_4_262_263_N_GenomeWideSNP_6_E09_1306198	16	69290008	69918754	310	0.5456
YOGIN_p_TCGA_4_262_263_N_GenomeWideSNP_6_E09_1306198	16	69920140	82126274	8170	0.0853
YOGIN_p_TCGA_4_262_263_N_GenomeWideSNP_6_E09_1306198	16	82181795	82292305	110	1.0055
YOGIN_p_TCGA_4_262_263_N_GenomeWideSNP_6_E09_1306198	16	82292879	84147625	1688	0.681
YOGIN_p_TCGA_4_262_263_N_GenomeWideSNP_6_E09_1306198	16	84148194	85188965	202	1.0248
YOGIN_p_TCGA_4_262_263_N_GenomeWideSNP_6_E09_1306198	16	85202442	87459258	1799	0.7028
YOGIN_p_TCGA_4_262_263_N_GenomeWideSNP_6_E09_1306198	16	87468716	88003722	292	-0.686
YOGIN_p_TCGA_4_262_263_N_GenomeWideSNP_6_E09_1306198	16	88005544	88018555	5	-1.7859
YOGIN_p_TCGA_4_262_263_N_GenomeWideSNP_6_E09_1306198	16	88019517	89317317	182	-0.6274
YOGIN_p_TCGA_4_262_263_N_GenomeWideSNP_6_E09_1306198	17	1074619	5543296	1974	0.1097
YOGIN_p_TCGA_4_262_263_N_GenomeWideSNP_6_E09_1306198	17	5546543	8862095	1868	0.142
YOGIN_p_TCGA_4_262_263_N_GenomeWideSNP_6_E09_1306198	17	8868150	14053350	3603	0.1801
YOGIN_p_TCGA_4_262_263_N_GenomeWideSNP_6_E09_1306198	17	14053456	27661075	2655	0.1445
YOGIN_p_TCGA_4_262_263_N_GenomeWideSNP_6_E09_1306198	17	27662327	30467288	1270	0.0898
YOGIN_p_TCGA_4_262_263_N_GenomeWideSNP_6_E09_1306198	17	30470706	30531948	26	-0.7454
YOGIN_p_TCGA_4_262_263_N_GenomeWideSNP_6_E09_1306198	17	30532259	32950132	1076	0.1198
YOGIN_p_TCGA_4_262_263_N_GenomeWideSNP_6_E09_1306198	17	32951130	34894901	875	0.182
YOGIN_p_TCGA_4_262_263_N_GenomeWideSNP_6_E09_1306198	17	34895113	58248637	11549	0.1287
YOGIN_p_TCGA_4_262_263_N_GenomeWideSNP_6_E09_1306198	17	58248654	64772394	2987	0.1004
YOGIN_p_TCGA_4_262_263_N_GenomeWideSNP_6_E09_1306198	17	64787495	71432363	4217	0.1397
YOGIN_p_TCGA_4_262_263_N_GenomeWideSNP_6_E09_1306198	17	71433002	74909560	1906	0.1712
YOGIN_p_TCGA_4_262_263_N_GenomeWideSNP_6_E09_1306198	17	74909975	82959812	3345	0.1233
YOGIN_p_TCGA_4_262_263_N_GenomeWideSNP_6_E09_1306198	18	326691	1460345	365	0.146
YOGIN_p_TCGA_4_262_263_N_GenomeWideSNP_6_E09_1306198	18	1461083	1503689	51	0.5985
YOGIN_p_TCGA_4_262_263_N_GenomeWideSNP_6_E09_1306198	18	1505589	2521741	413	0.1673
YOGIN_p_TCGA_4_262_263_N_GenomeWideSNP_6_E09_1306198	18	2525443	3863942	755	0.6347
YOGIN_p_TCGA_4_262_263_N_GenomeWideSNP_6_E09_1306198	18	3869725	4951616	768	0.1602
YOGIN_p_TCGA_4_262_263_N_GenomeWideSNP_6_E09_1306198	18	4951790	5013859	10	-0.309
YOGIN_p_TCGA_4_262_263_N_GenomeWideSNP_6_E09_1306198	18	5014085	9077565	2588	0.1891
YOGIN_p_TCGA_4_262_263_N_GenomeWideSNP_6_E09_1306198	18	9080067	9417237	161	-0.7097
YOGIN_p_TCGA_4_262_263_N_GenomeWideSNP_6_E09_1306198	18	9420506	9420888	3	0.1423
YOGIN_p_TCGA_4_262_263_N_GenomeWideSNP_6_E09_1306198	18	9427008	9489139	47	-0.731
YOGIN_p_TCGA_4_262_263_N_GenomeWideSNP_6_E09_1306198	18	9492198	9714057	135	0.1516
YOGIN_p_TCGA_4_262_263_N_GenomeWideSNP_6_E09_1306198	18	9714187	9720424	4	-0.5273
YOGIN_p_TCGA_4_262_263_N_GenomeWideSNP_6_E09_1306198	18	9720740	10442224	640	0.1547
YOGIN_p_TCGA_4_262_263_N_GenomeWideSNP_6_E09_1306198	18	10445517	23536707	3545	-0.6938
YOGIN_p_TCGA_4_262_263_N_GenomeWideSNP_6_E09_1306198	18	23539016	23569618	24	0.1426
YOGIN_p_TCGA_4_262_263_N_GenomeWideSNP_6_E09_1306198	18	23569839	23585116	9	-1.0191
YOGIN_p_TCGA_4_262_263_N_GenomeWideSNP_6_E09_1306198	18	23587529	23990308	219	0.1487
YOGIN_p_TCGA_4_262_263_N_GenomeWideSNP_6_E09_1306198	18	23990867	24023498	25	-0.7793
YOGIN_p_TCGA_4_262_263_N_GenomeWideSNP_6_E09_1306198	18	24027364	24112918	68	0.0872
YOGIN_p_TCGA_4_262_263_N_GenomeWideSNP_6_E09_1306198	18	24113884	24567168	337	-0.6985
YOGIN_p_TCGA_4_262_263_N_GenomeWideSNP_6_E09_1306198	18	24569009	24572281	4	0.193
YOGIN_p_TCGA_4_262_263_N_GenomeWideSNP_6_E09_1306198	18	24577590	24775644	168	-0.7082
YOGIN_p_TCGA_4_262_263_N_GenomeWideSNP_6_E09_1306198	18	24782561	24979684	168	0.1815
YOGIN_p_TCGA_4_262_263_N_GenomeWideSNP_6_E09_1306198	18	24980444	41478255	10082	-0.7093
YOGIN_p_TCGA_4_262_263_N_GenomeWideSNP_6_E09_1306198	18	41480507	41573958	75	0.1826
YOGIN_p_TCGA_4_262_263_N_GenomeWideSNP_6_E09_1306198	18	41577192	41588971	9	0.5891
YOGIN_p_TCGA_4_262_263_N_GenomeWideSNP_6_E09_1306198	18	41589455	43228833	980	0.1362
YOGIN_p_TCGA_4_262_263_N_GenomeWideSNP_6_E09_1306198	18	43234619	50048458	4344	-0.7
YOGIN_p_TCGA_4_262_263_N_GenomeWideSNP_6_E09_1306198	18	50051086	50093712	36	0.1814
YOGIN_p_TCGA_4_262_263_N_GenomeWideSNP_6_E09_1306198	18	50096641	50114692	11	-0.1922
YOGIN_p_TCGA_4_262_263_N_GenomeWideSNP_6_E09_1306198	18	50114962	55790271	3717	-0.7009
YOGIN_p_TCGA_4_262_263_N_GenomeWideSNP_6_E09_1306198	18	55794714	57984541	1463	0.1528
YOGIN_p_TCGA_4_262_263_N_GenomeWideSNP_6_E09_1306198	18	57988119	58290060	230	-0.7233
YOGIN_p_TCGA_4_262_263_N_GenomeWideSNP_6_E09_1306198	18	58292615	60381492	1402	0.1586
YOGIN_p_TCGA_4_262_263_N_GenomeWideSNP_6_E09_1306198	18	60383366	60399804	7	-0.552
YOGIN_p_TCGA_4_262_263_N_GenomeWideSNP_6_E09_1306198	18	60403190	60409770	6	0.078
YOGIN_p_TCGA_4_262_263_N_GenomeWideSNP_6_E09_1306198	18	60411905	60420146	9	-0.6687
YOGIN_p_TCGA_4_262_263_N_GenomeWideSNP_6_E09_1306198	18	60423230	60429423	8	0.124
YOGIN_p_TCGA_4_262_263_N_GenomeWideSNP_6_E09_1306198	18	60430306	60505689	39	-0.7511
YOGIN_p_TCGA_4_262_263_N_GenomeWideSNP_6_E09_1306198	18	60507292	60533205	18	0.117
YOGIN_p_TCGA_4_262_263_N_GenomeWideSNP_6_E09_1306198	18	60539085	65270244	2972	-0.7201
YOGIN_p_TCGA_4_262_263_N_GenomeWideSNP_6_E09_1306198	18	65274079	65287622	12	-0.0253
YOGIN_p_TCGA_4_262_263_N_GenomeWideSNP_6_E09_1306198	18	65289083	65330382	29	-0.7794
YOGIN_p_TCGA_4_262_263_N_GenomeWideSNP_6_E09_1306198	18	65330631	65391482	47	0.1311
YOGIN_p_TCGA_4_262_263_N_GenomeWideSNP_6_E09_1306198	18	65392736	71332295	3098	-0.7292
YOGIN_p_TCGA_4_262_263_N_GenomeWideSNP_6_E09_1306198	18	71334153	71349950	7	0.1662
YOGIN_p_TCGA_4_262_263_N_GenomeWideSNP_6_E09_1306198	18	71350482	74882329	768	-0.741
YOGIN_p_TCGA_4_262_263_N_GenomeWideSNP_6_E09_1306198	18	74882515	74882549	2	-3.064
YOGIN_p_TCGA_4_262_263_N_GenomeWideSNP_6_E09_1306198	18	74884223	75261807	254	-0.7105
YOGIN_p_TCGA_4_262_263_N_GenomeWideSNP_6_E09_1306198	18	75264000	75297959	32	0.1974
YOGIN_p_TCGA_4_262_263_N_GenomeWideSNP_6_E09_1306198	18	75307228	79349796	2704	-0.7019
YOGIN_p_TCGA_4_262_263_N_GenomeWideSNP_6_E09_1306198	19	283868	468402	51	0.1095
YOGIN_p_TCGA_4_262_263_N_GenomeWideSNP_6_E09_1306198	19	521281	1302966	137	-0.6959
YOGIN_p_TCGA_4_262_263_N_GenomeWideSNP_6_E09_1306198	19	1334748	1476816	49	0.1617
YOGIN_p_TCGA_4_262_263_N_GenomeWideSNP_6_E09_1306198	19	1498520	2171871	138	-0.7439
YOGIN_p_TCGA_4_262_263_N_GenomeWideSNP_6_E09_1306198	19	2182903	2465505	61	0.1056
YOGIN_p_TCGA_4_262_263_N_GenomeWideSNP_6_E09_1306198	19	2473199	2591774	49	-0.7337
YOGIN_p_TCGA_4_262_263_N_GenomeWideSNP_6_E09_1306198	19	2592252	2823695	64	0.1014
YOGIN_p_TCGA_4_262_263_N_GenomeWideSNP_6_E09_1306198	19	2829761	2934284	68	-0.6917
YOGIN_p_TCGA_4_262_263_N_GenomeWideSNP_6_E09_1306198	19	2953089	3214116	83	0.0974
YOGIN_p_TCGA_4_262_263_N_GenomeWideSNP_6_E09_1306198	19	3227104	4211184	247	-0.7235
YOGIN_p_TCGA_4_262_263_N_GenomeWideSNP_6_E09_1306198	19	4212607	13070658	3681	0.1015
YOGIN_p_TCGA_4_262_263_N_GenomeWideSNP_6_E09_1306198	19	13085866	13230515	39	-0.5608
YOGIN_p_TCGA_4_262_263_N_GenomeWideSNP_6_E09_1306198	19	13233931	18322119	2483	0.1003
YOGIN_p_TCGA_4_262_263_N_GenomeWideSNP_6_E09_1306198	19	18324609	18346153	16	-0.7843
YOGIN_p_TCGA_4_262_263_N_GenomeWideSNP_6_E09_1306198	19	18349137	27990506	2096	0.1135
YOGIN_p_TCGA_4_262_263_N_GenomeWideSNP_6_E09_1306198	19	27991753	33849592	4178	0.1706
YOGIN_p_TCGA_4_262_263_N_GenomeWideSNP_6_E09_1306198	19	33850170	41737036	3985	0.106
YOGIN_p_TCGA_4_262_263_N_GenomeWideSNP_6_E09_1306198	19	41737525	41822388	31	0.5384
YOGIN_p_TCGA_4_262_263_N_GenomeWideSNP_6_E09_1306198	19	41828162	46400109	1807	0.0876
YOGIN_p_TCGA_4_262_263_N_GenomeWideSNP_6_E09_1306198	19	46403740	46407870	2	-1.3946
YOGIN_p_TCGA_4_262_263_N_GenomeWideSNP_6_E09_1306198	19	46407925	51558486	2121	0.1133
YOGIN_p_TCGA_4_262_263_N_GenomeWideSNP_6_E09_1306198	19	51560563	51560598	2	-1.7543
YOGIN_p_TCGA_4_262_263_N_GenomeWideSNP_6_E09_1306198	19	51561224	56299436	1671	0.0991
YOGIN_p_TCGA_4_262_263_N_GenomeWideSNP_6_E09_1306198	19	56303859	56305666	2	-1.3859
YOGIN_p_TCGA_4_262_263_N_GenomeWideSNP_6_E09_1306198	19	56305743	58370362	1176	0.1023
YOGIN_p_TCGA_4_262_263_N_GenomeWideSNP_6_E09_1306198	20	472817	6587046	3752	0.141
YOGIN_p_TCGA_4_262_263_N_GenomeWideSNP_6_E09_1306198	20	6590759	6594414	5	-0.6923
YOGIN_p_TCGA_4_262_263_N_GenomeWideSNP_6_E09_1306198	20	6597312	25580918	13004	0.1618
YOGIN_p_TCGA_4_262_263_N_GenomeWideSNP_6_E09_1306198	20	25581756	37842214	3486	0.114
YOGIN_p_TCGA_4_262_263_N_GenomeWideSNP_6_E09_1306198	20	37843197	41914930	2673	0.1503
YOGIN_p_TCGA_4_262_263_N_GenomeWideSNP_6_E09_1306198	20	41916769	42292509	359	0.2305
YOGIN_p_TCGA_4_262_263_N_GenomeWideSNP_6_E09_1306198	20	42292774	56536776	9638	0.1493
YOGIN_p_TCGA_4_262_263_N_GenomeWideSNP_6_E09_1306198	20	56537707	63588502	4704	0.1868
YOGIN_p_TCGA_4_262_263_N_GenomeWideSNP_6_E09_1306198	21	13974127	31235209	11055	0.1303
YOGIN_p_TCGA_4_262_263_N_GenomeWideSNP_6_E09_1306198	21	31239029	32442122	822	0.185
YOGIN_p_TCGA_4_262_263_N_GenomeWideSNP_6_E09_1306198	21	32442201	38919263	4395	0.1348
YOGIN_p_TCGA_4_262_263_N_GenomeWideSNP_6_E09_1306198	21	38919816	42787307	3094	0.1794
YOGIN_p_TCGA_4_262_263_N_GenomeWideSNP_6_E09_1306198	21	42789392	46262057	1426	0.1509
YOGIN_p_TCGA_4_262_263_N_GenomeWideSNP_6_E09_1306198	22	16934932	27607305	3728	0.1679
YOGIN_p_TCGA_4_262_263_N_GenomeWideSNP_6_E09_1306198	22	27609788	27610791	2	-0.9499
YOGIN_p_TCGA_4_262_263_N_GenomeWideSNP_6_E09_1306198	22	27615085	28881035	692	0.1459
YOGIN_p_TCGA_4_262_263_N_GenomeWideSNP_6_E09_1306198	22	28888781	28902872	12	-0.6971
YOGIN_p_TCGA_4_262_263_N_GenomeWideSNP_6_E09_1306198	22	28908212	28957767	38	0.1576
YOGIN_p_TCGA_4_262_263_N_GenomeWideSNP_6_E09_1306198	22	28959833	28968921	9	-0.7727
YOGIN_p_TCGA_4_262_263_N_GenomeWideSNP_6_E09_1306198	22	28969065	28990848	15	0.0386
YOGIN_p_TCGA_4_262_263_N_GenomeWideSNP_6_E09_1306198	22	28991382	29018013	27	-0.7632
YOGIN_p_TCGA_4_262_263_N_GenomeWideSNP_6_E09_1306198	22	29024806	32408918	1881	0.1222
YOGIN_p_TCGA_4_262_263_N_GenomeWideSNP_6_E09_1306198	22	32409314	32936727	471	0.1946
YOGIN_p_TCGA_4_262_263_N_GenomeWideSNP_6_E09_1306198	22	32949685	32954501	7	-0.7009
YOGIN_p_TCGA_4_262_263_N_GenomeWideSNP_6_E09_1306198	22	32958415	32984806	23	0.1833
YOGIN_p_TCGA_4_262_263_N_GenomeWideSNP_6_E09_1306198	22	32987399	32989945	8	-0.8763
YOGIN_p_TCGA_4_262_263_N_GenomeWideSNP_6_E09_1306198	22	32995613	33249592	184	0.1718
YOGIN_p_TCGA_4_262_263_N_GenomeWideSNP_6_E09_1306198	22	33256766	33257597	3	-0.4017
YOGIN_p_TCGA_4_262_263_N_GenomeWideSNP_6_E09_1306198	22	33259611	33708473	439	0.1783
YOGIN_p_TCGA_4_262_263_N_GenomeWideSNP_6_E09_1306198	22	33712476	33712525	2	-0.7298
YOGIN_p_TCGA_4_262_263_N_GenomeWideSNP_6_E09_1306198	22	33713019	35712343	1629	0.168
YOGIN_p_TCGA_4_262_263_N_GenomeWideSNP_6_E09_1306198	22	35717380	43146713	3663	0.1139
YOGIN_p_TCGA_4_262_263_N_GenomeWideSNP_6_E09_1306198	22	43148817	48940621	4267	0.1849
YOGIN_p_TCGA_4_262_263_N_GenomeWideSNP_6_E09_1306198	X	3236359	22530334	8172	0.0127
YOGIN_p_TCGA_4_262_263_N_GenomeWideSNP_6_E09_1306198	X	22531645	22535125	4	-2.6277
YOGIN_p_TCGA_4_262_263_N_GenomeWideSNP_6_E09_1306198	X	22535197	32526138	5484	-0.0039
YOGIN_p_TCGA_4_262_263_N_GenomeWideSNP_6_E09_1306198	X	32529225	32529949	3	-2.9975
YOGIN_p_TCGA_4_262_263_N_GenomeWideSNP_6_E09_1306198	X	32530331	85607587	19028	-0.0015
YOGIN_p_TCGA_4_262_263_N_GenomeWideSNP_6_E09_1306198	X	85611294	85611387	2	-2.2029
YOGIN_p_TCGA_4_262_263_N_GenomeWideSNP_6_E09_1306198	X	85611447	120359819	15568	-0.0064
YOGIN_p_TCGA_4_262_263_N_GenomeWideSNP_6_E09_1306198	X	120360296	120360499	2	-3.7607
YOGIN_p_TCGA_4_262_263_N_GenomeWideSNP_6_E09_1306198	X	120361688	147399752	12818	0.0025
YOGIN_p_TCGA_4_262_263_N_GenomeWideSNP_6_E09_1306198	X	147400732	147401666	3	-2.6224
YOGIN_p_TCGA_4_262_263_N_GenomeWideSNP_6_E09_1306198	X	147401842	155677414	3212	0.0367
