Sample	Chromosome	Start	End	Num_Probes	Segment_Mean
STOPE_p_TCGAb3_58_59_60_61_62_N_GenomeWideSNP_6_A10_1387984	1	3301765	5255261	1390	0.2662
STOPE_p_TCGAb3_58_59_60_61_62_N_GenomeWideSNP_6_A10_1387984	1	5255421	6833548	890	0.0722
STOPE_p_TCGAb3_58_59_60_61_62_N_GenomeWideSNP_6_A10_1387984	1	6835468	9665467	1564	0.2584
STOPE_p_TCGAb3_58_59_60_61_62_N_GenomeWideSNP_6_A10_1387984	1	9671279	9674079	5	-0.718
STOPE_p_TCGAb3_58_59_60_61_62_N_GenomeWideSNP_6_A10_1387984	1	9678728	12771339	1537	0.2562
STOPE_p_TCGAb3_58_59_60_61_62_N_GenomeWideSNP_6_A10_1387984	1	12774110	16149275	1819	0.4408
STOPE_p_TCGAb3_58_59_60_61_62_N_GenomeWideSNP_6_A10_1387984	1	16149828	18526339	1288	0.0745
STOPE_p_TCGAb3_58_59_60_61_62_N_GenomeWideSNP_6_A10_1387984	1	18526996	27561286	4635	0.2544
STOPE_p_TCGAb3_58_59_60_61_62_N_GenomeWideSNP_6_A10_1387984	1	27563083	28064971	240	0.9344
STOPE_p_TCGAb3_58_59_60_61_62_N_GenomeWideSNP_6_A10_1387984	1	28098329	28122743	14	0.4333
STOPE_p_TCGAb3_58_59_60_61_62_N_GenomeWideSNP_6_A10_1387984	1	28123777	28214995	36	0.9092
STOPE_p_TCGAb3_58_59_60_61_62_N_GenomeWideSNP_6_A10_1387984	1	28216720	47459112	10271	0.2714
STOPE_p_TCGAb3_58_59_60_61_62_N_GenomeWideSNP_6_A10_1387984	1	47463751	51374695	2037	0.3125
STOPE_p_TCGAb3_58_59_60_61_62_N_GenomeWideSNP_6_A10_1387984	1	51376354	55082516	2092	0.1413
STOPE_p_TCGAb3_58_59_60_61_62_N_GenomeWideSNP_6_A10_1387984	1	55086534	57180382	1664	0.3431
STOPE_p_TCGAb3_58_59_60_61_62_N_GenomeWideSNP_6_A10_1387984	1	57180514	58697121	1264	0.164
STOPE_p_TCGAb3_58_59_60_61_62_N_GenomeWideSNP_6_A10_1387984	1	58698825	58731691	8	0.2432
STOPE_p_TCGAb3_58_59_60_61_62_N_GenomeWideSNP_6_A10_1387984	1	58731884	58892128	114	0.5608
STOPE_p_TCGAb3_58_59_60_61_62_N_GenomeWideSNP_6_A10_1387984	1	58894731	73724402	9535	0.2169
STOPE_p_TCGAb3_58_59_60_61_62_N_GenomeWideSNP_6_A10_1387984	1	73728257	75542685	971	0.1403
STOPE_p_TCGAb3_58_59_60_61_62_N_GenomeWideSNP_6_A10_1387984	1	75545531	75970526	273	0.3016
STOPE_p_TCGAb3_58_59_60_61_62_N_GenomeWideSNP_6_A10_1387984	1	75970575	107798807	19197	0.168
STOPE_p_TCGAb3_58_59_60_61_62_N_GenomeWideSNP_6_A10_1387984	1	107798908	119978092	7427	0.1243
STOPE_p_TCGAb3_58_59_60_61_62_N_GenomeWideSNP_6_A10_1387984	1	119979030	157075936	3394	0.0311
STOPE_p_TCGAb3_58_59_60_61_62_N_GenomeWideSNP_6_A10_1387984	1	157076495	159802961	1843	0.0793
STOPE_p_TCGAb3_58_59_60_61_62_N_GenomeWideSNP_6_A10_1387984	1	159803662	162298033	1505	0.0348
STOPE_p_TCGAb3_58_59_60_61_62_N_GenomeWideSNP_6_A10_1387984	1	162298978	163156133	702	0.1123
STOPE_p_TCGAb3_58_59_60_61_62_N_GenomeWideSNP_6_A10_1387984	1	163157485	183532215	13570	0.0806
STOPE_p_TCGAb3_58_59_60_61_62_N_GenomeWideSNP_6_A10_1387984	1	183532639	199819734	9628	0.1054
STOPE_p_TCGAb3_58_59_60_61_62_N_GenomeWideSNP_6_A10_1387984	1	199820140	207264458	4735	0.0385
STOPE_p_TCGAb3_58_59_60_61_62_N_GenomeWideSNP_6_A10_1387984	1	207265111	216206038	6229	0.0878
STOPE_p_TCGAb3_58_59_60_61_62_N_GenomeWideSNP_6_A10_1387984	1	216211989	216404031	121	0.2872
STOPE_p_TCGAb3_58_59_60_61_62_N_GenomeWideSNP_6_A10_1387984	1	216404409	223030659	4481	0.1058
STOPE_p_TCGAb3_58_59_60_61_62_N_GenomeWideSNP_6_A10_1387984	1	223043718	228676054	2980	0.0532
STOPE_p_TCGAb3_58_59_60_61_62_N_GenomeWideSNP_6_A10_1387984	1	228679881	228688132	4	-0.9274
STOPE_p_TCGAb3_58_59_60_61_62_N_GenomeWideSNP_6_A10_1387984	1	228690050	236156708	5184	0.0656
STOPE_p_TCGAb3_58_59_60_61_62_N_GenomeWideSNP_6_A10_1387984	1	236157679	245921656	6887	0.0924
STOPE_p_TCGAb3_58_59_60_61_62_N_GenomeWideSNP_6_A10_1387984	1	245923038	247650984	510	0.0533
STOPE_p_TCGAb3_58_59_60_61_62_N_GenomeWideSNP_6_A10_1387984	2	480597	3830284	1487	0.0855
STOPE_p_TCGAb3_58_59_60_61_62_N_GenomeWideSNP_6_A10_1387984	2	3831381	3834141	2	-1.7506
STOPE_p_TCGAb3_58_59_60_61_62_N_GenomeWideSNP_6_A10_1387984	2	3834301	11977724	5798	0.1066
STOPE_p_TCGAb3_58_59_60_61_62_N_GenomeWideSNP_6_A10_1387984	2	11978231	13238433	917	0.1834
STOPE_p_TCGAb3_58_59_60_61_62_N_GenomeWideSNP_6_A10_1387984	2	13239907	23901708	7121	0.1128
STOPE_p_TCGAb3_58_59_60_61_62_N_GenomeWideSNP_6_A10_1387984	2	23909397	29008555	2285	0.0653
STOPE_p_TCGAb3_58_59_60_61_62_N_GenomeWideSNP_6_A10_1387984	2	29017194	48414446	11486	0.1138
STOPE_p_TCGAb3_58_59_60_61_62_N_GenomeWideSNP_6_A10_1387984	2	48415361	74925373	14987	-0.0654
STOPE_p_TCGAb3_58_59_60_61_62_N_GenomeWideSNP_6_A10_1387984	2	74925518	84807965	5361	-0.0394
STOPE_p_TCGAb3_58_59_60_61_62_N_GenomeWideSNP_6_A10_1387984	2	84808816	88810747	1394	-0.0951
STOPE_p_TCGAb3_58_59_60_61_62_N_GenomeWideSNP_6_A10_1387984	2	88812836	122273894	14088	0.1144
STOPE_p_TCGAb3_58_59_60_61_62_N_GenomeWideSNP_6_A10_1387984	2	122276567	126597824	1856	0.1783
STOPE_p_TCGAb3_58_59_60_61_62_N_GenomeWideSNP_6_A10_1387984	2	126599529	139728418	6574	0.1175
STOPE_p_TCGAb3_58_59_60_61_62_N_GenomeWideSNP_6_A10_1387984	2	139731619	163246244	13654	0.1537
STOPE_p_TCGAb3_58_59_60_61_62_N_GenomeWideSNP_6_A10_1387984	2	163246436	167719345	2570	0.1954
STOPE_p_TCGAb3_58_59_60_61_62_N_GenomeWideSNP_6_A10_1387984	2	167720764	169717587	1373	0.1701
STOPE_p_TCGAb3_58_59_60_61_62_N_GenomeWideSNP_6_A10_1387984	2	169725080	170521204	542	-0.3763
STOPE_p_TCGAb3_58_59_60_61_62_N_GenomeWideSNP_6_A10_1387984	2	170521474	186571304	9169	0.1533
STOPE_p_TCGAb3_58_59_60_61_62_N_GenomeWideSNP_6_A10_1387984	2	186571473	186649879	53	0.4012
STOPE_p_TCGAb3_58_59_60_61_62_N_GenomeWideSNP_6_A10_1387984	2	186650012	200479711	6942	0.1554
STOPE_p_TCGAb3_58_59_60_61_62_N_GenomeWideSNP_6_A10_1387984	2	200480009	204033881	1731	0.1132
STOPE_p_TCGAb3_58_59_60_61_62_N_GenomeWideSNP_6_A10_1387984	2	204038219	217844602	8704	0.1592
STOPE_p_TCGAb3_58_59_60_61_62_N_GenomeWideSNP_6_A10_1387984	2	217845541	219599400	855	0.0879
STOPE_p_TCGAb3_58_59_60_61_62_N_GenomeWideSNP_6_A10_1387984	2	219610353	226060465	4348	0.1603
STOPE_p_TCGAb3_58_59_60_61_62_N_GenomeWideSNP_6_A10_1387984	2	226061796	226062111	2	-1.0977
STOPE_p_TCGAb3_58_59_60_61_62_N_GenomeWideSNP_6_A10_1387984	2	226063237	229465891	2155	0.1407
STOPE_p_TCGAb3_58_59_60_61_62_N_GenomeWideSNP_6_A10_1387984	2	229471343	233531871	1946	0.0945
STOPE_p_TCGAb3_58_59_60_61_62_N_GenomeWideSNP_6_A10_1387984	2	233533171	237920971	3072	0.1359
STOPE_p_TCGAb3_58_59_60_61_62_N_GenomeWideSNP_6_A10_1387984	2	237924196	241537572	1946	0.0775
STOPE_p_TCGAb3_58_59_60_61_62_N_GenomeWideSNP_6_A10_1387984	3	2170634	2182935	12	0.318
STOPE_p_TCGAb3_58_59_60_61_62_N_GenomeWideSNP_6_A10_1387984	3	2183597	3493346	760	0.1035
STOPE_p_TCGAb3_58_59_60_61_62_N_GenomeWideSNP_6_A10_1387984	3	3493757	4909436	855	0.28
STOPE_p_TCGAb3_58_59_60_61_62_N_GenomeWideSNP_6_A10_1387984	3	4910496	9424095	2664	-0.0607
STOPE_p_TCGAb3_58_59_60_61_62_N_GenomeWideSNP_6_A10_1387984	3	9426015	11709806	1372	-0.1226
STOPE_p_TCGAb3_58_59_60_61_62_N_GenomeWideSNP_6_A10_1387984	3	11712453	11715740	3	-1.4708
STOPE_p_TCGAb3_58_59_60_61_62_N_GenomeWideSNP_6_A10_1387984	3	11716944	15025329	2244	-0.1254
STOPE_p_TCGAb3_58_59_60_61_62_N_GenomeWideSNP_6_A10_1387984	3	15026426	20938740	3424	-0.0723
STOPE_p_TCGAb3_58_59_60_61_62_N_GenomeWideSNP_6_A10_1387984	3	20949940	20952509	3	-1.4437
STOPE_p_TCGAb3_58_59_60_61_62_N_GenomeWideSNP_6_A10_1387984	3	20955508	36725783	9431	-0.046
STOPE_p_TCGAb3_58_59_60_61_62_N_GenomeWideSNP_6_A10_1387984	3	36726074	39583998	1851	-0.0981
STOPE_p_TCGAb3_58_59_60_61_62_N_GenomeWideSNP_6_A10_1387984	3	39584271	39906789	169	-0.0408
STOPE_p_TCGAb3_58_59_60_61_62_N_GenomeWideSNP_6_A10_1387984	3	39907762	41796896	1208	0.1693
STOPE_p_TCGAb3_58_59_60_61_62_N_GenomeWideSNP_6_A10_1387984	3	41798938	54500748	6197	-0.1166
STOPE_p_TCGAb3_58_59_60_61_62_N_GenomeWideSNP_6_A10_1387984	3	54503007	56155025	1384	-0.0481
STOPE_p_TCGAb3_58_59_60_61_62_N_GenomeWideSNP_6_A10_1387984	3	56155105	57964495	953	-0.1151
STOPE_p_TCGAb3_58_59_60_61_62_N_GenomeWideSNP_6_A10_1387984	3	57964916	57992526	9	-0.9186
STOPE_p_TCGAb3_58_59_60_61_62_N_GenomeWideSNP_6_A10_1387984	3	57992829	58647534	434	-0.1107
STOPE_p_TCGAb3_58_59_60_61_62_N_GenomeWideSNP_6_A10_1387984	3	58647598	69006139	6590	-0.0552
STOPE_p_TCGAb3_58_59_60_61_62_N_GenomeWideSNP_6_A10_1387984	3	69006273	69171056	106	0.1726
STOPE_p_TCGAb3_58_59_60_61_62_N_GenomeWideSNP_6_A10_1387984	3	69171581	85656883	9372	-0.0551
STOPE_p_TCGAb3_58_59_60_61_62_N_GenomeWideSNP_6_A10_1387984	3	85659126	85950801	163	-0.3073
STOPE_p_TCGAb3_58_59_60_61_62_N_GenomeWideSNP_6_A10_1387984	3	85979977	98688460	4550	-0.0489
STOPE_p_TCGAb3_58_59_60_61_62_N_GenomeWideSNP_6_A10_1387984	3	98688470	98688542	2	1.4475
STOPE_p_TCGAb3_58_59_60_61_62_N_GenomeWideSNP_6_A10_1387984	3	98688556	110799017	6647	-0.0454
STOPE_p_TCGAb3_58_59_60_61_62_N_GenomeWideSNP_6_A10_1387984	3	110799096	111593054	418	-0.3131
STOPE_p_TCGAb3_58_59_60_61_62_N_GenomeWideSNP_6_A10_1387984	3	111593098	114600199	1825	-0.3645
STOPE_p_TCGAb3_58_59_60_61_62_N_GenomeWideSNP_6_A10_1387984	3	114606817	118689629	2763	-0.3052
STOPE_p_TCGAb3_58_59_60_61_62_N_GenomeWideSNP_6_A10_1387984	3	118691935	144755051	14517	-0.3651
STOPE_p_TCGAb3_58_59_60_61_62_N_GenomeWideSNP_6_A10_1387984	3	144756647	158016233	7121	-0.3199
STOPE_p_TCGAb3_58_59_60_61_62_N_GenomeWideSNP_6_A10_1387984	3	158026426	158861428	391	-0.0959
STOPE_p_TCGAb3_58_59_60_61_62_N_GenomeWideSNP_6_A10_1387984	3	158863325	159569116	429	-0.6424
STOPE_p_TCGAb3_58_59_60_61_62_N_GenomeWideSNP_6_A10_1387984	3	159569563	160687483	619	-0.0999
STOPE_p_TCGAb3_58_59_60_61_62_N_GenomeWideSNP_6_A10_1387984	3	160688537	179166821	8993	-0.6349
STOPE_p_TCGAb3_58_59_60_61_62_N_GenomeWideSNP_6_A10_1387984	3	179168143	179234110	116	-0.4222
STOPE_p_TCGAb3_58_59_60_61_62_N_GenomeWideSNP_6_A10_1387984	3	179234126	181011311	951	-0.6372
STOPE_p_TCGAb3_58_59_60_61_62_N_GenomeWideSNP_6_A10_1387984	3	181011571	189964452	5069	-0.3023
STOPE_p_TCGAb3_58_59_60_61_62_N_GenomeWideSNP_6_A10_1387984	3	189969256	191052634	739	-0.0031
STOPE_p_TCGAb3_58_59_60_61_62_N_GenomeWideSNP_6_A10_1387984	3	191052713	197812401	2969	-0.3091
STOPE_p_TCGAb3_58_59_60_61_62_N_GenomeWideSNP_6_A10_1387984	4	1059384	6635844	3047	-0.1205
STOPE_p_TCGAb3_58_59_60_61_62_N_GenomeWideSNP_6_A10_1387984	4	6643190	6644493	2	-1.8474
STOPE_p_TCGAb3_58_59_60_61_62_N_GenomeWideSNP_6_A10_1387984	4	6645329	7184530	326	-0.1268
STOPE_p_TCGAb3_58_59_60_61_62_N_GenomeWideSNP_6_A10_1387984	4	7186622	7371625	157	0.5937
STOPE_p_TCGAb3_58_59_60_61_62_N_GenomeWideSNP_6_A10_1387984	4	7372048	9885462	949	0.5323
STOPE_p_TCGAb3_58_59_60_61_62_N_GenomeWideSNP_6_A10_1387984	4	9885958	10638219	633	0.6186
STOPE_p_TCGAb3_58_59_60_61_62_N_GenomeWideSNP_6_A10_1387984	4	10639941	10639955	2	-0.5339
STOPE_p_TCGAb3_58_59_60_61_62_N_GenomeWideSNP_6_A10_1387984	4	10640642	12637763	1519	0.5936
STOPE_p_TCGAb3_58_59_60_61_62_N_GenomeWideSNP_6_A10_1387984	4	12637970	12655112	2	-0.7956
STOPE_p_TCGAb3_58_59_60_61_62_N_GenomeWideSNP_6_A10_1387984	4	12655113	16575006	2909	0.5999
STOPE_p_TCGAb3_58_59_60_61_62_N_GenomeWideSNP_6_A10_1387984	4	16579247	16620452	38	1.0104
STOPE_p_TCGAb3_58_59_60_61_62_N_GenomeWideSNP_6_A10_1387984	4	16626066	17590276	780	0.5802
STOPE_p_TCGAb3_58_59_60_61_62_N_GenomeWideSNP_6_A10_1387984	4	17596934	17666129	41	1.0009
STOPE_p_TCGAb3_58_59_60_61_62_N_GenomeWideSNP_6_A10_1387984	4	17666143	17692171	22	0.4937
STOPE_p_TCGAb3_58_59_60_61_62_N_GenomeWideSNP_6_A10_1387984	4	17692442	17728924	34	0.997
STOPE_p_TCGAb3_58_59_60_61_62_N_GenomeWideSNP_6_A10_1387984	4	17741372	19021630	758	0.6129
STOPE_p_TCGAb3_58_59_60_61_62_N_GenomeWideSNP_6_A10_1387984	4	19024099	19101157	48	1.1221
STOPE_p_TCGAb3_58_59_60_61_62_N_GenomeWideSNP_6_A10_1387984	4	19103699	19194794	70	0.6669
STOPE_p_TCGAb3_58_59_60_61_62_N_GenomeWideSNP_6_A10_1387984	4	19196620	19583998	244	1.0241
STOPE_p_TCGAb3_58_59_60_61_62_N_GenomeWideSNP_6_A10_1387984	4	19584262	25050509	3574	0.659
STOPE_p_TCGAb3_58_59_60_61_62_N_GenomeWideSNP_6_A10_1387984	4	25051163	37459705	7502	-0.6465
STOPE_p_TCGAb3_58_59_60_61_62_N_GenomeWideSNP_6_A10_1387984	4	37460171	44104834	3773	0.6169
STOPE_p_TCGAb3_58_59_60_61_62_N_GenomeWideSNP_6_A10_1387984	4	44114138	45053665	439	-0.0464
STOPE_p_TCGAb3_58_59_60_61_62_N_GenomeWideSNP_6_A10_1387984	4	45054176	45185510	81	0.5947
STOPE_p_TCGAb3_58_59_60_61_62_N_GenomeWideSNP_6_A10_1387984	4	45185818	45345507	90	0.338
STOPE_p_TCGAb3_58_59_60_61_62_N_GenomeWideSNP_6_A10_1387984	4	45349669	47247204	891	0.1242
STOPE_p_TCGAb3_58_59_60_61_62_N_GenomeWideSNP_6_A10_1387984	4	47251321	47972490	436	0.4307
STOPE_p_TCGAb3_58_59_60_61_62_N_GenomeWideSNP_6_A10_1387984	4	47976566	51848630	66	-0.3809
STOPE_p_TCGAb3_58_59_60_61_62_N_GenomeWideSNP_6_A10_1387984	4	51850402	144462915	51835	-0.0577
STOPE_p_TCGAb3_58_59_60_61_62_N_GenomeWideSNP_6_A10_1387984	4	144465054	146627051	1144	0.0902
STOPE_p_TCGAb3_58_59_60_61_62_N_GenomeWideSNP_6_A10_1387984	4	146627619	146659652	15	-0.0979
STOPE_p_TCGAb3_58_59_60_61_62_N_GenomeWideSNP_6_A10_1387984	4	146659760	187576554	22100	-0.275
STOPE_p_TCGAb3_58_59_60_61_62_N_GenomeWideSNP_6_A10_1387984	4	187579871	187842528	160	-0.5647
STOPE_p_TCGAb3_58_59_60_61_62_N_GenomeWideSNP_6_A10_1387984	5	913983	3400046	1442	0.1124
STOPE_p_TCGAb3_58_59_60_61_62_N_GenomeWideSNP_6_A10_1387984	5	3400265	9723358	5013	0.1564
STOPE_p_TCGAb3_58_59_60_61_62_N_GenomeWideSNP_6_A10_1387984	5	9724402	16054065	3556	0.1166
STOPE_p_TCGAb3_58_59_60_61_62_N_GenomeWideSNP_6_A10_1387984	5	16057788	29425722	6989	0.1524
STOPE_p_TCGAb3_58_59_60_61_62_N_GenomeWideSNP_6_A10_1387984	5	29427905	29430084	2	1.5753
STOPE_p_TCGAb3_58_59_60_61_62_N_GenomeWideSNP_6_A10_1387984	5	29431519	130600534	53394	0.1573
STOPE_p_TCGAb3_58_59_60_61_62_N_GenomeWideSNP_6_A10_1387984	5	130600548	143141340	7146	0.1148
STOPE_p_TCGAb3_58_59_60_61_62_N_GenomeWideSNP_6_A10_1387984	5	143141460	163693629	13394	0.1445
STOPE_p_TCGAb3_58_59_60_61_62_N_GenomeWideSNP_6_A10_1387984	5	163697382	166685387	1859	0.1891
STOPE_p_TCGAb3_58_59_60_61_62_N_GenomeWideSNP_6_A10_1387984	5	166686782	171226621	3292	0.138
STOPE_p_TCGAb3_58_59_60_61_62_N_GenomeWideSNP_6_A10_1387984	5	171229209	176521315	3277	0.1227
STOPE_p_TCGAb3_58_59_60_61_62_N_GenomeWideSNP_6_A10_1387984	5	176522232	179920890	1469	0.069
STOPE_p_TCGAb3_58_59_60_61_62_N_GenomeWideSNP_6_A10_1387984	5	179921502	180934240	469	0.1205
STOPE_p_TCGAb3_58_59_60_61_62_N_GenomeWideSNP_6_A10_1387984	6	1011760	7689533	4947	0.1231
STOPE_p_TCGAb3_58_59_60_61_62_N_GenomeWideSNP_6_A10_1387984	6	7690235	9868060	1538	0.1881
STOPE_p_TCGAb3_58_59_60_61_62_N_GenomeWideSNP_6_A10_1387984	6	9873679	18296814	5737	0.1215
STOPE_p_TCGAb3_58_59_60_61_62_N_GenomeWideSNP_6_A10_1387984	6	18298206	24319889	4341	0.1629
STOPE_p_TCGAb3_58_59_60_61_62_N_GenomeWideSNP_6_A10_1387984	6	24320985	29736539	2360	0.1179
STOPE_p_TCGAb3_58_59_60_61_62_N_GenomeWideSNP_6_A10_1387984	6	29736623	37817243	3213	0.0601
STOPE_p_TCGAb3_58_59_60_61_62_N_GenomeWideSNP_6_A10_1387984	6	37823455	40566958	2029	0.1274
STOPE_p_TCGAb3_58_59_60_61_62_N_GenomeWideSNP_6_A10_1387984	6	40567398	44677999	2462	0.0684
STOPE_p_TCGAb3_58_59_60_61_62_N_GenomeWideSNP_6_A10_1387984	6	44678206	53689948	5367	0.1539
STOPE_p_TCGAb3_58_59_60_61_62_N_GenomeWideSNP_6_A10_1387984	6	53692100	54391033	539	0.5234
STOPE_p_TCGAb3_58_59_60_61_62_N_GenomeWideSNP_6_A10_1387984	6	54391416	54392349	3	0.2594
STOPE_p_TCGAb3_58_59_60_61_62_N_GenomeWideSNP_6_A10_1387984	6	54395290	54680234	153	-0.3337
STOPE_p_TCGAb3_58_59_60_61_62_N_GenomeWideSNP_6_A10_1387984	6	54680268	54684422	3	0.4045
STOPE_p_TCGAb3_58_59_60_61_62_N_GenomeWideSNP_6_A10_1387984	6	54693583	54852437	105	0.9025
STOPE_p_TCGAb3_58_59_60_61_62_N_GenomeWideSNP_6_A10_1387984	6	54854771	55598090	466	1.269
STOPE_p_TCGAb3_58_59_60_61_62_N_GenomeWideSNP_6_A10_1387984	6	55598641	55959654	213	1.7806
STOPE_p_TCGAb3_58_59_60_61_62_N_GenomeWideSNP_6_A10_1387984	6	55960697	57229219	669	2.0948
STOPE_p_TCGAb3_58_59_60_61_62_N_GenomeWideSNP_6_A10_1387984	6	57229897	57347009	58	1.8484
STOPE_p_TCGAb3_58_59_60_61_62_N_GenomeWideSNP_6_A10_1387984	6	61524627	61530738	7	0.3086
STOPE_p_TCGAb3_58_59_60_61_62_N_GenomeWideSNP_6_A10_1387984	6	61596503	62144765	239	1.7598
STOPE_p_TCGAb3_58_59_60_61_62_N_GenomeWideSNP_6_A10_1387984	6	62152488	62515792	164	1.335
STOPE_p_TCGAb3_58_59_60_61_62_N_GenomeWideSNP_6_A10_1387984	6	62519028	62648666	66	1.8746
STOPE_p_TCGAb3_58_59_60_61_62_N_GenomeWideSNP_6_A10_1387984	6	62648720	63139869	242	2.1332
STOPE_p_TCGAb3_58_59_60_61_62_N_GenomeWideSNP_6_A10_1387984	6	63147591	63610469	246	2.353
STOPE_p_TCGAb3_58_59_60_61_62_N_GenomeWideSNP_6_A10_1387984	6	63613749	64109038	235	2.1261
STOPE_p_TCGAb3_58_59_60_61_62_N_GenomeWideSNP_6_A10_1387984	6	64115299	65507235	708	1.7379
STOPE_p_TCGAb3_58_59_60_61_62_N_GenomeWideSNP_6_A10_1387984	6	65510544	85406814	11475	-0.3474
STOPE_p_TCGAb3_58_59_60_61_62_N_GenomeWideSNP_6_A10_1387984	6	85407411	85412321	3	-2.6515
STOPE_p_TCGAb3_58_59_60_61_62_N_GenomeWideSNP_6_A10_1387984	6	85412344	150907871	38281	-0.3458
STOPE_p_TCGAb3_58_59_60_61_62_N_GenomeWideSNP_6_A10_1387984	6	150907876	150965871	52	-0.7611
STOPE_p_TCGAb3_58_59_60_61_62_N_GenomeWideSNP_6_A10_1387984	6	150967610	167139546	10561	-0.3527
STOPE_p_TCGAb3_58_59_60_61_62_N_GenomeWideSNP_6_A10_1387984	6	167141072	167931668	39	1.9556
STOPE_p_TCGAb3_58_59_60_61_62_N_GenomeWideSNP_6_A10_1387984	6	168457458	169767293	580	-0.1396
STOPE_p_TCGAb3_58_59_60_61_62_N_GenomeWideSNP_6_A10_1387984	6	169767522	170596889	223	0.3063
STOPE_p_TCGAb3_58_59_60_61_62_N_GenomeWideSNP_6_A10_1387984	7	664936	7898737	3013	0.2849
STOPE_p_TCGAb3_58_59_60_61_62_N_GenomeWideSNP_6_A10_1387984	7	7898965	15983458	4793	0.3669
STOPE_p_TCGAb3_58_59_60_61_62_N_GenomeWideSNP_6_A10_1387984	7	15983465	15983505	2	-0.897
STOPE_p_TCGAb3_58_59_60_61_62_N_GenomeWideSNP_6_A10_1387984	7	15983565	23410618	4199	0.3658
STOPE_p_TCGAb3_58_59_60_61_62_N_GenomeWideSNP_6_A10_1387984	7	23410976	39347402	10664	0.3188
STOPE_p_TCGAb3_58_59_60_61_62_N_GenomeWideSNP_6_A10_1387984	7	39349348	39352646	4	-0.9173
STOPE_p_TCGAb3_58_59_60_61_62_N_GenomeWideSNP_6_A10_1387984	7	39353408	40397070	572	0.3048
STOPE_p_TCGAb3_58_59_60_61_62_N_GenomeWideSNP_6_A10_1387984	7	40398891	43336954	1631	0.3682
STOPE_p_TCGAb3_58_59_60_61_62_N_GenomeWideSNP_6_A10_1387984	7	43337409	45910847	1357	0.2919
STOPE_p_TCGAb3_58_59_60_61_62_N_GenomeWideSNP_6_A10_1387984	7	45913798	49092276	2322	0.3711
STOPE_p_TCGAb3_58_59_60_61_62_N_GenomeWideSNP_6_A10_1387984	7	49099237	57876204	5119	0.3094
STOPE_p_TCGAb3_58_59_60_61_62_N_GenomeWideSNP_6_A10_1387984	7	57876479	63646131	2	-0.9902
STOPE_p_TCGAb3_58_59_60_61_62_N_GenomeWideSNP_6_A10_1387984	7	63654509	68227966	1517	0.2955
STOPE_p_TCGAb3_58_59_60_61_62_N_GenomeWideSNP_6_A10_1387984	7	68236122	70375182	1301	-0.1085
STOPE_p_TCGAb3_58_59_60_61_62_N_GenomeWideSNP_6_A10_1387984	7	70377553	70943280	349	0.1554
STOPE_p_TCGAb3_58_59_60_61_62_N_GenomeWideSNP_6_A10_1387984	7	70944226	71239559	199	-0.1465
STOPE_p_TCGAb3_58_59_60_61_62_N_GenomeWideSNP_6_A10_1387984	7	71239640	71297194	55	0.0748
STOPE_p_TCGAb3_58_59_60_61_62_N_GenomeWideSNP_6_A10_1387984	7	71299342	71370934	49	-0.1461
STOPE_p_TCGAb3_58_59_60_61_62_N_GenomeWideSNP_6_A10_1387984	7	71372812	71507977	53	0.4628
STOPE_p_TCGAb3_58_59_60_61_62_N_GenomeWideSNP_6_A10_1387984	7	71509711	71580919	34	-0.0892
STOPE_p_TCGAb3_58_59_60_61_62_N_GenomeWideSNP_6_A10_1387984	7	71582274	71623763	33	0.141
STOPE_p_TCGAb3_58_59_60_61_62_N_GenomeWideSNP_6_A10_1387984	7	71627912	71860497	154	-0.0892
STOPE_p_TCGAb3_58_59_60_61_62_N_GenomeWideSNP_6_A10_1387984	7	71860942	77636786	1623	0.2799
STOPE_p_TCGAb3_58_59_60_61_62_N_GenomeWideSNP_6_A10_1387984	7	77639918	77937413	153	0.1132
STOPE_p_TCGAb3_58_59_60_61_62_N_GenomeWideSNP_6_A10_1387984	7	77942717	78467737	481	0.3406
STOPE_p_TCGAb3_58_59_60_61_62_N_GenomeWideSNP_6_A10_1387984	7	78468945	81843871	2146	-0.0402
STOPE_p_TCGAb3_58_59_60_61_62_N_GenomeWideSNP_6_A10_1387984	7	81847283	81885176	23	0.3977
STOPE_p_TCGAb3_58_59_60_61_62_N_GenomeWideSNP_6_A10_1387984	7	81885625	98181960	8464	-0.0551
STOPE_p_TCGAb3_58_59_60_61_62_N_GenomeWideSNP_6_A10_1387984	7	98187326	102839770	1653	-0.1477
STOPE_p_TCGAb3_58_59_60_61_62_N_GenomeWideSNP_6_A10_1387984	7	102840310	104541635	1049	-0.0586
STOPE_p_TCGAb3_58_59_60_61_62_N_GenomeWideSNP_6_A10_1387984	7	104542462	104599678	31	0.3553
STOPE_p_TCGAb3_58_59_60_61_62_N_GenomeWideSNP_6_A10_1387984	7	104603608	113058588	4433	-0.0788
STOPE_p_TCGAb3_58_59_60_61_62_N_GenomeWideSNP_6_A10_1387984	7	113058668	125173180	6706	-0.0466
STOPE_p_TCGAb3_58_59_60_61_62_N_GenomeWideSNP_6_A10_1387984	7	125176155	147548898	12152	-0.0775
STOPE_p_TCGAb3_58_59_60_61_62_N_GenomeWideSNP_6_A10_1387984	7	147549670	152771623	2687	-0.1242
STOPE_p_TCGAb3_58_59_60_61_62_N_GenomeWideSNP_6_A10_1387984	7	152777346	158592540	3110	-0.4195
STOPE_p_TCGAb3_58_59_60_61_62_N_GenomeWideSNP_6_A10_1387984	8	667625	1705524	495	0.7655
STOPE_p_TCGAb3_58_59_60_61_62_N_GenomeWideSNP_6_A10_1387984	8	1705592	2166022	286	0.5382
STOPE_p_TCGAb3_58_59_60_61_62_N_GenomeWideSNP_6_A10_1387984	8	2849664	6454758	1972	-0.7114
STOPE_p_TCGAb3_58_59_60_61_62_N_GenomeWideSNP_6_A10_1387984	8	6459746	8398802	484	-0.1132
STOPE_p_TCGAb3_58_59_60_61_62_N_GenomeWideSNP_6_A10_1387984	8	8399076	9500871	747	-0.7314
STOPE_p_TCGAb3_58_59_60_61_62_N_GenomeWideSNP_6_A10_1387984	8	9505081	9508602	5	-1.9076
STOPE_p_TCGAb3_58_59_60_61_62_N_GenomeWideSNP_6_A10_1387984	8	9508668	11801118	1255	-0.7584
STOPE_p_TCGAb3_58_59_60_61_62_N_GenomeWideSNP_6_A10_1387984	8	12704441	14419915	1320	-0.0677
STOPE_p_TCGAb3_58_59_60_61_62_N_GenomeWideSNP_6_A10_1387984	8	14426755	19447711	3864	-0.7015
STOPE_p_TCGAb3_58_59_60_61_62_N_GenomeWideSNP_6_A10_1387984	8	19448194	23928868	3113	-0.7624
STOPE_p_TCGAb3_58_59_60_61_62_N_GenomeWideSNP_6_A10_1387984	8	23930226	24939759	649	-0.6541
STOPE_p_TCGAb3_58_59_60_61_62_N_GenomeWideSNP_6_A10_1387984	8	24945766	29634157	3294	-0.7537
STOPE_p_TCGAb3_58_59_60_61_62_N_GenomeWideSNP_6_A10_1387984	8	29634180	34087746	2790	-0.6936
STOPE_p_TCGAb3_58_59_60_61_62_N_GenomeWideSNP_6_A10_1387984	8	34100836	34392537	186	-0.134
STOPE_p_TCGAb3_58_59_60_61_62_N_GenomeWideSNP_6_A10_1387984	8	34394414	34395090	3	-1.8012
STOPE_p_TCGAb3_58_59_60_61_62_N_GenomeWideSNP_6_A10_1387984	8	34397511	36100067	831	-0.1105
STOPE_p_TCGAb3_58_59_60_61_62_N_GenomeWideSNP_6_A10_1387984	8	36106168	40387865	2175	-0.7321
STOPE_p_TCGAb3_58_59_60_61_62_N_GenomeWideSNP_6_A10_1387984	8	40389035	46547532	1643	-0.3799
STOPE_p_TCGAb3_58_59_60_61_62_N_GenomeWideSNP_6_A10_1387984	8	46549323	48385861	724	0.4379
STOPE_p_TCGAb3_58_59_60_61_62_N_GenomeWideSNP_6_A10_1387984	8	48390885	48480283	55	0.7266
STOPE_p_TCGAb3_58_59_60_61_62_N_GenomeWideSNP_6_A10_1387984	8	48480916	48487343	4	1.3709
STOPE_p_TCGAb3_58_59_60_61_62_N_GenomeWideSNP_6_A10_1387984	8	48491257	48992833	290	0.7611
STOPE_p_TCGAb3_58_59_60_61_62_N_GenomeWideSNP_6_A10_1387984	8	48994233	50398536	717	0.4753
STOPE_p_TCGAb3_58_59_60_61_62_N_GenomeWideSNP_6_A10_1387984	8	50399018	52179529	1075	-0.0699
STOPE_p_TCGAb3_58_59_60_61_62_N_GenomeWideSNP_6_A10_1387984	8	52184044	53937735	985	0.459
STOPE_p_TCGAb3_58_59_60_61_62_N_GenomeWideSNP_6_A10_1387984	8	53938712	63426943	5949	-0.0783
STOPE_p_TCGAb3_58_59_60_61_62_N_GenomeWideSNP_6_A10_1387984	8	63427361	64987056	762	0.1302
STOPE_p_TCGAb3_58_59_60_61_62_N_GenomeWideSNP_6_A10_1387984	8	64987267	67964412	1539	-0.0823
STOPE_p_TCGAb3_58_59_60_61_62_N_GenomeWideSNP_6_A10_1387984	8	67964834	68037333	47	0.5033
STOPE_p_TCGAb3_58_59_60_61_62_N_GenomeWideSNP_6_A10_1387984	8	68037435	68061987	31	-0.0854
STOPE_p_TCGAb3_58_59_60_61_62_N_GenomeWideSNP_6_A10_1387984	8	68062537	68098129	38	0.5809
STOPE_p_TCGAb3_58_59_60_61_62_N_GenomeWideSNP_6_A10_1387984	8	68101583	68221375	88	-0.0601
STOPE_p_TCGAb3_58_59_60_61_62_N_GenomeWideSNP_6_A10_1387984	8	68222040	68230652	9	0.5639
STOPE_p_TCGAb3_58_59_60_61_62_N_GenomeWideSNP_6_A10_1387984	8	68231601	68666402	258	-0.0639
STOPE_p_TCGAb3_58_59_60_61_62_N_GenomeWideSNP_6_A10_1387984	8	68666634	68912067	151	0.5102
STOPE_p_TCGAb3_58_59_60_61_62_N_GenomeWideSNP_6_A10_1387984	8	68917834	69563073	426	-0.0637
STOPE_p_TCGAb3_58_59_60_61_62_N_GenomeWideSNP_6_A10_1387984	8	69569073	87593582	10065	0.1673
STOPE_p_TCGAb3_58_59_60_61_62_N_GenomeWideSNP_6_A10_1387984	8	87593614	93577408	3422	-0.0616
STOPE_p_TCGAb3_58_59_60_61_62_N_GenomeWideSNP_6_A10_1387984	8	93580195	94524140	592	0.4136
STOPE_p_TCGAb3_58_59_60_61_62_N_GenomeWideSNP_6_A10_1387984	8	94524715	94567558	37	0.1803
STOPE_p_TCGAb3_58_59_60_61_62_N_GenomeWideSNP_6_A10_1387984	8	94573579	97545704	1933	0.4087
STOPE_p_TCGAb3_58_59_60_61_62_N_GenomeWideSNP_6_A10_1387984	8	97551205	98375555	525	0.2219
STOPE_p_TCGAb3_58_59_60_61_62_N_GenomeWideSNP_6_A10_1387984	8	98375793	105424732	3999	0.3753
STOPE_p_TCGAb3_58_59_60_61_62_N_GenomeWideSNP_6_A10_1387984	8	105425750	107122123	705	0.1872
STOPE_p_TCGAb3_58_59_60_61_62_N_GenomeWideSNP_6_A10_1387984	8	107122183	112802065	3072	0.2201
STOPE_p_TCGAb3_58_59_60_61_62_N_GenomeWideSNP_6_A10_1387984	8	112802717	140620316	19120	0.1702
STOPE_p_TCGAb3_58_59_60_61_62_N_GenomeWideSNP_6_A10_1387984	8	141150299	142506466	107	-0.1709
STOPE_p_TCGAb3_58_59_60_61_62_N_GenomeWideSNP_6_A10_1387984	8	142506648	144182542	465	0.0936
STOPE_p_TCGAb3_58_59_60_61_62_N_GenomeWideSNP_6_A10_1387984	9	789794	4795595	2927	0.1322
STOPE_p_TCGAb3_58_59_60_61_62_N_GenomeWideSNP_6_A10_1387984	9	4795718	5722415	479	-0.3382
STOPE_p_TCGAb3_58_59_60_61_62_N_GenomeWideSNP_6_A10_1387984	9	5722792	5824205	51	-0.0472
STOPE_p_TCGAb3_58_59_60_61_62_N_GenomeWideSNP_6_A10_1387984	9	5826556	26708670	13082	-0.3451
STOPE_p_TCGAb3_58_59_60_61_62_N_GenomeWideSNP_6_A10_1387984	9	26713322	26718479	8	-1.9635
STOPE_p_TCGAb3_58_59_60_61_62_N_GenomeWideSNP_6_A10_1387984	9	26721668	32339480	3165	-0.3278
STOPE_p_TCGAb3_58_59_60_61_62_N_GenomeWideSNP_6_A10_1387984	9	32343184	38747691	3935	-0.3901
STOPE_p_TCGAb3_58_59_60_61_62_N_GenomeWideSNP_6_A10_1387984	9	38752071	88321998	13972	0.1662
STOPE_p_TCGAb3_58_59_60_61_62_N_GenomeWideSNP_6_A10_1387984	9	88328109	93703480	3388	0.0962
STOPE_p_TCGAb3_58_59_60_61_62_N_GenomeWideSNP_6_A10_1387984	9	93714940	101202906	4722	0.1403
STOPE_p_TCGAb3_58_59_60_61_62_N_GenomeWideSNP_6_A10_1387984	9	101206359	107128533	3566	0.1773
STOPE_p_TCGAb3_58_59_60_61_62_N_GenomeWideSNP_6_A10_1387984	9	107128979	124082577	12160	0.1413
STOPE_p_TCGAb3_58_59_60_61_62_N_GenomeWideSNP_6_A10_1387984	9	124082606	138044505	7174	0.0709
STOPE_p_TCGAb3_58_59_60_61_62_N_GenomeWideSNP_6_A10_1387984	10	366509	5117676	3144	0.3154
STOPE_p_TCGAb3_58_59_60_61_62_N_GenomeWideSNP_6_A10_1387984	10	5119024	8560047	2625	0.0822
STOPE_p_TCGAb3_58_59_60_61_62_N_GenomeWideSNP_6_A10_1387984	10	8561262	12794602	3056	-0.1003
STOPE_p_TCGAb3_58_59_60_61_62_N_GenomeWideSNP_6_A10_1387984	10	12794840	12795443	2	1.3327
STOPE_p_TCGAb3_58_59_60_61_62_N_GenomeWideSNP_6_A10_1387984	10	12795824	15992031	2645	-0.1116
STOPE_p_TCGAb3_58_59_60_61_62_N_GenomeWideSNP_6_A10_1387984	10	15993056	44010191	15902	0.1292
STOPE_p_TCGAb3_58_59_60_61_62_N_GenomeWideSNP_6_A10_1387984	10	44011654	51617205	3147	-0.1025
STOPE_p_TCGAb3_58_59_60_61_62_N_GenomeWideSNP_6_A10_1387984	10	51622481	51704409	31	0.6433
STOPE_p_TCGAb3_58_59_60_61_62_N_GenomeWideSNP_6_A10_1387984	10	51705477	51993306	210	0.3214
STOPE_p_TCGAb3_58_59_60_61_62_N_GenomeWideSNP_6_A10_1387984	10	51993822	52024196	26	0.6272
STOPE_p_TCGAb3_58_59_60_61_62_N_GenomeWideSNP_6_A10_1387984	10	52027389	67592127	9318	-0.332
STOPE_p_TCGAb3_58_59_60_61_62_N_GenomeWideSNP_6_A10_1387984	10	67592597	72601206	3147	-0.4136
STOPE_p_TCGAb3_58_59_60_61_62_N_GenomeWideSNP_6_A10_1387984	10	72602821	72712087	36	0.0755
STOPE_p_TCGAb3_58_59_60_61_62_N_GenomeWideSNP_6_A10_1387984	10	72712111	73107092	168	0.4208
STOPE_p_TCGAb3_58_59_60_61_62_N_GenomeWideSNP_6_A10_1387984	10	73110749	74363350	490	0.0703
STOPE_p_TCGAb3_58_59_60_61_62_N_GenomeWideSNP_6_A10_1387984	10	74366948	88580955	9276	-0.3619
STOPE_p_TCGAb3_58_59_60_61_62_N_GenomeWideSNP_6_A10_1387984	10	88589062	94222938	3418	0.134
STOPE_p_TCGAb3_58_59_60_61_62_N_GenomeWideSNP_6_A10_1387984	10	94223057	104556718	5827	-0.3817
STOPE_p_TCGAb3_58_59_60_61_62_N_GenomeWideSNP_6_A10_1387984	10	104557295	121803229	12089	-0.3442
STOPE_p_TCGAb3_58_59_60_61_62_N_GenomeWideSNP_6_A10_1387984	10	121806804	133411599	6946	-0.3872
STOPE_p_TCGAb3_58_59_60_61_62_N_GenomeWideSNP_6_A10_1387984	11	456012	3978105	1267	-0.4434
STOPE_p_TCGAb3_58_59_60_61_62_N_GenomeWideSNP_6_A10_1387984	11	3979778	6512851	1656	-0.3625
STOPE_p_TCGAb3_58_59_60_61_62_N_GenomeWideSNP_6_A10_1387984	11	6512869	6855757	252	-0.0977
STOPE_p_TCGAb3_58_59_60_61_62_N_GenomeWideSNP_6_A10_1387984	11	6855871	7132428	172	-0.3666
STOPE_p_TCGAb3_58_59_60_61_62_N_GenomeWideSNP_6_A10_1387984	11	7132851	21355181	10312	-0.0823
STOPE_p_TCGAb3_58_59_60_61_62_N_GenomeWideSNP_6_A10_1387984	11	21357856	30881776	5992	-0.0414
STOPE_p_TCGAb3_58_59_60_61_62_N_GenomeWideSNP_6_A10_1387984	11	30882386	36127119	3595	-0.0902
STOPE_p_TCGAb3_58_59_60_61_62_N_GenomeWideSNP_6_A10_1387984	11	36127328	36128092	3	-0.7943
STOPE_p_TCGAb3_58_59_60_61_62_N_GenomeWideSNP_6_A10_1387984	11	36129041	37727515	640	0.3169
STOPE_p_TCGAb3_58_59_60_61_62_N_GenomeWideSNP_6_A10_1387984	11	37729532	39901267	1217	0.4951
STOPE_p_TCGAb3_58_59_60_61_62_N_GenomeWideSNP_6_A10_1387984	11	39903891	44502995	3171	0.1419
STOPE_p_TCGAb3_58_59_60_61_62_N_GenomeWideSNP_6_A10_1387984	11	44503147	48238754	1995	0.0844
STOPE_p_TCGAb3_58_59_60_61_62_N_GenomeWideSNP_6_A10_1387984	11	48239189	61044098	3279	0.1326
STOPE_p_TCGAb3_58_59_60_61_62_N_GenomeWideSNP_6_A10_1387984	11	61046431	61086625	35	1.3712
STOPE_p_TCGAb3_58_59_60_61_62_N_GenomeWideSNP_6_A10_1387984	11	61088254	62589022	744	0.8078
STOPE_p_TCGAb3_58_59_60_61_62_N_GenomeWideSNP_6_A10_1387984	11	62595607	66214264	1111	-0.436
STOPE_p_TCGAb3_58_59_60_61_62_N_GenomeWideSNP_6_A10_1387984	11	66217697	66361739	59	0.7873
STOPE_p_TCGAb3_58_59_60_61_62_N_GenomeWideSNP_6_A10_1387984	11	66365840	66925960	187	1.4985
STOPE_p_TCGAb3_58_59_60_61_62_N_GenomeWideSNP_6_A10_1387984	11	66926393	67386141	167	0.8788
STOPE_p_TCGAb3_58_59_60_61_62_N_GenomeWideSNP_6_A10_1387984	11	67386997	68123972	110	1.168
STOPE_p_TCGAb3_58_59_60_61_62_N_GenomeWideSNP_6_A10_1387984	11	68126000	70820148	1469	1.7076
STOPE_p_TCGAb3_58_59_60_61_62_N_GenomeWideSNP_6_A10_1387984	11	70825755	73822891	1401	0.913
STOPE_p_TCGAb3_58_59_60_61_62_N_GenomeWideSNP_6_A10_1387984	11	73827485	74673542	484	1.3162
STOPE_p_TCGAb3_58_59_60_61_62_N_GenomeWideSNP_6_A10_1387984	11	74679276	76712129	1126	-0.4121
STOPE_p_TCGAb3_58_59_60_61_62_N_GenomeWideSNP_6_A10_1387984	11	76714401	76927830	135	1.2924
STOPE_p_TCGAb3_58_59_60_61_62_N_GenomeWideSNP_6_A10_1387984	11	76938387	78724708	938	2.4505
STOPE_p_TCGAb3_58_59_60_61_62_N_GenomeWideSNP_6_A10_1387984	11	78724901	78995562	233	2.1578
STOPE_p_TCGAb3_58_59_60_61_62_N_GenomeWideSNP_6_A10_1387984	11	78997101	79016503	23	-0.2185
STOPE_p_TCGAb3_58_59_60_61_62_N_GenomeWideSNP_6_A10_1387984	11	79016841	80581416	1252	-0.4115
STOPE_p_TCGAb3_58_59_60_61_62_N_GenomeWideSNP_6_A10_1387984	11	80581915	100524068	12234	-0.3363
STOPE_p_TCGAb3_58_59_60_61_62_N_GenomeWideSNP_6_A10_1387984	11	100525905	100690397	135	0.229
STOPE_p_TCGAb3_58_59_60_61_62_N_GenomeWideSNP_6_A10_1387984	11	100696834	101288560	613	2.0591
STOPE_p_TCGAb3_58_59_60_61_62_N_GenomeWideSNP_6_A10_1387984	11	101288574	101919940	455	1.8513
STOPE_p_TCGAb3_58_59_60_61_62_N_GenomeWideSNP_6_A10_1387984	11	101920213	102651776	285	2.2123
STOPE_p_TCGAb3_58_59_60_61_62_N_GenomeWideSNP_6_A10_1387984	11	102653569	116717173	8962	-0.3509
STOPE_p_TCGAb3_58_59_60_61_62_N_GenomeWideSNP_6_A10_1387984	11	116718462	120982671	2889	-0.4119
STOPE_p_TCGAb3_58_59_60_61_62_N_GenomeWideSNP_6_A10_1387984	11	120982868	134272740	9214	-0.3626
STOPE_p_TCGAb3_58_59_60_61_62_N_GenomeWideSNP_6_A10_1387984	12	780472	14645642	7895	0.3018
STOPE_p_TCGAb3_58_59_60_61_62_N_GenomeWideSNP_6_A10_1387984	12	14650079	30176101	9875	0.3517
STOPE_p_TCGAb3_58_59_60_61_62_N_GenomeWideSNP_6_A10_1387984	12	30176221	38846087	2015	0.3055
STOPE_p_TCGAb3_58_59_60_61_62_N_GenomeWideSNP_6_A10_1387984	12	38847438	44942404	3355	0.3567
STOPE_p_TCGAb3_58_59_60_61_62_N_GenomeWideSNP_6_A10_1387984	12	44945582	44959405	8	-0.3091
STOPE_p_TCGAb3_58_59_60_61_62_N_GenomeWideSNP_6_A10_1387984	12	44962886	47248314	1339	-0.0643
STOPE_p_TCGAb3_58_59_60_61_62_N_GenomeWideSNP_6_A10_1387984	12	47248949	52420446	2596	-0.1371
STOPE_p_TCGAb3_58_59_60_61_62_N_GenomeWideSNP_6_A10_1387984	12	52473930	52628729	149	0.2863
STOPE_p_TCGAb3_58_59_60_61_62_N_GenomeWideSNP_6_A10_1387984	12	52628839	58358580	3042	-0.1355
STOPE_p_TCGAb3_58_59_60_61_62_N_GenomeWideSNP_6_A10_1387984	12	58358956	62995076	2940	-0.044
STOPE_p_TCGAb3_58_59_60_61_62_N_GenomeWideSNP_6_A10_1387984	12	62998611	66585007	2001	0.172
STOPE_p_TCGAb3_58_59_60_61_62_N_GenomeWideSNP_6_A10_1387984	12	66585932	66931419	287	0.9826
STOPE_p_TCGAb3_58_59_60_61_62_N_GenomeWideSNP_6_A10_1387984	12	66933754	67536020	456	0.8291
STOPE_p_TCGAb3_58_59_60_61_62_N_GenomeWideSNP_6_A10_1387984	12	67536270	69520738	1424	1.2198
STOPE_p_TCGAb3_58_59_60_61_62_N_GenomeWideSNP_6_A10_1387984	12	69523947	70643573	765	1.5164
STOPE_p_TCGAb3_58_59_60_61_62_N_GenomeWideSNP_6_A10_1387984	12	70643635	71330906	446	1.7221
STOPE_p_TCGAb3_58_59_60_61_62_N_GenomeWideSNP_6_A10_1387984	12	71333070	73008560	816	0.9324
STOPE_p_TCGAb3_58_59_60_61_62_N_GenomeWideSNP_6_A10_1387984	12	73008595	73183758	116	1.205
STOPE_p_TCGAb3_58_59_60_61_62_N_GenomeWideSNP_6_A10_1387984	12	73192206	74111037	417	0.9165
STOPE_p_TCGAb3_58_59_60_61_62_N_GenomeWideSNP_6_A10_1387984	12	74115838	107081188	20802	-0.0895
STOPE_p_TCGAb3_58_59_60_61_62_N_GenomeWideSNP_6_A10_1387984	12	107081385	132605822	13757	-0.1381
STOPE_p_TCGAb3_58_59_60_61_62_N_GenomeWideSNP_6_A10_1387984	13	18874255	24336058	2784	0.1271
STOPE_p_TCGAb3_58_59_60_61_62_N_GenomeWideSNP_6_A10_1387984	13	24336509	26063458	975	-0.0885
STOPE_p_TCGAb3_58_59_60_61_62_N_GenomeWideSNP_6_A10_1387984	13	26087895	26585531	339	0.2782
STOPE_p_TCGAb3_58_59_60_61_62_N_GenomeWideSNP_6_A10_1387984	13	26590112	28171419	1225	0.0698
STOPE_p_TCGAb3_58_59_60_61_62_N_GenomeWideSNP_6_A10_1387984	13	28174822	28852167	485	0.2948
STOPE_p_TCGAb3_58_59_60_61_62_N_GenomeWideSNP_6_A10_1387984	13	28852261	30403919	1142	0.4732
STOPE_p_TCGAb3_58_59_60_61_62_N_GenomeWideSNP_6_A10_1387984	13	30404075	30852633	326	0.6737
STOPE_p_TCGAb3_58_59_60_61_62_N_GenomeWideSNP_6_A10_1387984	13	30855484	31350566	326	0.7565
STOPE_p_TCGAb3_58_59_60_61_62_N_GenomeWideSNP_6_A10_1387984	13	31350756	31709122	226	1.1327
STOPE_p_TCGAb3_58_59_60_61_62_N_GenomeWideSNP_6_A10_1387984	13	31709525	32765562	675	0.785
STOPE_p_TCGAb3_58_59_60_61_62_N_GenomeWideSNP_6_A10_1387984	13	32770263	36139114	2340	0.8982
STOPE_p_TCGAb3_58_59_60_61_62_N_GenomeWideSNP_6_A10_1387984	13	36140419	40271671	2896	-0.0604
STOPE_p_TCGAb3_58_59_60_61_62_N_GenomeWideSNP_6_A10_1387984	13	40271919	52867820	6884	-0.0848
STOPE_p_TCGAb3_58_59_60_61_62_N_GenomeWideSNP_6_A10_1387984	13	52872860	66619475	6660	-0.051
STOPE_p_TCGAb3_58_59_60_61_62_N_GenomeWideSNP_6_A10_1387984	13	66629999	66641278	12	-0.9761
STOPE_p_TCGAb3_58_59_60_61_62_N_GenomeWideSNP_6_A10_1387984	13	66641865	93337665	16102	-0.0493
STOPE_p_TCGAb3_58_59_60_61_62_N_GenomeWideSNP_6_A10_1387984	13	93338953	101061879	4954	-0.6957
STOPE_p_TCGAb3_58_59_60_61_62_N_GenomeWideSNP_6_A10_1387984	13	101062393	101064662	2	-2.5741
STOPE_p_TCGAb3_58_59_60_61_62_N_GenomeWideSNP_6_A10_1387984	13	101065813	107693136	4750	-0.6876
STOPE_p_TCGAb3_58_59_60_61_62_N_GenomeWideSNP_6_A10_1387984	13	107694200	108186513	362	-0.323
STOPE_p_TCGAb3_58_59_60_61_62_N_GenomeWideSNP_6_A10_1387984	13	108191138	108855067	540	-0.6761
STOPE_p_TCGAb3_58_59_60_61_62_N_GenomeWideSNP_6_A10_1387984	13	108859861	110554979	1363	-0.3397
STOPE_p_TCGAb3_58_59_60_61_62_N_GenomeWideSNP_6_A10_1387984	13	110555265	110564896	8	-1.1323
STOPE_p_TCGAb3_58_59_60_61_62_N_GenomeWideSNP_6_A10_1387984	13	110565566	113582217	1599	-0.3837
STOPE_p_TCGAb3_58_59_60_61_62_N_GenomeWideSNP_6_A10_1387984	13	113587153	113664174	52	-0.5904
STOPE_p_TCGAb3_58_59_60_61_62_N_GenomeWideSNP_6_A10_1387984	13	113877046	114179053	69	-0.921
STOPE_p_TCGAb3_58_59_60_61_62_N_GenomeWideSNP_6_A10_1387984	13	114180095	114226675	29	-0.6548
STOPE_p_TCGAb3_58_59_60_61_62_N_GenomeWideSNP_6_A10_1387984	14	20033191	20056193	21	0.0197
STOPE_p_TCGAb3_58_59_60_61_62_N_GenomeWideSNP_6_A10_1387984	14	20057674	20221574	98	0.1729
STOPE_p_TCGAb3_58_59_60_61_62_N_GenomeWideSNP_6_A10_1387984	14	20222034	23937518	1391	0.1023
STOPE_p_TCGAb3_58_59_60_61_62_N_GenomeWideSNP_6_A10_1387984	14	23938512	23938707	2	1.3296
STOPE_p_TCGAb3_58_59_60_61_62_N_GenomeWideSNP_6_A10_1387984	14	23939116	24434758	224	0.0589
STOPE_p_TCGAb3_58_59_60_61_62_N_GenomeWideSNP_6_A10_1387984	14	24435119	29159104	2740	0.1563
STOPE_p_TCGAb3_58_59_60_61_62_N_GenomeWideSNP_6_A10_1387984	14	29159419	33742851	2989	0.3618
STOPE_p_TCGAb3_58_59_60_61_62_N_GenomeWideSNP_6_A10_1387984	14	33745392	33941166	133	0.5127
STOPE_p_TCGAb3_58_59_60_61_62_N_GenomeWideSNP_6_A10_1387984	14	33941686	33958863	17	0.3473
STOPE_p_TCGAb3_58_59_60_61_62_N_GenomeWideSNP_6_A10_1387984	14	33962469	35365352	682	0.1516
STOPE_p_TCGAb3_58_59_60_61_62_N_GenomeWideSNP_6_A10_1387984	14	35365835	36665286	815	0.3312
STOPE_p_TCGAb3_58_59_60_61_62_N_GenomeWideSNP_6_A10_1387984	14	36673349	38289717	986	0.1366
STOPE_p_TCGAb3_58_59_60_61_62_N_GenomeWideSNP_6_A10_1387984	14	38289784	40836623	1272	-0.0754
STOPE_p_TCGAb3_58_59_60_61_62_N_GenomeWideSNP_6_A10_1387984	14	40846319	43859381	1375	0.167
STOPE_p_TCGAb3_58_59_60_61_62_N_GenomeWideSNP_6_A10_1387984	14	44031914	67355384	13574	-0.0751
STOPE_p_TCGAb3_58_59_60_61_62_N_GenomeWideSNP_6_A10_1387984	14	67355880	68161997	416	0.2766
STOPE_p_TCGAb3_58_59_60_61_62_N_GenomeWideSNP_6_A10_1387984	14	68163064	78560473	6654	-0.1168
STOPE_p_TCGAb3_58_59_60_61_62_N_GenomeWideSNP_6_A10_1387984	14	78560544	88202156	6195	-0.0574
STOPE_p_TCGAb3_58_59_60_61_62_N_GenomeWideSNP_6_A10_1387984	14	88202190	105533894	10265	-0.1172
STOPE_p_TCGAb3_58_59_60_61_62_N_GenomeWideSNP_6_A10_1387984	15	23437561	23696796	188	0.19
STOPE_p_TCGAb3_58_59_60_61_62_N_GenomeWideSNP_6_A10_1387984	15	23698600	24556575	289	-0.0918
STOPE_p_TCGAb3_58_59_60_61_62_N_GenomeWideSNP_6_A10_1387984	15	24556648	25796979	792	-0.4127
STOPE_p_TCGAb3_58_59_60_61_62_N_GenomeWideSNP_6_A10_1387984	15	25797188	27157400	919	0.2944
STOPE_p_TCGAb3_58_59_60_61_62_N_GenomeWideSNP_6_A10_1387984	15	27157415	27512682	249	0.1649
STOPE_p_TCGAb3_58_59_60_61_62_N_GenomeWideSNP_6_A10_1387984	15	27513734	35487811	2795	-0.3636
STOPE_p_TCGAb3_58_59_60_61_62_N_GenomeWideSNP_6_A10_1387984	15	35488328	35545747	31	0.1506
STOPE_p_TCGAb3_58_59_60_61_62_N_GenomeWideSNP_6_A10_1387984	15	35550231	40051342	3155	-0.3306
STOPE_p_TCGAb3_58_59_60_61_62_N_GenomeWideSNP_6_A10_1387984	15	40052013	43539827	1662	-0.4266
STOPE_p_TCGAb3_58_59_60_61_62_N_GenomeWideSNP_6_A10_1387984	15	43542120	60890969	10657	-0.3563
STOPE_p_TCGAb3_58_59_60_61_62_N_GenomeWideSNP_6_A10_1387984	15	60891503	86283055	14639	-0.1074
STOPE_p_TCGAb3_58_59_60_61_62_N_GenomeWideSNP_6_A10_1387984	15	86285013	87935631	1209	-0.038
STOPE_p_TCGAb3_58_59_60_61_62_N_GenomeWideSNP_6_A10_1387984	15	87935732	101344124	8284	-0.0984
STOPE_p_TCGAb3_58_59_60_61_62_N_GenomeWideSNP_6_A10_1387984	16	603333	6541470	2751	-0.1454
STOPE_p_TCGAb3_58_59_60_61_62_N_GenomeWideSNP_6_A10_1387984	16	6545897	6583259	43	-0.8573
STOPE_p_TCGAb3_58_59_60_61_62_N_GenomeWideSNP_6_A10_1387984	16	7081613	9300661	1351	-0.1033
STOPE_p_TCGAb3_58_59_60_61_62_N_GenomeWideSNP_6_A10_1387984	16	9304076	10999464	1516	0.7635
STOPE_p_TCGAb3_58_59_60_61_62_N_GenomeWideSNP_6_A10_1387984	16	10999538	13180019	1557	0.835
STOPE_p_TCGAb3_58_59_60_61_62_N_GenomeWideSNP_6_A10_1387984	16	13185417	14542484	1002	-0.0649
STOPE_p_TCGAb3_58_59_60_61_62_N_GenomeWideSNP_6_A10_1387984	16	14548645	25039670	2832	-0.136
STOPE_p_TCGAb3_58_59_60_61_62_N_GenomeWideSNP_6_A10_1387984	16	25039710	25039820	2	-2.6446
STOPE_p_TCGAb3_58_59_60_61_62_N_GenomeWideSNP_6_A10_1387984	16	25040730	29240540	2424	-0.1092
STOPE_p_TCGAb3_58_59_60_61_62_N_GenomeWideSNP_6_A10_1387984	16	29243659	29300932	22	0.2781
STOPE_p_TCGAb3_58_59_60_61_62_N_GenomeWideSNP_6_A10_1387984	16	29410386	46474548	591	-0.1144
STOPE_p_TCGAb3_58_59_60_61_62_N_GenomeWideSNP_6_A10_1387984	16	46476005	54208360	5006	-0.3733
STOPE_p_TCGAb3_58_59_60_61_62_N_GenomeWideSNP_6_A10_1387984	16	54208752	54209636	3	-1.8446
STOPE_p_TCGAb3_58_59_60_61_62_N_GenomeWideSNP_6_A10_1387984	16	54210735	55158041	744	-0.3668
STOPE_p_TCGAb3_58_59_60_61_62_N_GenomeWideSNP_6_A10_1387984	16	55158368	55245421	81	-0.2327
STOPE_p_TCGAb3_58_59_60_61_62_N_GenomeWideSNP_6_A10_1387984	16	55246479	55466500	212	0.143
STOPE_p_TCGAb3_58_59_60_61_62_N_GenomeWideSNP_6_A10_1387984	16	55467042	58694918	1965	0.272
STOPE_p_TCGAb3_58_59_60_61_62_N_GenomeWideSNP_6_A10_1387984	16	58695527	59974609	865	0.1348
STOPE_p_TCGAb3_58_59_60_61_62_N_GenomeWideSNP_6_A10_1387984	16	59976132	60267489	145	0.3657
STOPE_p_TCGAb3_58_59_60_61_62_N_GenomeWideSNP_6_A10_1387984	16	60269629	65341341	3263	-0.3256
STOPE_p_TCGAb3_58_59_60_61_62_N_GenomeWideSNP_6_A10_1387984	16	65341496	68542126	1765	-0.3999
STOPE_p_TCGAb3_58_59_60_61_62_N_GenomeWideSNP_6_A10_1387984	16	68544158	68624897	44	-0.0514
STOPE_p_TCGAb3_58_59_60_61_62_N_GenomeWideSNP_6_A10_1387984	16	68636168	81425810	8268	-0.3706
STOPE_p_TCGAb3_58_59_60_61_62_N_GenomeWideSNP_6_A10_1387984	16	81432936	81433290	2	-1.9484
STOPE_p_TCGAb3_58_59_60_61_62_N_GenomeWideSNP_6_A10_1387984	16	81435485	86708140	3781	-0.4013
STOPE_p_TCGAb3_58_59_60_61_62_N_GenomeWideSNP_6_A10_1387984	16	86708617	86710757	2	-2.5677
STOPE_p_TCGAb3_58_59_60_61_62_N_GenomeWideSNP_6_A10_1387984	16	86710783	89317317	1057	-0.426
STOPE_p_TCGAb3_58_59_60_61_62_N_GenomeWideSNP_6_A10_1387984	17	1074619	9557663	4310	-0.1712
STOPE_p_TCGAb3_58_59_60_61_62_N_GenomeWideSNP_6_A10_1387984	17	9560887	16390256	3529	-0.1145
STOPE_p_TCGAb3_58_59_60_61_62_N_GenomeWideSNP_6_A10_1387984	17	16391221	16713872	149	0.1159
STOPE_p_TCGAb3_58_59_60_61_62_N_GenomeWideSNP_6_A10_1387984	17	16718444	52217327	12937	-0.1425
STOPE_p_TCGAb3_58_59_60_61_62_N_GenomeWideSNP_6_A10_1387984	17	52220594	55780492	2141	0.3149
STOPE_p_TCGAb3_58_59_60_61_62_N_GenomeWideSNP_6_A10_1387984	17	55781454	57529910	1372	0.2747
STOPE_p_TCGAb3_58_59_60_61_62_N_GenomeWideSNP_6_A10_1387984	17	57530230	57530308	2	-1.1075
STOPE_p_TCGAb3_58_59_60_61_62_N_GenomeWideSNP_6_A10_1387984	17	57530311	68375132	5493	0.2682
STOPE_p_TCGAb3_58_59_60_61_62_N_GenomeWideSNP_6_A10_1387984	17	68375422	72646784	3115	0.3217
STOPE_p_TCGAb3_58_59_60_61_62_N_GenomeWideSNP_6_A10_1387984	17	72647426	82959812	4324	0.232
STOPE_p_TCGAb3_58_59_60_61_62_N_GenomeWideSNP_6_A10_1387984	18	326691	10567349	6046	-0.0808
STOPE_p_TCGAb3_58_59_60_61_62_N_GenomeWideSNP_6_A10_1387984	18	10567477	29575259	7272	0.3266
STOPE_p_TCGAb3_58_59_60_61_62_N_GenomeWideSNP_6_A10_1387984	18	29575339	54680607	15869	0.1452
STOPE_p_TCGAb3_58_59_60_61_62_N_GenomeWideSNP_6_A10_1387984	18	54681182	74036122	10262	0.183
STOPE_p_TCGAb3_58_59_60_61_62_N_GenomeWideSNP_6_A10_1387984	18	74036503	79349796	3585	0.1502
STOPE_p_TCGAb3_58_59_60_61_62_N_GenomeWideSNP_6_A10_1387984	19	283868	27830762	9137	0.0447
STOPE_p_TCGAb3_58_59_60_61_62_N_GenomeWideSNP_6_A10_1387984	19	27830919	35651234	5456	-0.1513
STOPE_p_TCGAb3_58_59_60_61_62_N_GenomeWideSNP_6_A10_1387984	19	35656223	36633720	428	0.0261
STOPE_p_TCGAb3_58_59_60_61_62_N_GenomeWideSNP_6_A10_1387984	19	36634221	37377522	352	0.3618
STOPE_p_TCGAb3_58_59_60_61_62_N_GenomeWideSNP_6_A10_1387984	19	37378691	40036831	1302	0.4915
STOPE_p_TCGAb3_58_59_60_61_62_N_GenomeWideSNP_6_A10_1387984	19	40037847	44035389	1530	0.3704
STOPE_p_TCGAb3_58_59_60_61_62_N_GenomeWideSNP_6_A10_1387984	19	44040600	46720692	1214	0.024
STOPE_p_TCGAb3_58_59_60_61_62_N_GenomeWideSNP_6_A10_1387984	19	46724564	46902545	68	-0.2064
STOPE_p_TCGAb3_58_59_60_61_62_N_GenomeWideSNP_6_A10_1387984	19	46902681	56863695	3948	0.0063
STOPE_p_TCGAb3_58_59_60_61_62_N_GenomeWideSNP_6_A10_1387984	19	56864893	58370362	820	0.1851
STOPE_p_TCGAb3_58_59_60_61_62_N_GenomeWideSNP_6_A10_1387984	20	472817	2152816	1061	0.3075
STOPE_p_TCGAb3_58_59_60_61_62_N_GenomeWideSNP_6_A10_1387984	20	2153022	2560055	364	0.0853
STOPE_p_TCGAb3_58_59_60_61_62_N_GenomeWideSNP_6_A10_1387984	20	2560438	3637980	637	-0.1405
STOPE_p_TCGAb3_58_59_60_61_62_N_GenomeWideSNP_6_A10_1387984	20	3638589	5083751	837	0.091
STOPE_p_TCGAb3_58_59_60_61_62_N_GenomeWideSNP_6_A10_1387984	20	5087175	5094735	7	-0.447
STOPE_p_TCGAb3_58_59_60_61_62_N_GenomeWideSNP_6_A10_1387984	20	5095131	5220654	66	-0.1609
STOPE_p_TCGAb3_58_59_60_61_62_N_GenomeWideSNP_6_A10_1387984	20	5223993	6464284	696	-0.3696
STOPE_p_TCGAb3_58_59_60_61_62_N_GenomeWideSNP_6_A10_1387984	20	6465040	6482970	24	0.0085
STOPE_p_TCGAb3_58_59_60_61_62_N_GenomeWideSNP_6_A10_1387984	20	6485927	8022945	1014	-0.3652
STOPE_p_TCGAb3_58_59_60_61_62_N_GenomeWideSNP_6_A10_1387984	20	8028992	8052730	17	0.3953
STOPE_p_TCGAb3_58_59_60_61_62_N_GenomeWideSNP_6_A10_1387984	20	8053720	8688356	107	-0.3519
STOPE_p_TCGAb3_58_59_60_61_62_N_GenomeWideSNP_6_A10_1387984	20	8693624	8739805	40	-0.0929
STOPE_p_TCGAb3_58_59_60_61_62_N_GenomeWideSNP_6_A10_1387984	20	8744135	10698447	1542	0.5382
STOPE_p_TCGAb3_58_59_60_61_62_N_GenomeWideSNP_6_A10_1387984	20	10698550	11502137	677	0.7287
STOPE_p_TCGAb3_58_59_60_61_62_N_GenomeWideSNP_6_A10_1387984	20	11512448	12194830	439	0.5943
STOPE_p_TCGAb3_58_59_60_61_62_N_GenomeWideSNP_6_A10_1387984	20	12238547	14377039	1396	-0.3406
STOPE_p_TCGAb3_58_59_60_61_62_N_GenomeWideSNP_6_A10_1387984	20	14377810	15806033	696	0.3388
STOPE_p_TCGAb3_58_59_60_61_62_N_GenomeWideSNP_6_A10_1387984	20	15806334	16833042	986	0.4352
STOPE_p_TCGAb3_58_59_60_61_62_N_GenomeWideSNP_6_A10_1387984	20	16837061	23877977	5193	-0.3859
STOPE_p_TCGAb3_58_59_60_61_62_N_GenomeWideSNP_6_A10_1387984	20	23878085	23878347	2	-2.1513
STOPE_p_TCGAb3_58_59_60_61_62_N_GenomeWideSNP_6_A10_1387984	20	23878751	24242629	264	-0.3734
STOPE_p_TCGAb3_58_59_60_61_62_N_GenomeWideSNP_6_A10_1387984	20	24243744	25653512	746	0.1108
STOPE_p_TCGAb3_58_59_60_61_62_N_GenomeWideSNP_6_A10_1387984	20	25655148	26217295	185	0.947
STOPE_p_TCGAb3_58_59_60_61_62_N_GenomeWideSNP_6_A10_1387984	20	31247668	36405311	2449	0.2524
STOPE_p_TCGAb3_58_59_60_61_62_N_GenomeWideSNP_6_A10_1387984	20	36407432	36548418	56	0.1603
STOPE_p_TCGAb3_58_59_60_61_62_N_GenomeWideSNP_6_A10_1387984	20	36551093	37299493	432	-0.1112
STOPE_p_TCGAb3_58_59_60_61_62_N_GenomeWideSNP_6_A10_1387984	20	37300314	38029123	459	0.0013
STOPE_p_TCGAb3_58_59_60_61_62_N_GenomeWideSNP_6_A10_1387984	20	38034663	40229550	1494	0.2415
STOPE_p_TCGAb3_58_59_60_61_62_N_GenomeWideSNP_6_A10_1387984	20	40229707	54506858	9504	0.1202
STOPE_p_TCGAb3_58_59_60_61_62_N_GenomeWideSNP_6_A10_1387984	20	54506875	61572088	5383	0.2923
STOPE_p_TCGAb3_58_59_60_61_62_N_GenomeWideSNP_6_A10_1387984	20	61572804	63588502	873	0.2358
STOPE_p_TCGAb3_58_59_60_61_62_N_GenomeWideSNP_6_A10_1387984	21	13974127	14386358	227	0.674
STOPE_p_TCGAb3_58_59_60_61_62_N_GenomeWideSNP_6_A10_1387984	21	14387347	19489934	3286	0.1416
STOPE_p_TCGAb3_58_59_60_61_62_N_GenomeWideSNP_6_A10_1387984	21	19497245	24134139	2673	0.4536
STOPE_p_TCGAb3_58_59_60_61_62_N_GenomeWideSNP_6_A10_1387984	21	24134470	24134916	2	-0.9175
STOPE_p_TCGAb3_58_59_60_61_62_N_GenomeWideSNP_6_A10_1387984	21	24137934	29357347	3700	0.4647
STOPE_p_TCGAb3_58_59_60_61_62_N_GenomeWideSNP_6_A10_1387984	21	29357925	31895244	1615	0.121
STOPE_p_TCGAb3_58_59_60_61_62_N_GenomeWideSNP_6_A10_1387984	21	31901714	33810583	1195	0.4119
STOPE_p_TCGAb3_58_59_60_61_62_N_GenomeWideSNP_6_A10_1387984	21	33811013	35920135	1499	0.0973
STOPE_p_TCGAb3_58_59_60_61_62_N_GenomeWideSNP_6_A10_1387984	21	35920757	36057804	131	0.2662
STOPE_p_TCGAb3_58_59_60_61_62_N_GenomeWideSNP_6_A10_1387984	21	36057947	38278981	1360	0.063
STOPE_p_TCGAb3_58_59_60_61_62_N_GenomeWideSNP_6_A10_1387984	21	38284583	38688815	442	-0.1507
STOPE_p_TCGAb3_58_59_60_61_62_N_GenomeWideSNP_6_A10_1387984	21	38688842	41484496	2233	0.0932
STOPE_p_TCGAb3_58_59_60_61_62_N_GenomeWideSNP_6_A10_1387984	21	41484563	42962716	1103	0.0294
STOPE_p_TCGAb3_58_59_60_61_62_N_GenomeWideSNP_6_A10_1387984	21	42963142	42967363	2	-1.5089
STOPE_p_TCGAb3_58_59_60_61_62_N_GenomeWideSNP_6_A10_1387984	21	42971065	46262057	1345	0.0442
STOPE_p_TCGAb3_58_59_60_61_62_N_GenomeWideSNP_6_A10_1387984	22	16934932	25245198	1729	0.0637
STOPE_p_TCGAb3_58_59_60_61_62_N_GenomeWideSNP_6_A10_1387984	22	25608728	36319792	7672	0.0994
STOPE_p_TCGAb3_58_59_60_61_62_N_GenomeWideSNP_6_A10_1387984	22	36320269	40686474	2147	0.0674
STOPE_p_TCGAb3_58_59_60_61_62_N_GenomeWideSNP_6_A10_1387984	22	40694005	42940722	1163	0.4248
STOPE_p_TCGAb3_58_59_60_61_62_N_GenomeWideSNP_6_A10_1387984	22	42940793	48940621	4405	0.1902
STOPE_p_TCGAb3_58_59_60_61_62_N_GenomeWideSNP_6_A10_1387984	X	3236359	10539128	1851	-0.1928
STOPE_p_TCGAb3_58_59_60_61_62_N_GenomeWideSNP_6_A10_1387984	X	10542366	18122666	4306	0.4847
STOPE_p_TCGAb3_58_59_60_61_62_N_GenomeWideSNP_6_A10_1387984	X	18123446	38219068	9434	0.3117
STOPE_p_TCGAb3_58_59_60_61_62_N_GenomeWideSNP_6_A10_1387984	X	38219622	73101406	12444	0.0478
STOPE_p_TCGAb3_58_59_60_61_62_N_GenomeWideSNP_6_A10_1387984	X	73112840	73116076	5	-1.1162
STOPE_p_TCGAb3_58_59_60_61_62_N_GenomeWideSNP_6_A10_1387984	X	73122756	79949838	2258	0.057
STOPE_p_TCGAb3_58_59_60_61_62_N_GenomeWideSNP_6_A10_1387984	X	79950473	83952815	1844	-0.193
STOPE_p_TCGAb3_58_59_60_61_62_N_GenomeWideSNP_6_A10_1387984	X	83961706	89315626	2726	0.2859
STOPE_p_TCGAb3_58_59_60_61_62_N_GenomeWideSNP_6_A10_1387984	X	89316083	89392443	36	0.6564
STOPE_p_TCGAb3_58_59_60_61_62_N_GenomeWideSNP_6_A10_1387984	X	89403296	155677414	29394	-0.193
