Sample	Chromosome	Start	End	Num_Probes	Segment_Mean
VIBES_p_TCGA_290_291_292_293_S_GenomeWideSNP_6_E05_1362478	1	3301765	7854775	2952	-0.1579
VIBES_p_TCGA_290_291_292_293_S_GenomeWideSNP_6_E05_1362478	1	7857572	54836150	24626	-0.1884
VIBES_p_TCGA_290_291_292_293_S_GenomeWideSNP_6_E05_1362478	1	54837766	55862923	822	-0.1515
VIBES_p_TCGA_290_291_292_293_S_GenomeWideSNP_6_E05_1362478	1	55863730	115222495	36773	-0.2067
VIBES_p_TCGA_290_291_292_293_S_GenomeWideSNP_6_E05_1362478	1	115223155	149948714	2999	-0.1904
VIBES_p_TCGA_290_291_292_293_S_GenomeWideSNP_6_E05_1362478	1	149948757	155561258	2669	0.1359
VIBES_p_TCGA_290_291_292_293_S_GenomeWideSNP_6_E05_1362478	1	155566213	166304699	7147	0.4183
VIBES_p_TCGA_290_291_292_293_S_GenomeWideSNP_6_E05_1362478	1	166305481	175015393	5780	0.3891
VIBES_p_TCGA_290_291_292_293_S_GenomeWideSNP_6_E05_1362478	1	175015661	183047506	5017	0.413
VIBES_p_TCGA_290_291_292_293_S_GenomeWideSNP_6_E05_1362478	1	183049857	183139751	58	0.0586
VIBES_p_TCGA_290_291_292_293_S_GenomeWideSNP_6_E05_1362478	1	183147396	193244038	6179	0.391
VIBES_p_TCGA_290_291_292_293_S_GenomeWideSNP_6_E05_1362478	1	193252785	194115568	623	0.1084
VIBES_p_TCGA_290_291_292_293_S_GenomeWideSNP_6_E05_1362478	1	194116267	197596342	1734	0.4009
VIBES_p_TCGA_290_291_292_293_S_GenomeWideSNP_6_E05_1362478	1	197602447	197819432	127	0.1041
VIBES_p_TCGA_290_291_292_293_S_GenomeWideSNP_6_E05_1362478	1	197824636	198466853	401	0.415
VIBES_p_TCGA_290_291_292_293_S_GenomeWideSNP_6_E05_1362478	1	198467003	201014120	1571	0.3651
VIBES_p_TCGA_290_291_292_293_S_GenomeWideSNP_6_E05_1362478	1	201014894	209946075	6061	0.4171
VIBES_p_TCGA_290_291_292_293_S_GenomeWideSNP_6_E05_1362478	1	209948166	212831113	1899	0.1331
VIBES_p_TCGA_290_291_292_293_S_GenomeWideSNP_6_E05_1362478	1	212841111	213304992	230	-0.2536
VIBES_p_TCGA_290_291_292_293_S_GenomeWideSNP_6_E05_1362478	1	213307354	241646594	19106	0.1326
VIBES_p_TCGA_290_291_292_293_S_GenomeWideSNP_6_E05_1362478	1	241646728	244008206	1418	0.3916
VIBES_p_TCGA_290_291_292_293_S_GenomeWideSNP_6_E05_1362478	1	244013735	244297524	202	-0.2113
VIBES_p_TCGA_290_291_292_293_S_GenomeWideSNP_6_E05_1362478	1	244304776	246012556	1000	0.4291
VIBES_p_TCGA_290_291_292_293_S_GenomeWideSNP_6_E05_1362478	1	246016006	247183372	147	0.1229
VIBES_p_TCGA_290_291_292_293_S_GenomeWideSNP_6_E05_1362478	1	247184887	247650984	293	0.39
VIBES_p_TCGA_290_291_292_293_S_GenomeWideSNP_6_E05_1362478	2	480597	6415600	3481	0.1382
VIBES_p_TCGA_290_291_292_293_S_GenomeWideSNP_6_E05_1362478	2	6416649	6466238	44	-0.2135
VIBES_p_TCGA_290_291_292_293_S_GenomeWideSNP_6_E05_1362478	2	6466338	39416993	19739	0.1293
VIBES_p_TCGA_290_291_292_293_S_GenomeWideSNP_6_E05_1362478	2	39425579	39428231	2	-1.3043
VIBES_p_TCGA_290_291_292_293_S_GenomeWideSNP_6_E05_1362478	2	39429216	53989842	8858	0.1243
VIBES_p_TCGA_290_291_292_293_S_GenomeWideSNP_6_E05_1362478	2	53989913	54634035	96	-0.2285
VIBES_p_TCGA_290_291_292_293_S_GenomeWideSNP_6_E05_1362478	2	54634047	76144328	12504	0.1204
VIBES_p_TCGA_290_291_292_293_S_GenomeWideSNP_6_E05_1362478	2	76146857	76146862	2	-1.341
VIBES_p_TCGA_290_291_292_293_S_GenomeWideSNP_6_E05_1362478	2	76147845	169170086	45763	0.1202
VIBES_p_TCGA_290_291_292_293_S_GenomeWideSNP_6_E05_1362478	2	169172257	169342801	127	-0.1945
VIBES_p_TCGA_290_291_292_293_S_GenomeWideSNP_6_E05_1362478	2	169342807	179404674	6216	0.1296
VIBES_p_TCGA_290_291_292_293_S_GenomeWideSNP_6_E05_1362478	2	179406012	179407032	2	-1.6409
VIBES_p_TCGA_290_291_292_293_S_GenomeWideSNP_6_E05_1362478	2	179407140	217130351	20576	0.11
VIBES_p_TCGA_290_291_292_293_S_GenomeWideSNP_6_E05_1362478	2	217137249	229440157	7833	0.1387
VIBES_p_TCGA_290_291_292_293_S_GenomeWideSNP_6_E05_1362478	2	229440847	232869475	1561	0.1063
VIBES_p_TCGA_290_291_292_293_S_GenomeWideSNP_6_E05_1362478	2	232871423	236959589	2830	-0.2113
VIBES_p_TCGA_290_291_292_293_S_GenomeWideSNP_6_E05_1362478	2	236964390	241537572	2585	-0.6965
VIBES_p_TCGA_290_291_292_293_S_GenomeWideSNP_6_E05_1362478	3	2170634	12224904	6013	-0.2139
VIBES_p_TCGA_290_291_292_293_S_GenomeWideSNP_6_E05_1362478	3	12228785	12343043	69	-0.8236
VIBES_p_TCGA_290_291_292_293_S_GenomeWideSNP_6_E05_1362478	3	12343100	23402372	6262	-0.2224
VIBES_p_TCGA_290_291_292_293_S_GenomeWideSNP_6_E05_1362478	3	23406872	41283371	11389	0.1288
VIBES_p_TCGA_290_291_292_293_S_GenomeWideSNP_6_E05_1362478	3	41287983	41439035	89	-0.2745
VIBES_p_TCGA_290_291_292_293_S_GenomeWideSNP_6_E05_1362478	3	41439191	76545911	20412	0.1382
VIBES_p_TCGA_290_291_292_293_S_GenomeWideSNP_6_E05_1362478	3	76547919	76676617	100	-0.228
VIBES_p_TCGA_290_291_292_293_S_GenomeWideSNP_6_E05_1362478	3	76679236	79755982	1714	0.1257
VIBES_p_TCGA_290_291_292_293_S_GenomeWideSNP_6_E05_1362478	3	79758360	95781111	6120	0.3791
VIBES_p_TCGA_290_291_292_293_S_GenomeWideSNP_6_E05_1362478	3	95781594	95787783	3	-0.7935
VIBES_p_TCGA_290_291_292_293_S_GenomeWideSNP_6_E05_1362478	3	95789820	111604172	8547	0.391
VIBES_p_TCGA_290_291_292_293_S_GenomeWideSNP_6_E05_1362478	3	111604264	112160160	407	0.6318
VIBES_p_TCGA_290_291_292_293_S_GenomeWideSNP_6_E05_1362478	3	112168062	156051591	24654	0.3959
VIBES_p_TCGA_290_291_292_293_S_GenomeWideSNP_6_E05_1362478	3	156051605	156737915	364	0.1024
VIBES_p_TCGA_290_291_292_293_S_GenomeWideSNP_6_E05_1362478	3	156738271	174390752	8926	0.3849
VIBES_p_TCGA_290_291_292_293_S_GenomeWideSNP_6_E05_1362478	3	174390905	174793538	228	0.0768
VIBES_p_TCGA_290_291_292_293_S_GenomeWideSNP_6_E05_1362478	3	174793759	192797803	9968	0.3896
VIBES_p_TCGA_290_291_292_293_S_GenomeWideSNP_6_E05_1362478	3	192801056	195254342	1408	0.4446
VIBES_p_TCGA_290_291_292_293_S_GenomeWideSNP_6_E05_1362478	3	195261944	197812401	516	0.3763
VIBES_p_TCGA_290_291_292_293_S_GenomeWideSNP_6_E05_1362478	4	1059384	8704538	4347	-0.7033
VIBES_p_TCGA_290_291_292_293_S_GenomeWideSNP_6_E05_1362478	4	9587686	9835445	107	0.0488
VIBES_p_TCGA_290_291_292_293_S_GenomeWideSNP_6_E05_1362478	4	9835664	25477664	10939	0.1327
VIBES_p_TCGA_290_291_292_293_S_GenomeWideSNP_6_E05_1362478	4	25479760	61987664	19248	0.1069
VIBES_p_TCGA_290_291_292_293_S_GenomeWideSNP_6_E05_1362478	4	61988795	62013152	21	-0.6889
VIBES_p_TCGA_290_291_292_293_S_GenomeWideSNP_6_E05_1362478	4	62017210	180316694	65364	0.1084
VIBES_p_TCGA_290_291_292_293_S_GenomeWideSNP_6_E05_1362478	4	180318923	180493560	128	-0.7511
VIBES_p_TCGA_290_291_292_293_S_GenomeWideSNP_6_E05_1362478	4	180494408	180604429	121	0.1326
VIBES_p_TCGA_290_291_292_293_S_GenomeWideSNP_6_E05_1362478	4	181157671	181468394	249	-1.5229
VIBES_p_TCGA_290_291_292_293_S_GenomeWideSNP_6_E05_1362478	4	181470082	181548537	74	-0.212
VIBES_p_TCGA_290_291_292_293_S_GenomeWideSNP_6_E05_1362478	4	181548870	187130021	2481	0.146
VIBES_p_TCGA_290_291_292_293_S_GenomeWideSNP_6_E05_1362478	4	187130536	187130788	2	-1.7158
VIBES_p_TCGA_290_291_292_293_S_GenomeWideSNP_6_E05_1362478	4	187131015	187842528	438	0.12
VIBES_p_TCGA_290_291_292_293_S_GenomeWideSNP_6_E05_1362478	5	913983	3766514	1751	0.4379
VIBES_p_TCGA_290_291_292_293_S_GenomeWideSNP_6_E05_1362478	5	3768379	3768824	2	-1.4072
VIBES_p_TCGA_290_291_292_293_S_GenomeWideSNP_6_E05_1362478	5	3769168	4406952	465	0.4536
VIBES_p_TCGA_290_291_292_293_S_GenomeWideSNP_6_E05_1362478	5	4409055	4523820	98	0.1397
VIBES_p_TCGA_290_291_292_293_S_GenomeWideSNP_6_E05_1362478	5	4528282	4628466	66	0.4425
VIBES_p_TCGA_290_291_292_293_S_GenomeWideSNP_6_E05_1362478	5	4629702	18129913	8742	0.159
VIBES_p_TCGA_290_291_292_293_S_GenomeWideSNP_6_E05_1362478	5	18131244	30245601	6350	0.1049
VIBES_p_TCGA_290_291_292_293_S_GenomeWideSNP_6_E05_1362478	5	30245651	50828231	8680	0.1358
VIBES_p_TCGA_290_291_292_293_S_GenomeWideSNP_6_E05_1362478	5	50829022	60151883	5981	-0.2121
VIBES_p_TCGA_290_291_292_293_S_GenomeWideSNP_6_E05_1362478	5	60155192	60237374	38	-0.6568
VIBES_p_TCGA_290_291_292_293_S_GenomeWideSNP_6_E05_1362478	5	60238269	88250763	14933	-0.2223
VIBES_p_TCGA_290_291_292_293_S_GenomeWideSNP_6_E05_1362478	5	88251550	88251742	2	-2.0282
VIBES_p_TCGA_290_291_292_293_S_GenomeWideSNP_6_E05_1362478	5	88254501	137684517	27573	-0.2233
VIBES_p_TCGA_290_291_292_293_S_GenomeWideSNP_6_E05_1362478	5	137684536	137734756	34	-0.8104
VIBES_p_TCGA_290_291_292_293_S_GenomeWideSNP_6_E05_1362478	5	137739032	144855584	3782	-0.2195
VIBES_p_TCGA_290_291_292_293_S_GenomeWideSNP_6_E05_1362478	5	144855744	144915713	34	-0.743
VIBES_p_TCGA_290_291_292_293_S_GenomeWideSNP_6_E05_1362478	5	144917675	151525837	4338	-0.2129
VIBES_p_TCGA_290_291_292_293_S_GenomeWideSNP_6_E05_1362478	5	151526637	151647067	107	0.192
VIBES_p_TCGA_290_291_292_293_S_GenomeWideSNP_6_E05_1362478	5	151647402	180934240	18165	-0.2136
VIBES_p_TCGA_290_291_292_293_S_GenomeWideSNP_6_E05_1362478	6	1011760	33206065	19569	0.1358
VIBES_p_TCGA_290_291_292_293_S_GenomeWideSNP_6_E05_1362478	6	33208047	111454068	42397	-0.223
VIBES_p_TCGA_290_291_292_293_S_GenomeWideSNP_6_E05_1362478	6	111462916	111528969	43	-0.7659
VIBES_p_TCGA_290_291_292_293_S_GenomeWideSNP_6_E05_1362478	6	111532040	161992584	31278	-0.2274
VIBES_p_TCGA_290_291_292_293_S_GenomeWideSNP_6_E05_1362478	6	162045027	162203144	35	-0.6917
VIBES_p_TCGA_290_291_292_293_S_GenomeWideSNP_6_E05_1362478	6	162203440	162732341	23	-0.1595
VIBES_p_TCGA_290_291_292_293_S_GenomeWideSNP_6_E05_1362478	6	162734419	163972410	914	0.4196
VIBES_p_TCGA_290_291_292_293_S_GenomeWideSNP_6_E05_1362478	6	163975756	170320890	2719	-0.1989
VIBES_p_TCGA_290_291_292_293_S_GenomeWideSNP_6_E05_1362478	6	170320977	170325384	2	-1.6624
VIBES_p_TCGA_290_291_292_293_S_GenomeWideSNP_6_E05_1362478	6	170327464	170596889	180	-0.2693
VIBES_p_TCGA_290_291_292_293_S_GenomeWideSNP_6_E05_1362478	7	664936	7449280	2630	0.4209
VIBES_p_TCGA_290_291_292_293_S_GenomeWideSNP_6_E05_1362478	7	7449514	7449945	3	-1.4749
VIBES_p_TCGA_290_291_292_293_S_GenomeWideSNP_6_E05_1362478	7	7452771	35511476	17241	0.4108
VIBES_p_TCGA_290_291_292_293_S_GenomeWideSNP_6_E05_1362478	7	35511609	35733108	181	0.6606
VIBES_p_TCGA_290_291_292_293_S_GenomeWideSNP_6_E05_1362478	7	35733372	38937937	2299	0.3927
VIBES_p_TCGA_290_291_292_293_S_GenomeWideSNP_6_E05_1362478	7	38939140	52237954	8435	0.4238
VIBES_p_TCGA_290_291_292_293_S_GenomeWideSNP_6_E05_1362478	7	52238700	78608332	8916	0.3873
VIBES_p_TCGA_290_291_292_293_S_GenomeWideSNP_6_E05_1362478	7	78613487	78704870	81	-0.7373
VIBES_p_TCGA_290_291_292_293_S_GenomeWideSNP_6_E05_1362478	7	78707256	92914759	7397	0.4015
VIBES_p_TCGA_290_291_292_293_S_GenomeWideSNP_6_E05_1362478	7	92918650	137449637	23961	0.6304
VIBES_p_TCGA_290_291_292_293_S_GenomeWideSNP_6_E05_1362478	7	137449843	137826088	242	0.8718
VIBES_p_TCGA_290_291_292_293_S_GenomeWideSNP_6_E05_1362478	7	137830756	155228946	8793	0.8046
VIBES_p_TCGA_290_291_292_293_S_GenomeWideSNP_6_E05_1362478	7	155229308	158592540	1851	0.8576
VIBES_p_TCGA_290_291_292_293_S_GenomeWideSNP_6_E05_1362478	8	667625	3797835	1559	-0.1743
VIBES_p_TCGA_290_291_292_293_S_GenomeWideSNP_6_E05_1362478	8	3797850	4248689	329	-0.6953
VIBES_p_TCGA_290_291_292_293_S_GenomeWideSNP_6_E05_1362478	8	4249090	4254332	2	-2.6547
VIBES_p_TCGA_290_291_292_293_S_GenomeWideSNP_6_E05_1362478	8	4254736	5377441	748	-0.7094
VIBES_p_TCGA_290_291_292_293_S_GenomeWideSNP_6_E05_1362478	8	5383663	49265769	23702	-0.2069
VIBES_p_TCGA_290_291_292_293_S_GenomeWideSNP_6_E05_1362478	8	49267999	49274941	4	-2.9061
VIBES_p_TCGA_290_291_292_293_S_GenomeWideSNP_6_E05_1362478	8	49275832	100893452	29697	-0.2213
VIBES_p_TCGA_290_291_292_293_S_GenomeWideSNP_6_E05_1362478	8	100897030	103055681	1329	0.1201
VIBES_p_TCGA_290_291_292_293_S_GenomeWideSNP_6_E05_1362478	8	103059461	103139551	83	-0.1859
VIBES_p_TCGA_290_291_292_293_S_GenomeWideSNP_6_E05_1362478	8	103142485	117066017	7383	0.1206
VIBES_p_TCGA_290_291_292_293_S_GenomeWideSNP_6_E05_1362478	8	117066457	117066512	2	-2.0224
VIBES_p_TCGA_290_291_292_293_S_GenomeWideSNP_6_E05_1362478	8	117068542	122983369	4050	0.1284
VIBES_p_TCGA_290_291_292_293_S_GenomeWideSNP_6_E05_1362478	8	122984838	122988101	2	-2.0904
VIBES_p_TCGA_290_291_292_293_S_GenomeWideSNP_6_E05_1362478	8	122988114	139126691	11651	0.1404
VIBES_p_TCGA_290_291_292_293_S_GenomeWideSNP_6_E05_1362478	8	139127655	139216403	74	0.4496
VIBES_p_TCGA_290_291_292_293_S_GenomeWideSNP_6_E05_1362478	8	139219192	144182542	1597	0.1717
VIBES_p_TCGA_290_291_292_293_S_GenomeWideSNP_6_E05_1362478	9	789794	790809	6	-0.1521
VIBES_p_TCGA_290_291_292_293_S_GenomeWideSNP_6_E05_1362478	9	790988	8129544	4524	0.1478
VIBES_p_TCGA_290_291_292_293_S_GenomeWideSNP_6_E05_1362478	9	8131371	9420816	808	-0.205
VIBES_p_TCGA_290_291_292_293_S_GenomeWideSNP_6_E05_1362478	9	9422159	16570144	4186	0.1532
VIBES_p_TCGA_290_291_292_293_S_GenomeWideSNP_6_E05_1362478	9	16570676	16732204	135	-0.1613
VIBES_p_TCGA_290_291_292_293_S_GenomeWideSNP_6_E05_1362478	9	16732814	89919812	28972	0.1432
VIBES_p_TCGA_290_291_292_293_S_GenomeWideSNP_6_E05_1362478	9	89920120	89922150	2	-1.4294
VIBES_p_TCGA_290_291_292_293_S_GenomeWideSNP_6_E05_1362478	9	89922447	108789444	12036	0.1506
VIBES_p_TCGA_290_291_292_293_S_GenomeWideSNP_6_E05_1362478	9	108789742	108789995	3	-1.105
VIBES_p_TCGA_290_291_292_293_S_GenomeWideSNP_6_E05_1362478	9	108790757	113677469	3278	0.1441
VIBES_p_TCGA_290_291_292_293_S_GenomeWideSNP_6_E05_1362478	9	113681102	138044505	14602	-0.1864
VIBES_p_TCGA_290_291_292_293_S_GenomeWideSNP_6_E05_1362478	10	366509	369300	2	-0.1035
VIBES_p_TCGA_290_291_292_293_S_GenomeWideSNP_6_E05_1362478	10	373781	5760473	3476	0.4273
VIBES_p_TCGA_290_291_292_293_S_GenomeWideSNP_6_E05_1362478	10	5760487	17232707	8931	0.3945
VIBES_p_TCGA_290_291_292_293_S_GenomeWideSNP_6_E05_1362478	10	17233928	18142262	496	0.4275
VIBES_p_TCGA_290_291_292_293_S_GenomeWideSNP_6_E05_1362478	10	18145037	18145057	2	-1.9262
VIBES_p_TCGA_290_291_292_293_S_GenomeWideSNP_6_E05_1362478	10	18145261	23475256	3596	0.3842
VIBES_p_TCGA_290_291_292_293_S_GenomeWideSNP_6_E05_1362478	10	23479304	133411599	64893	-0.2085
VIBES_p_TCGA_290_291_292_293_S_GenomeWideSNP_6_E05_1362478	11	456012	21439942	13665	-0.185
VIBES_p_TCGA_290_291_292_293_S_GenomeWideSNP_6_E05_1362478	11	21497985	42219852	12983	-0.208
VIBES_p_TCGA_290_291_292_293_S_GenomeWideSNP_6_E05_1362478	11	42220565	83969158	18385	-0.1924
VIBES_p_TCGA_290_291_292_293_S_GenomeWideSNP_6_E05_1362478	11	83979356	84268827	188	-0.6788
VIBES_p_TCGA_290_291_292_293_S_GenomeWideSNP_6_E05_1362478	11	84268903	134272740	32478	-0.1985
VIBES_p_TCGA_290_291_292_293_S_GenomeWideSNP_6_E05_1362478	12	780472	18065173	9911	-0.1959
VIBES_p_TCGA_290_291_292_293_S_GenomeWideSNP_6_E05_1362478	12	18066409	18229867	112	-0.9954
VIBES_p_TCGA_290_291_292_293_S_GenomeWideSNP_6_E05_1362478	12	18235011	33368172	9718	-0.2036
VIBES_p_TCGA_290_291_292_293_S_GenomeWideSNP_6_E05_1362478	12	33368216	51647534	6899	0.126
VIBES_p_TCGA_290_291_292_293_S_GenomeWideSNP_6_E05_1362478	12	51650683	52975861	855	0.1916
VIBES_p_TCGA_290_291_292_293_S_GenomeWideSNP_6_E05_1362478	12	52976311	57291160	2139	0.1263
VIBES_p_TCGA_290_291_292_293_S_GenomeWideSNP_6_E05_1362478	12	57298597	57424996	60	-0.1425
VIBES_p_TCGA_290_291_292_293_S_GenomeWideSNP_6_E05_1362478	12	57428693	77377422	12283	0.1382
VIBES_p_TCGA_290_291_292_293_S_GenomeWideSNP_6_E05_1362478	12	77377688	77457369	62	-0.2063
VIBES_p_TCGA_290_291_292_293_S_GenomeWideSNP_6_E05_1362478	12	77458122	99219113	13562	0.1257
VIBES_p_TCGA_290_291_292_293_S_GenomeWideSNP_6_E05_1362478	12	99219513	99714135	226	-0.2017
VIBES_p_TCGA_290_291_292_293_S_GenomeWideSNP_6_E05_1362478	12	99720655	106757822	4667	0.1515
VIBES_p_TCGA_290_291_292_293_S_GenomeWideSNP_6_E05_1362478	12	106760251	106771859	10	-0.7564
VIBES_p_TCGA_290_291_292_293_S_GenomeWideSNP_6_E05_1362478	12	106774154	132605822	13913	0.1529
VIBES_p_TCGA_290_291_292_293_S_GenomeWideSNP_6_E05_1362478	13	18874255	35772414	10505	-0.2037
VIBES_p_TCGA_290_291_292_293_S_GenomeWideSNP_6_E05_1362478	13	35772825	35775066	4	-1.3372
VIBES_p_TCGA_290_291_292_293_S_GenomeWideSNP_6_E05_1362478	13	35780106	39559940	2728	-0.2109
VIBES_p_TCGA_290_291_292_293_S_GenomeWideSNP_6_E05_1362478	13	39563685	39563871	2	-1.9204
VIBES_p_TCGA_290_291_292_293_S_GenomeWideSNP_6_E05_1362478	13	39566078	42527627	1884	-0.213
VIBES_p_TCGA_290_291_292_293_S_GenomeWideSNP_6_E05_1362478	13	42528400	42530464	2	-1.7549
VIBES_p_TCGA_290_291_292_293_S_GenomeWideSNP_6_E05_1362478	13	42531113	54418524	6402	-0.2099
VIBES_p_TCGA_290_291_292_293_S_GenomeWideSNP_6_E05_1362478	13	54418934	54419746	2	-1.9429
VIBES_p_TCGA_290_291_292_293_S_GenomeWideSNP_6_E05_1362478	13	54421098	82444580	15457	-0.21
VIBES_p_TCGA_290_291_292_293_S_GenomeWideSNP_6_E05_1362478	13	82445075	111392688	18755	-0.6897
VIBES_p_TCGA_290_291_292_293_S_GenomeWideSNP_6_E05_1362478	13	111392695	111394747	3	-2.5164
VIBES_p_TCGA_290_291_292_293_S_GenomeWideSNP_6_E05_1362478	13	111395049	114226675	1264	-0.6885
VIBES_p_TCGA_290_291_292_293_S_GenomeWideSNP_6_E05_1362478	14	20033191	103843058	49332	0.1471
VIBES_p_TCGA_290_291_292_293_S_GenomeWideSNP_6_E05_1362478	14	103853545	103936510	39	-0.1689
VIBES_p_TCGA_290_291_292_293_S_GenomeWideSNP_6_E05_1362478	14	103937549	105533894	413	0.1946
VIBES_p_TCGA_290_291_292_293_S_GenomeWideSNP_6_E05_1362478	15	23437561	46124857	11137	-0.6661
VIBES_p_TCGA_290_291_292_293_S_GenomeWideSNP_6_E05_1362478	15	46126158	101344124	33632	-0.1832
VIBES_p_TCGA_290_291_292_293_S_GenomeWideSNP_6_E05_1362478	16	603333	55416801	20039	-0.195
VIBES_p_TCGA_290_291_292_293_S_GenomeWideSNP_6_E05_1362478	16	55417705	55417993	3	-2.1007
VIBES_p_TCGA_290_291_292_293_S_GenomeWideSNP_6_E05_1362478	16	55418103	89317317	21195	-0.1902
VIBES_p_TCGA_290_291_292_293_S_GenomeWideSNP_6_E05_1362478	17	1074619	2077249	321	-0.2024
VIBES_p_TCGA_290_291_292_293_S_GenomeWideSNP_6_E05_1362478	17	2083030	2117695	24	-0.7199
VIBES_p_TCGA_290_291_292_293_S_GenomeWideSNP_6_E05_1362478	17	2120143	82959812	36976	-0.195
VIBES_p_TCGA_290_291_292_293_S_GenomeWideSNP_6_E05_1362478	18	326691	9440466	5123	-0.1851
VIBES_p_TCGA_290_291_292_293_S_GenomeWideSNP_6_E05_1362478	18	9440968	9441834	3	-2.1409
VIBES_p_TCGA_290_291_292_293_S_GenomeWideSNP_6_E05_1362478	18	9442156	9532101	62	-0.2311
VIBES_p_TCGA_290_291_292_293_S_GenomeWideSNP_6_E05_1362478	18	9533267	23006289	4018	-0.0909
VIBES_p_TCGA_290_291_292_293_S_GenomeWideSNP_6_E05_1362478	18	23018504	37967718	9312	-0.2086
VIBES_p_TCGA_290_291_292_293_S_GenomeWideSNP_6_E05_1362478	18	37968726	37972518	2	-1.8641
VIBES_p_TCGA_290_291_292_293_S_GenomeWideSNP_6_E05_1362478	18	37974628	79349796	24425	-0.2098
VIBES_p_TCGA_290_291_292_293_S_GenomeWideSNP_6_E05_1362478	19	283868	58370362	24230	0.1394
VIBES_p_TCGA_290_291_292_293_S_GenomeWideSNP_6_E05_1362478	20	472817	31256075	16977	-0.1866
VIBES_p_TCGA_290_291_292_293_S_GenomeWideSNP_6_E05_1362478	20	31256170	36975321	2663	0.4142
VIBES_p_TCGA_290_291_292_293_S_GenomeWideSNP_6_E05_1362478	20	36978502	37094427	163	0.2459
VIBES_p_TCGA_290_291_292_293_S_GenomeWideSNP_6_E05_1362478	20	37097999	41122362	2669	0.4279
VIBES_p_TCGA_290_291_292_293_S_GenomeWideSNP_6_E05_1362478	20	41134412	63588502	15128	0.658
VIBES_p_TCGA_290_291_292_293_S_GenomeWideSNP_6_E05_1362478	21	13974127	26460429	7816	-0.2131
VIBES_p_TCGA_290_291_292_293_S_GenomeWideSNP_6_E05_1362478	21	26460897	46262057	12971	-0.1815
VIBES_p_TCGA_290_291_292_293_S_GenomeWideSNP_6_E05_1362478	22	16934932	43133511	12823	0.1632
VIBES_p_TCGA_290_291_292_293_S_GenomeWideSNP_6_E05_1362478	22	43134226	48940621	4272	0.1953
VIBES_p_TCGA_290_291_292_293_S_GenomeWideSNP_6_E05_1362478	X	3236359	31619579	12937	-0.4873
VIBES_p_TCGA_290_291_292_293_S_GenomeWideSNP_6_E05_1362478	X	31620149	32199069	410	-2.1187
VIBES_p_TCGA_290_291_292_293_S_GenomeWideSNP_6_E05_1362478	X	32204687	32951163	534	-0.5274
VIBES_p_TCGA_290_291_292_293_S_GenomeWideSNP_6_E05_1362478	X	34015333	80516001	16715	0.1538
VIBES_p_TCGA_290_291_292_293_S_GenomeWideSNP_6_E05_1362478	X	80525045	80857262	133	0.8707
VIBES_p_TCGA_290_291_292_293_S_GenomeWideSNP_6_E05_1362478	X	80861866	94304509	5553	0.1417
VIBES_p_TCGA_290_291_292_293_S_GenomeWideSNP_6_E05_1362478	X	94309259	94348548	35	0.8605
VIBES_p_TCGA_290_291_292_293_S_GenomeWideSNP_6_E05_1362478	X	94348722	118857537	11183	0.1492
VIBES_p_TCGA_290_291_292_293_S_GenomeWideSNP_6_E05_1362478	X	118859329	118859334	2	-1.6846
VIBES_p_TCGA_290_291_292_293_S_GenomeWideSNP_6_E05_1362478	X	118861334	129154386	4992	0.1596
VIBES_p_TCGA_290_291_292_293_S_GenomeWideSNP_6_E05_1362478	X	129168598	129203777	13	0.9358
VIBES_p_TCGA_290_291_292_293_S_GenomeWideSNP_6_E05_1362478	X	129209311	142949937	5850	0.1555
VIBES_p_TCGA_290_291_292_293_S_GenomeWideSNP_6_E05_1362478	X	142950549	143006517	41	-0.4879
VIBES_p_TCGA_290_291_292_293_S_GenomeWideSNP_6_E05_1362478	X	143007571	155677414	5900	0.1668
