Sample	Chromosome	Start	End	Num_Probes	Segment_Mean
LIGER_p_TCGA_166_180_SNP_N_GenomeWideSNP_6_G11_896582	1	3301765	8235228	3176	0.4776
LIGER_p_TCGA_166_180_SNP_N_GenomeWideSNP_6_G11_896582	1	8235934	12190922	1911	0.4176
LIGER_p_TCGA_166_180_SNP_N_GenomeWideSNP_6_G11_896582	1	12190990	13646674	441	0.4713
LIGER_p_TCGA_166_180_SNP_N_GenomeWideSNP_6_G11_896582	1	13646755	14815804	935	0.5225
LIGER_p_TCGA_166_180_SNP_N_GenomeWideSNP_6_G11_896582	1	14818280	20847207	3555	0.4589
LIGER_p_TCGA_166_180_SNP_N_GenomeWideSNP_6_G11_896582	1	20847936	20949411	46	0.7198
LIGER_p_TCGA_166_180_SNP_N_GenomeWideSNP_6_G11_896582	1	20949569	27148036	2921	0.4361
LIGER_p_TCGA_166_180_SNP_N_GenomeWideSNP_6_G11_896582	1	27148998	27481107	126	0.6314
LIGER_p_TCGA_166_180_SNP_N_GenomeWideSNP_6_G11_896582	1	27518482	29383231	776	0.3878
LIGER_p_TCGA_166_180_SNP_N_GenomeWideSNP_6_G11_896582	1	29384759	30933289	1071	0.5
LIGER_p_TCGA_166_180_SNP_N_GenomeWideSNP_6_G11_896582	1	30934781	33234313	987	0.393
LIGER_p_TCGA_166_180_SNP_N_GenomeWideSNP_6_G11_896582	1	33235049	35442850	1393	0.4993
LIGER_p_TCGA_166_180_SNP_N_GenomeWideSNP_6_G11_896582	1	35444010	41849993	3453	0.4472
LIGER_p_TCGA_166_180_SNP_N_GenomeWideSNP_6_G11_896582	1	41852148	42179253	231	0.6365
LIGER_p_TCGA_166_180_SNP_N_GenomeWideSNP_6_G11_896582	1	42181848	43458378	746	0.7934
LIGER_p_TCGA_166_180_SNP_N_GenomeWideSNP_6_G11_896582	1	43458447	43639979	123	0.6341
LIGER_p_TCGA_166_180_SNP_N_GenomeWideSNP_6_G11_896582	1	43645854	47727533	1992	0.4452
LIGER_p_TCGA_166_180_SNP_N_GenomeWideSNP_6_G11_896582	1	47730918	50644281	1619	0.5356
LIGER_p_TCGA_166_180_SNP_N_GenomeWideSNP_6_G11_896582	1	50644702	55131043	2348	0.4634
LIGER_p_TCGA_166_180_SNP_N_GenomeWideSNP_6_G11_896582	1	55133147	62394639	5435	0.2984
LIGER_p_TCGA_166_180_SNP_N_GenomeWideSNP_6_G11_896582	1	62403289	63109555	461	0.7424
LIGER_p_TCGA_166_180_SNP_N_GenomeWideSNP_6_G11_896582	1	63109584	63214313	72	0.5574
LIGER_p_TCGA_166_180_SNP_N_GenomeWideSNP_6_G11_896582	1	63215483	67881798	3404	0.2847
LIGER_p_TCGA_166_180_SNP_N_GenomeWideSNP_6_G11_896582	1	67885698	68807462	606	0.5719
LIGER_p_TCGA_166_180_SNP_N_GenomeWideSNP_6_G11_896582	1	68813231	71698462	1500	0.3384
LIGER_p_TCGA_166_180_SNP_N_GenomeWideSNP_6_G11_896582	1	71705154	71711384	4	0.7874
LIGER_p_TCGA_166_180_SNP_N_GenomeWideSNP_6_G11_896582	1	71711734	83792268	7021	-0.5533
LIGER_p_TCGA_166_180_SNP_N_GenomeWideSNP_6_G11_896582	1	83792388	101889403	11319	-0.5858
LIGER_p_TCGA_166_180_SNP_N_GenomeWideSNP_6_G11_896582	1	101891122	106949972	2484	-0.5253
LIGER_p_TCGA_166_180_SNP_N_GenomeWideSNP_6_G11_896582	1	106951642	115341017	5157	-0.6418
LIGER_p_TCGA_166_180_SNP_N_GenomeWideSNP_6_G11_896582	1	115341180	115344514	2	-2.8617
LIGER_p_TCGA_166_180_SNP_N_GenomeWideSNP_6_G11_896582	1	115344999	117897373	1668	-0.6089
LIGER_p_TCGA_166_180_SNP_N_GenomeWideSNP_6_G11_896582	1	117902493	119559935	970	-0.5653
LIGER_p_TCGA_166_180_SNP_N_GenomeWideSNP_6_G11_896582	1	119608326	151818476	972	0.3729
LIGER_p_TCGA_166_180_SNP_N_GenomeWideSNP_6_G11_896582	1	151825640	153302849	906	0.5083
LIGER_p_TCGA_166_180_SNP_N_GenomeWideSNP_6_G11_896582	1	153303030	157096513	1753	0.4204
LIGER_p_TCGA_166_180_SNP_N_GenomeWideSNP_6_G11_896582	1	157096955	160018330	1955	0.522
LIGER_p_TCGA_166_180_SNP_N_GenomeWideSNP_6_G11_896582	1	160018895	161811380	954	0.4403
LIGER_p_TCGA_166_180_SNP_N_GenomeWideSNP_6_G11_896582	1	161811410	162967245	993	0.5252
LIGER_p_TCGA_166_180_SNP_N_GenomeWideSNP_6_G11_896582	1	162967700	165366509	1799	0.5794
LIGER_p_TCGA_166_180_SNP_N_GenomeWideSNP_6_G11_896582	1	165366530	176568957	7249	0.5162
LIGER_p_TCGA_166_180_SNP_N_GenomeWideSNP_6_G11_896582	1	176571644	178716355	1389	0.5761
LIGER_p_TCGA_166_180_SNP_N_GenomeWideSNP_6_G11_896582	1	178716548	185644260	4622	0.5178
LIGER_p_TCGA_166_180_SNP_N_GenomeWideSNP_6_G11_896582	1	185649752	192640515	4079	0.5956
LIGER_p_TCGA_166_180_SNP_N_GenomeWideSNP_6_G11_896582	1	192643551	193322083	506	0.5071
LIGER_p_TCGA_166_180_SNP_N_GenomeWideSNP_6_G11_896582	1	193322114	195673786	1370	0.5973
LIGER_p_TCGA_166_180_SNP_N_GenomeWideSNP_6_G11_896582	1	195675499	195677918	2	-1.2044
LIGER_p_TCGA_166_180_SNP_N_GenomeWideSNP_6_G11_896582	1	195680112	196674253	607	0.5971
LIGER_p_TCGA_166_180_SNP_N_GenomeWideSNP_6_G11_896582	1	196675927	200316085	2065	0.5336
LIGER_p_TCGA_166_180_SNP_N_GenomeWideSNP_6_G11_896582	1	200316169	206976502	4201	0.4654
LIGER_p_TCGA_166_180_SNP_N_GenomeWideSNP_6_G11_896582	1	206980414	213589342	4593	0.5276
LIGER_p_TCGA_166_180_SNP_N_GenomeWideSNP_6_G11_896582	1	213589677	219778611	4366	0.5817
LIGER_p_TCGA_166_180_SNP_N_GenomeWideSNP_6_G11_896582	1	219779423	222236419	1631	0.2801
LIGER_p_TCGA_166_180_SNP_N_GenomeWideSNP_6_G11_896582	1	222239048	236718484	9028	0.5047
LIGER_p_TCGA_166_180_SNP_N_GenomeWideSNP_6_G11_896582	1	236718500	242722891	4655	0.5811
LIGER_p_TCGA_166_180_SNP_N_GenomeWideSNP_6_G11_896582	1	242723119	247650984	2310	0.5231
LIGER_p_TCGA_166_180_SNP_N_GenomeWideSNP_6_G11_896582	2	480597	2848225	872	-0.0125
LIGER_p_TCGA_166_180_SNP_N_GenomeWideSNP_6_G11_896582	2	2855240	6759613	2886	0.0285
LIGER_p_TCGA_166_180_SNP_N_GenomeWideSNP_6_G11_896582	2	6761708	12166631	3725	-0.0599
LIGER_p_TCGA_166_180_SNP_N_GenomeWideSNP_6_G11_896582	2	12166794	23320773	7428	-0.0061
LIGER_p_TCGA_166_180_SNP_N_GenomeWideSNP_6_G11_896582	2	23321762	29668423	3262	-0.0818
LIGER_p_TCGA_166_180_SNP_N_GenomeWideSNP_6_G11_896582	2	29669423	36829287	3984	-0.0236
LIGER_p_TCGA_166_180_SNP_N_GenomeWideSNP_6_G11_896582	2	36834637	39015010	916	-0.0907
LIGER_p_TCGA_166_180_SNP_N_GenomeWideSNP_6_G11_896582	2	39015533	41953772	1826	-0.0028
LIGER_p_TCGA_166_180_SNP_N_GenomeWideSNP_6_G11_896582	2	41955946	47116001	3514	-0.0497
LIGER_p_TCGA_166_180_SNP_N_GenomeWideSNP_6_G11_896582	2	47118618	47191295	46	0.0735
LIGER_p_TCGA_166_180_SNP_N_GenomeWideSNP_6_G11_896582	2	47191743	48683424	767	-0.0767
LIGER_p_TCGA_166_180_SNP_N_GenomeWideSNP_6_G11_896582	2	48683794	60301891	6484	0.0065
LIGER_p_TCGA_166_180_SNP_N_GenomeWideSNP_6_G11_896582	2	60301990	65710611	2751	-0.0668
LIGER_p_TCGA_166_180_SNP_N_GenomeWideSNP_6_G11_896582	2	65710764	67833181	1608	-6e-04
LIGER_p_TCGA_166_180_SNP_N_GenomeWideSNP_6_G11_896582	2	67833395	75988464	4581	-0.0657
LIGER_p_TCGA_166_180_SNP_N_GenomeWideSNP_6_G11_896582	2	75989803	84135389	4330	0.0264
LIGER_p_TCGA_166_180_SNP_N_GenomeWideSNP_6_G11_896582	2	84135473	102890457	5647	-0.0674
LIGER_p_TCGA_166_180_SNP_N_GenomeWideSNP_6_G11_896582	2	102890886	105171090	1342	0.0259
LIGER_p_TCGA_166_180_SNP_N_GenomeWideSNP_6_G11_896582	2	105171371	106697287	1074	-0.0442
LIGER_p_TCGA_166_180_SNP_N_GenomeWideSNP_6_G11_896582	2	106699331	108274640	929	0.0135
LIGER_p_TCGA_166_180_SNP_N_GenomeWideSNP_6_G11_896582	2	108274847	113977335	2385	-0.0666
LIGER_p_TCGA_166_180_SNP_N_GenomeWideSNP_6_G11_896582	2	113977668	121945545	4304	-0.016
LIGER_p_TCGA_166_180_SNP_N_GenomeWideSNP_6_G11_896582	2	121947227	126159476	1794	0.0261
LIGER_p_TCGA_166_180_SNP_N_GenomeWideSNP_6_G11_896582	2	126159945	138902386	6384	-0.0234
LIGER_p_TCGA_166_180_SNP_N_GenomeWideSNP_6_G11_896582	2	138902578	142224651	2073	0.039
LIGER_p_TCGA_166_180_SNP_N_GenomeWideSNP_6_G11_896582	2	142225041	162567680	11693	-0.0075
LIGER_p_TCGA_166_180_SNP_N_GenomeWideSNP_6_G11_896582	2	162568155	167662831	2854	0.0365
LIGER_p_TCGA_166_180_SNP_N_GenomeWideSNP_6_G11_896582	2	167662894	174719186	4598	-0.0327
LIGER_p_TCGA_166_180_SNP_N_GenomeWideSNP_6_G11_896582	2	174719251	195449468	10605	-0.0047
LIGER_p_TCGA_166_180_SNP_N_GenomeWideSNP_6_G11_896582	2	195450492	200687195	3049	-0.0287
LIGER_p_TCGA_166_180_SNP_N_GenomeWideSNP_6_G11_896582	2	200687845	203594456	1308	-0.0715
LIGER_p_TCGA_166_180_SNP_N_GenomeWideSNP_6_G11_896582	2	203595238	207274469	2435	-0.0031
LIGER_p_TCGA_166_180_SNP_N_GenomeWideSNP_6_G11_896582	2	207276769	208428775	677	-0.0713
LIGER_p_TCGA_166_180_SNP_N_GenomeWideSNP_6_G11_896582	2	208430981	217830379	5850	0.0021
LIGER_p_TCGA_166_180_SNP_N_GenomeWideSNP_6_G11_896582	2	217831871	219785103	987	-0.1054
LIGER_p_TCGA_166_180_SNP_N_GenomeWideSNP_6_G11_896582	2	219785169	229656584	6523	0.0033
LIGER_p_TCGA_166_180_SNP_N_GenomeWideSNP_6_G11_896582	2	229656643	231402543	806	-0.0797
LIGER_p_TCGA_166_180_SNP_N_GenomeWideSNP_6_G11_896582	2	231406573	231805375	123	0.1945
LIGER_p_TCGA_166_180_SNP_N_GenomeWideSNP_6_G11_896582	2	231813728	233488475	859	-0.1001
LIGER_p_TCGA_166_180_SNP_N_GenomeWideSNP_6_G11_896582	2	233488559	237665783	2922	-0.0175
LIGER_p_TCGA_166_180_SNP_N_GenomeWideSNP_6_G11_896582	2	237667726	240593541	1693	-0.0688
LIGER_p_TCGA_166_180_SNP_N_GenomeWideSNP_6_G11_896582	2	240593613	240670864	27	-0.4887
LIGER_p_TCGA_166_180_SNP_N_GenomeWideSNP_6_G11_896582	2	240671904	241537572	389	-0.1005
LIGER_p_TCGA_166_180_SNP_N_GenomeWideSNP_6_G11_896582	3	2170634	3018938	332	0.2701
LIGER_p_TCGA_166_180_SNP_N_GenomeWideSNP_6_G11_896582	3	3019229	6534550	1795	0.2323
LIGER_p_TCGA_166_180_SNP_N_GenomeWideSNP_6_G11_896582	3	6543781	8973251	1834	0.2828
LIGER_p_TCGA_166_180_SNP_N_GenomeWideSNP_6_G11_896582	3	8973258	9607237	416	0.2035
LIGER_p_TCGA_166_180_SNP_N_GenomeWideSNP_6_G11_896582	3	9607786	9805289	92	0.0629
LIGER_p_TCGA_166_180_SNP_N_GenomeWideSNP_6_G11_896582	3	9805358	10419390	280	0.187
LIGER_p_TCGA_166_180_SNP_N_GenomeWideSNP_6_G11_896582	3	10419420	10419479	2	-1.3218
LIGER_p_TCGA_166_180_SNP_N_GenomeWideSNP_6_G11_896582	3	10419996	17204900	4605	0.1841
LIGER_p_TCGA_166_180_SNP_N_GenomeWideSNP_6_G11_896582	3	17205471	22499976	2604	0.2578
LIGER_p_TCGA_166_180_SNP_N_GenomeWideSNP_6_G11_896582	3	22503407	22504646	8	-0.6066
LIGER_p_TCGA_166_180_SNP_N_GenomeWideSNP_6_G11_896582	3	22509514	31878668	5958	0.2629
LIGER_p_TCGA_166_180_SNP_N_GenomeWideSNP_6_G11_896582	3	31880132	33704919	1035	0.1972
LIGER_p_TCGA_166_180_SNP_N_GenomeWideSNP_6_G11_896582	3	33705621	37704972	2421	0.2466
LIGER_p_TCGA_166_180_SNP_N_GenomeWideSNP_6_G11_896582	3	37705360	38046815	216	0.6864
LIGER_p_TCGA_166_180_SNP_N_GenomeWideSNP_6_G11_896582	3	38049574	38252607	92	0.1366
LIGER_p_TCGA_166_180_SNP_N_GenomeWideSNP_6_G11_896582	3	38254223	46620476	4976	0.1996
LIGER_p_TCGA_166_180_SNP_N_GenomeWideSNP_6_G11_896582	3	46621246	53604824	2880	0.1372
LIGER_p_TCGA_166_180_SNP_N_GenomeWideSNP_6_G11_896582	3	53605386	56616680	2297	0.2447
LIGER_p_TCGA_166_180_SNP_N_GenomeWideSNP_6_G11_896582	3	56616739	58660757	1141	0.1881
LIGER_p_TCGA_166_180_SNP_N_GenomeWideSNP_6_G11_896582	3	58660825	70834026	7908	0.2604
LIGER_p_TCGA_166_180_SNP_N_GenomeWideSNP_6_G11_896582	3	70834935	72961393	1504	0.2048
LIGER_p_TCGA_166_180_SNP_N_GenomeWideSNP_6_G11_896582	3	72967224	73030028	38	-0.1468
LIGER_p_TCGA_166_180_SNP_N_GenomeWideSNP_6_G11_896582	3	73030517	81249083	4525	0.2809
LIGER_p_TCGA_166_180_SNP_N_GenomeWideSNP_6_G11_896582	3	81250638	81618899	209	0.7655
LIGER_p_TCGA_166_180_SNP_N_GenomeWideSNP_6_G11_896582	3	81621240	81973444	188	0.5573
LIGER_p_TCGA_166_180_SNP_N_GenomeWideSNP_6_G11_896582	3	81974318	84404178	1138	0.2811
LIGER_p_TCGA_166_180_SNP_N_GenomeWideSNP_6_G11_896582	3	84404874	85774580	614	0.5592
LIGER_p_TCGA_166_180_SNP_N_GenomeWideSNP_6_G11_896582	3	85775711	87926172	1033	0.2872
LIGER_p_TCGA_166_180_SNP_N_GenomeWideSNP_6_G11_896582	3	87926315	90453712	1199	0.5585
LIGER_p_TCGA_166_180_SNP_N_GenomeWideSNP_6_G11_896582	3	94015345	98678664	2404	0.2794
LIGER_p_TCGA_166_180_SNP_N_GenomeWideSNP_6_G11_896582	3	98688460	98688542	3	-1.1445
LIGER_p_TCGA_166_180_SNP_N_GenomeWideSNP_6_G11_896582	3	98688556	102829187	2130	0.2345
LIGER_p_TCGA_166_180_SNP_N_GenomeWideSNP_6_G11_896582	3	102836435	104252766	812	0.2985
LIGER_p_TCGA_166_180_SNP_N_GenomeWideSNP_6_G11_896582	3	104252976	116182445	6878	0.2383
LIGER_p_TCGA_166_180_SNP_N_GenomeWideSNP_6_G11_896582	3	116182500	118426925	1650	0.2939
LIGER_p_TCGA_166_180_SNP_N_GenomeWideSNP_6_G11_896582	3	118427455	119262417	452	0.253
LIGER_p_TCGA_166_180_SNP_N_GenomeWideSNP_6_G11_896582	3	119262919	129921746	5947	0.2037
LIGER_p_TCGA_166_180_SNP_N_GenomeWideSNP_6_G11_896582	3	129928366	141121278	6563	0.2301
LIGER_p_TCGA_166_180_SNP_N_GenomeWideSNP_6_G11_896582	3	141124400	144055750	1385	0.1887
LIGER_p_TCGA_166_180_SNP_N_GenomeWideSNP_6_G11_896582	3	144055898	149303360	2510	0.2767
LIGER_p_TCGA_166_180_SNP_N_GenomeWideSNP_6_G11_896582	3	149308758	149881919	342	0.2142
LIGER_p_TCGA_166_180_SNP_N_GenomeWideSNP_6_G11_896582	3	149882039	149884392	2	-1.0617
LIGER_p_TCGA_166_180_SNP_N_GenomeWideSNP_6_G11_896582	3	149884919	161533487	6521	0.2289
LIGER_p_TCGA_166_180_SNP_N_GenomeWideSNP_6_G11_896582	3	161537009	169648151	3757	0.2713
LIGER_p_TCGA_166_180_SNP_N_GenomeWideSNP_6_G11_896582	3	169648167	172719226	1715	0.2164
LIGER_p_TCGA_166_180_SNP_N_GenomeWideSNP_6_G11_896582	3	172722479	177180624	1948	0.2887
LIGER_p_TCGA_166_180_SNP_N_GenomeWideSNP_6_G11_896582	3	177183063	181856413	2623	0.2366
LIGER_p_TCGA_166_180_SNP_N_GenomeWideSNP_6_G11_896582	3	181856504	182780970	525	0.2877
LIGER_p_TCGA_166_180_SNP_N_GenomeWideSNP_6_G11_896582	3	182781075	188476329	3096	0.1942
LIGER_p_TCGA_166_180_SNP_N_GenomeWideSNP_6_G11_896582	3	188477758	194749262	3930	0.2429
LIGER_p_TCGA_166_180_SNP_N_GenomeWideSNP_6_G11_896582	3	194749373	197812401	797	0.1491
LIGER_p_TCGA_166_180_SNP_N_GenomeWideSNP_6_G11_896582	4	1059384	3301485	907	-0.3824
LIGER_p_TCGA_166_180_SNP_N_GenomeWideSNP_6_G11_896582	4	3305911	3529016	84	0.0817
LIGER_p_TCGA_166_180_SNP_N_GenomeWideSNP_6_G11_896582	4	3529597	5721906	1343	-0.316
LIGER_p_TCGA_166_180_SNP_N_GenomeWideSNP_6_G11_896582	4	5722121	8686502	2005	-0.3581
LIGER_p_TCGA_166_180_SNP_N_GenomeWideSNP_6_G11_896582	4	8686840	11798838	1793	-0.2935
LIGER_p_TCGA_166_180_SNP_N_GenomeWideSNP_6_G11_896582	4	11799398	12177999	227	-0.4774
LIGER_p_TCGA_166_180_SNP_N_GenomeWideSNP_6_G11_896582	4	12180598	17209163	3641	-0.2895
LIGER_p_TCGA_166_180_SNP_N_GenomeWideSNP_6_G11_896582	4	17210106	24028558	4381	-0.4735
LIGER_p_TCGA_166_180_SNP_N_GenomeWideSNP_6_G11_896582	4	24028823	26888810	1876	-0.5411
LIGER_p_TCGA_166_180_SNP_N_GenomeWideSNP_6_G11_896582	4	26889693	33309326	3893	-0.4378
LIGER_p_TCGA_166_180_SNP_N_GenomeWideSNP_6_G11_896582	4	33312190	33413046	73	-0.342
LIGER_p_TCGA_166_180_SNP_N_GenomeWideSNP_6_G11_896582	4	33427304	33733324	153	1.4633
LIGER_p_TCGA_166_180_SNP_N_GenomeWideSNP_6_G11_896582	4	33737718	33747267	9	0.3548
LIGER_p_TCGA_166_180_SNP_N_GenomeWideSNP_6_G11_896582	4	33748677	34223301	215	-0.3971
LIGER_p_TCGA_166_180_SNP_N_GenomeWideSNP_6_G11_896582	4	34233256	34234132	2	1.4902
LIGER_p_TCGA_166_180_SNP_N_GenomeWideSNP_6_G11_896582	4	34237068	38147206	2550	-0.5013
LIGER_p_TCGA_166_180_SNP_N_GenomeWideSNP_6_G11_896582	4	38152247	38153724	5	2.3263
LIGER_p_TCGA_166_180_SNP_N_GenomeWideSNP_6_G11_896582	4	38160946	39807311	986	1.1394
LIGER_p_TCGA_166_180_SNP_N_GenomeWideSNP_6_G11_896582	4	39809929	40253881	152	1.6814
LIGER_p_TCGA_166_180_SNP_N_GenomeWideSNP_6_G11_896582	4	40255033	40624403	227	1.114
LIGER_p_TCGA_166_180_SNP_N_GenomeWideSNP_6_G11_896582	4	40627813	41861829	800	1.2928
LIGER_p_TCGA_166_180_SNP_N_GenomeWideSNP_6_G11_896582	4	41865106	42137115	146	1.8453
LIGER_p_TCGA_166_180_SNP_N_GenomeWideSNP_6_G11_896582	4	42139058	42606028	284	1.9674
LIGER_p_TCGA_166_180_SNP_N_GenomeWideSNP_6_G11_896582	4	42607310	43868246	524	1.803
LIGER_p_TCGA_166_180_SNP_N_GenomeWideSNP_6_G11_896582	4	43868569	44295892	208	1.5981
LIGER_p_TCGA_166_180_SNP_N_GenomeWideSNP_6_G11_896582	4	44296798	44533828	81	1.8345
LIGER_p_TCGA_166_180_SNP_N_GenomeWideSNP_6_G11_896582	4	44536701	45258915	393	0.8355
LIGER_p_TCGA_166_180_SNP_N_GenomeWideSNP_6_G11_896582	4	45261360	48067890	1427	0.6156
LIGER_p_TCGA_166_180_SNP_N_GenomeWideSNP_6_G11_896582	4	51832470	51840547	9	-0.3466
LIGER_p_TCGA_166_180_SNP_N_GenomeWideSNP_6_G11_896582	4	51848303	54746979	2024	-0.0128
LIGER_p_TCGA_166_180_SNP_N_GenomeWideSNP_6_G11_896582	4	54747468	55180492	288	0.0896
LIGER_p_TCGA_166_180_SNP_N_GenomeWideSNP_6_G11_896582	4	55181169	57272526	1162	-0.0321
LIGER_p_TCGA_166_180_SNP_N_GenomeWideSNP_6_G11_896582	4	57273231	67167312	5560	0.032
LIGER_p_TCGA_166_180_SNP_N_GenomeWideSNP_6_G11_896582	4	67167563	74148207	3235	-0.0094
LIGER_p_TCGA_166_180_SNP_N_GenomeWideSNP_6_G11_896582	4	74149053	74149177	2	-1.2552
LIGER_p_TCGA_166_180_SNP_N_GenomeWideSNP_6_G11_896582	4	74150033	74931019	462	0.0106
LIGER_p_TCGA_166_180_SNP_N_GenomeWideSNP_6_G11_896582	4	74931578	77400665	1623	0.3484
LIGER_p_TCGA_166_180_SNP_N_GenomeWideSNP_6_G11_896582	4	77406120	87332756	5910	-0.5887
LIGER_p_TCGA_166_180_SNP_N_GenomeWideSNP_6_G11_896582	4	87333046	118860183	17632	-0.5522
LIGER_p_TCGA_166_180_SNP_N_GenomeWideSNP_6_G11_896582	4	118867188	123754427	2823	-0.5822
LIGER_p_TCGA_166_180_SNP_N_GenomeWideSNP_6_G11_896582	4	123757903	138025547	7138	-0.5251
LIGER_p_TCGA_166_180_SNP_N_GenomeWideSNP_6_G11_896582	4	138026684	154675278	9473	-0.5836
LIGER_p_TCGA_166_180_SNP_N_GenomeWideSNP_6_G11_896582	4	154676472	183339467	15733	-0.5458
LIGER_p_TCGA_166_180_SNP_N_GenomeWideSNP_6_G11_896582	4	183344604	187842528	2051	-0.5735
LIGER_p_TCGA_166_180_SNP_N_GenomeWideSNP_6_G11_896582	5	913983	1428399	127	0.2105
LIGER_p_TCGA_166_180_SNP_N_GenomeWideSNP_6_G11_896582	5	1428688	10165756	6716	0.3334
LIGER_p_TCGA_166_180_SNP_N_GenomeWideSNP_6_G11_896582	5	10168853	10982849	381	0.2399
LIGER_p_TCGA_166_180_SNP_N_GenomeWideSNP_6_G11_896582	5	10983501	16632271	3211	0.33
LIGER_p_TCGA_166_180_SNP_N_GenomeWideSNP_6_G11_896582	5	16638993	17290650	385	0.5488
LIGER_p_TCGA_166_180_SNP_N_GenomeWideSNP_6_G11_896582	5	17290812	31016331	7140	0.3526
LIGER_p_TCGA_166_180_SNP_N_GenomeWideSNP_6_G11_896582	5	31019498	54304613	10328	0.2928
LIGER_p_TCGA_166_180_SNP_N_GenomeWideSNP_6_G11_896582	5	54309896	57345540	1960	0.2341
LIGER_p_TCGA_166_180_SNP_N_GenomeWideSNP_6_G11_896582	5	57348219	74501501	9235	0.2797
LIGER_p_TCGA_166_180_SNP_N_GenomeWideSNP_6_G11_896582	5	74504673	79398664	2877	0.2407
LIGER_p_TCGA_166_180_SNP_N_GenomeWideSNP_6_G11_896582	5	79401499	79401641	2	1.5835
LIGER_p_TCGA_166_180_SNP_N_GenomeWideSNP_6_G11_896582	5	79401807	80753701	778	0.2403
LIGER_p_TCGA_166_180_SNP_N_GenomeWideSNP_6_G11_896582	5	80760066	94420430	7136	0.2929
LIGER_p_TCGA_166_180_SNP_N_GenomeWideSNP_6_G11_896582	5	94426176	97485011	1829	0.2488
LIGER_p_TCGA_166_180_SNP_N_GenomeWideSNP_6_G11_896582	5	97488692	109602481	5615	0.2968
LIGER_p_TCGA_166_180_SNP_N_GenomeWideSNP_6_G11_896582	5	109602909	113049105	2296	0.2514
LIGER_p_TCGA_166_180_SNP_N_GenomeWideSNP_6_G11_896582	5	113049415	115887338	1815	0.2914
LIGER_p_TCGA_166_180_SNP_N_GenomeWideSNP_6_G11_896582	5	116116195	117364443	806	0.5572
LIGER_p_TCGA_166_180_SNP_N_GenomeWideSNP_6_G11_896582	5	117375218	126278079	5268	0.293
LIGER_p_TCGA_166_180_SNP_N_GenomeWideSNP_6_G11_896582	5	126279215	126547178	192	0.2338
LIGER_p_TCGA_166_180_SNP_N_GenomeWideSNP_6_G11_896582	5	126549182	126549242	2	-0.9031
LIGER_p_TCGA_166_180_SNP_N_GenomeWideSNP_6_G11_896582	5	126549292	127251385	353	0.2141
LIGER_p_TCGA_166_180_SNP_N_GenomeWideSNP_6_G11_896582	5	127252267	130604313	1939	0.3024
LIGER_p_TCGA_166_180_SNP_N_GenomeWideSNP_6_G11_896582	5	130604401	131132907	231	0.264
LIGER_p_TCGA_166_180_SNP_N_GenomeWideSNP_6_G11_896582	5	131133291	134197734	1885	0.2231
LIGER_p_TCGA_166_180_SNP_N_GenomeWideSNP_6_G11_896582	5	134200594	134868230	299	0.1339
LIGER_p_TCGA_166_180_SNP_N_GenomeWideSNP_6_G11_896582	5	134871231	135166407	177	0.2186
LIGER_p_TCGA_166_180_SNP_N_GenomeWideSNP_6_G11_896582	5	135166873	135879886	534	0.2707
LIGER_p_TCGA_166_180_SNP_N_GenomeWideSNP_6_G11_896582	5	135880136	135880234	2	-0.9165
LIGER_p_TCGA_166_180_SNP_N_GenomeWideSNP_6_G11_896582	5	135880245	137884003	1366	0.2757
LIGER_p_TCGA_166_180_SNP_N_GenomeWideSNP_6_G11_896582	5	137886213	143172961	2689	0.1957
LIGER_p_TCGA_166_180_SNP_N_GenomeWideSNP_6_G11_896582	5	143173517	148202754	3195	0.271
LIGER_p_TCGA_166_180_SNP_N_GenomeWideSNP_6_G11_896582	5	148203046	151837578	2447	0.2101
LIGER_p_TCGA_166_180_SNP_N_GenomeWideSNP_6_G11_896582	5	151838174	160551131	5747	0.2532
LIGER_p_TCGA_166_180_SNP_N_GenomeWideSNP_6_G11_896582	5	160552310	168222629	4942	0.3039
LIGER_p_TCGA_166_180_SNP_N_GenomeWideSNP_6_G11_896582	5	168223019	171822777	2571	0.248
LIGER_p_TCGA_166_180_SNP_N_GenomeWideSNP_6_G11_896582	5	171823566	173265594	690	0.181
LIGER_p_TCGA_166_180_SNP_N_GenomeWideSNP_6_G11_896582	5	173267087	175482708	1778	0.2544
LIGER_p_TCGA_166_180_SNP_N_GenomeWideSNP_6_G11_896582	5	175482713	178133251	845	0.1551
LIGER_p_TCGA_166_180_SNP_N_GenomeWideSNP_6_G11_896582	5	178133338	179464342	794	0.2065
LIGER_p_TCGA_166_180_SNP_N_GenomeWideSNP_6_G11_896582	5	179468292	179619970	84	0.4712
LIGER_p_TCGA_166_180_SNP_N_GenomeWideSNP_6_G11_896582	5	179620002	179681393	32	0.2283
LIGER_p_TCGA_166_180_SNP_N_GenomeWideSNP_6_G11_896582	5	179681642	179825537	51	0.4487
LIGER_p_TCGA_166_180_SNP_N_GenomeWideSNP_6_G11_896582	5	179825806	180934240	527	0.1983
LIGER_p_TCGA_166_180_SNP_N_GenomeWideSNP_6_G11_896582	6	1011760	1670751	559	0.7554
LIGER_p_TCGA_166_180_SNP_N_GenomeWideSNP_6_G11_896582	6	1684337	8180029	4776	0.3047
LIGER_p_TCGA_166_180_SNP_N_GenomeWideSNP_6_G11_896582	6	8182303	8251739	60	-0.0058
LIGER_p_TCGA_166_180_SNP_N_GenomeWideSNP_6_G11_896582	6	8252539	8268801	13	0.2116
LIGER_p_TCGA_166_180_SNP_N_GenomeWideSNP_6_G11_896582	6	8268922	10308361	1427	0.3903
LIGER_p_TCGA_166_180_SNP_N_GenomeWideSNP_6_G11_896582	6	10313431	11623395	715	0.2939
LIGER_p_TCGA_166_180_SNP_N_GenomeWideSNP_6_G11_896582	6	11627254	11722075	75	0.4822
LIGER_p_TCGA_166_180_SNP_N_GenomeWideSNP_6_G11_896582	6	11722088	14997666	2520	0.2885
LIGER_p_TCGA_166_180_SNP_N_GenomeWideSNP_6_G11_896582	6	15000510	15249369	139	0.1402
LIGER_p_TCGA_166_180_SNP_N_GenomeWideSNP_6_G11_896582	6	15249821	18424370	2004	0.2821
LIGER_p_TCGA_166_180_SNP_N_GenomeWideSNP_6_G11_896582	6	18425472	20053864	1256	0.3793
LIGER_p_TCGA_166_180_SNP_N_GenomeWideSNP_6_G11_896582	6	20054308	22303237	1532	0.333
LIGER_p_TCGA_166_180_SNP_N_GenomeWideSNP_6_G11_896582	6	22305262	23781466	1131	0.4026
LIGER_p_TCGA_166_180_SNP_N_GenomeWideSNP_6_G11_896582	6	23781554	32997285	3242	0.2758
LIGER_p_TCGA_166_180_SNP_N_GenomeWideSNP_6_G11_896582	6	32997308	33608396	311	0.1857
LIGER_p_TCGA_166_180_SNP_N_GenomeWideSNP_6_G11_896582	6	33609841	34376677	454	0.4361
LIGER_p_TCGA_166_180_SNP_N_GenomeWideSNP_6_G11_896582	6	34376801	37583548	1736	0.2121
LIGER_p_TCGA_166_180_SNP_N_GenomeWideSNP_6_G11_896582	6	37586141	37771451	151	0.4581
LIGER_p_TCGA_166_180_SNP_N_GenomeWideSNP_6_G11_896582	6	37772799	40817122	2281	0.2581
LIGER_p_TCGA_166_180_SNP_N_GenomeWideSNP_6_G11_896582	6	40817787	44262108	1919	0.1815
LIGER_p_TCGA_166_180_SNP_N_GenomeWideSNP_6_G11_896582	6	44262851	46460429	1256	0.2578
LIGER_p_TCGA_166_180_SNP_N_GenomeWideSNP_6_G11_896582	6	46461357	52301763	3506	0.3112
LIGER_p_TCGA_166_180_SNP_N_GenomeWideSNP_6_G11_896582	6	52302317	53551255	814	0.2509
LIGER_p_TCGA_166_180_SNP_N_GenomeWideSNP_6_G11_896582	6	53554025	62789787	2853	0.3338
LIGER_p_TCGA_166_180_SNP_N_GenomeWideSNP_6_G11_896582	6	62790037	63745426	485	0.2518
LIGER_p_TCGA_166_180_SNP_N_GenomeWideSNP_6_G11_896582	6	63751448	66283625	1361	-0.55
LIGER_p_TCGA_166_180_SNP_N_GenomeWideSNP_6_G11_896582	6	66403730	66625972	177	0.3067
LIGER_p_TCGA_166_180_SNP_N_GenomeWideSNP_6_G11_896582	6	66628022	66745001	83	0.8543
LIGER_p_TCGA_166_180_SNP_N_GenomeWideSNP_6_G11_896582	6	66751767	67498112	529	0.3588
LIGER_p_TCGA_166_180_SNP_N_GenomeWideSNP_6_G11_896582	6	67505262	69187768	939	-0.5324
LIGER_p_TCGA_166_180_SNP_N_GenomeWideSNP_6_G11_896582	6	69188144	70829043	945	0.2929
LIGER_p_TCGA_166_180_SNP_N_GenomeWideSNP_6_G11_896582	6	70831191	86146607	8552	-0.5665
LIGER_p_TCGA_166_180_SNP_N_GenomeWideSNP_6_G11_896582	6	86147671	89594022	2073	0.2701
LIGER_p_TCGA_166_180_SNP_N_GenomeWideSNP_6_G11_896582	6	89597914	90958013	946	-0.6204
LIGER_p_TCGA_166_180_SNP_N_GenomeWideSNP_6_G11_896582	6	90959623	105451077	7524	-0.5639
LIGER_p_TCGA_166_180_SNP_N_GenomeWideSNP_6_G11_896582	6	105451166	106438434	671	-0.6408
LIGER_p_TCGA_166_180_SNP_N_GenomeWideSNP_6_G11_896582	6	106438529	106446187	3	-2.4042
LIGER_p_TCGA_166_180_SNP_N_GenomeWideSNP_6_G11_896582	6	106446291	112106622	3398	-0.6313
LIGER_p_TCGA_166_180_SNP_N_GenomeWideSNP_6_G11_896582	6	112107092	129082749	9473	-0.5703
LIGER_p_TCGA_166_180_SNP_N_GenomeWideSNP_6_G11_896582	6	129083943	139480158	6968	-0.6186
LIGER_p_TCGA_166_180_SNP_N_GenomeWideSNP_6_G11_896582	6	139481068	140159858	395	-0.5499
LIGER_p_TCGA_166_180_SNP_N_GenomeWideSNP_6_G11_896582	6	140160430	140160617	2	-1.9399
LIGER_p_TCGA_166_180_SNP_N_GenomeWideSNP_6_G11_896582	6	140160628	142346653	842	-0.544
LIGER_p_TCGA_166_180_SNP_N_GenomeWideSNP_6_G11_896582	6	142352360	144637572	1517	-0.621
LIGER_p_TCGA_166_180_SNP_N_GenomeWideSNP_6_G11_896582	6	144637674	144959017	237	-1.4959
LIGER_p_TCGA_166_180_SNP_N_GenomeWideSNP_6_G11_896582	6	144961848	170596889	15303	-0.6037
LIGER_p_TCGA_166_180_SNP_N_GenomeWideSNP_6_G11_896582	7	664936	2774771	620	0.439
LIGER_p_TCGA_166_180_SNP_N_GenomeWideSNP_6_G11_896582	7	2774842	4561046	878	0.5057
LIGER_p_TCGA_166_180_SNP_N_GenomeWideSNP_6_G11_896582	7	4564327	7148467	845	0.4188
LIGER_p_TCGA_166_180_SNP_N_GenomeWideSNP_6_G11_896582	7	7148845	8500665	881	0.5348
LIGER_p_TCGA_166_180_SNP_N_GenomeWideSNP_6_G11_896582	7	8500694	21167730	7151	0.5876
LIGER_p_TCGA_166_180_SNP_N_GenomeWideSNP_6_G11_896582	7	21168644	35500791	9519	0.5384
LIGER_p_TCGA_166_180_SNP_N_GenomeWideSNP_6_G11_896582	7	35503237	37905183	1807	0.484
LIGER_p_TCGA_166_180_SNP_N_GenomeWideSNP_6_G11_896582	7	37906427	44041495	3564	0.5553
LIGER_p_TCGA_166_180_SNP_N_GenomeWideSNP_6_G11_896582	7	44042643	44418485	156	0.8549
LIGER_p_TCGA_166_180_SNP_N_GenomeWideSNP_6_G11_896582	7	44424939	44479041	34	0.581
LIGER_p_TCGA_166_180_SNP_N_GenomeWideSNP_6_G11_896582	7	44479554	45220225	392	0.4186
LIGER_p_TCGA_166_180_SNP_N_GenomeWideSNP_6_G11_896582	7	45221525	54972264	6782	0.5653
LIGER_p_TCGA_166_180_SNP_N_GenomeWideSNP_6_G11_896582	7	54972581	65017873	1523	0.5002
LIGER_p_TCGA_166_180_SNP_N_GenomeWideSNP_6_G11_896582	7	65018396	67037706	412	0.4199
LIGER_p_TCGA_166_180_SNP_N_GenomeWideSNP_6_G11_896582	7	67044615	72523346	3224	0.5227
LIGER_p_TCGA_166_180_SNP_N_GenomeWideSNP_6_G11_896582	7	72853922	77165731	955	0.3873
LIGER_p_TCGA_166_180_SNP_N_GenomeWideSNP_6_G11_896582	7	77169757	78363679	806	0.5472
LIGER_p_TCGA_166_180_SNP_N_GenomeWideSNP_6_G11_896582	7	78363790	85958810	4644	0.6086
LIGER_p_TCGA_166_180_SNP_N_GenomeWideSNP_6_G11_896582	7	85958944	97856901	5982	0.5533
LIGER_p_TCGA_166_180_SNP_N_GenomeWideSNP_6_G11_896582	7	97857556	103037482	1891	0.4255
LIGER_p_TCGA_166_180_SNP_N_GenomeWideSNP_6_G11_896582	7	103038469	104838140	1156	0.5549
LIGER_p_TCGA_166_180_SNP_N_GenomeWideSNP_6_G11_896582	7	104838283	106927660	1300	0.472
LIGER_p_TCGA_166_180_SNP_N_GenomeWideSNP_6_G11_896582	7	106929275	108675955	884	0.537
LIGER_p_TCGA_166_180_SNP_N_GenomeWideSNP_6_G11_896582	7	108679941	110737894	1233	0.6011
LIGER_p_TCGA_166_180_SNP_N_GenomeWideSNP_6_G11_896582	7	110738104	117334578	3309	0.5494
LIGER_p_TCGA_166_180_SNP_N_GenomeWideSNP_6_G11_896582	7	117335722	127375405	5447	0.5819
LIGER_p_TCGA_166_180_SNP_N_GenomeWideSNP_6_G11_896582	7	127381228	131276891	1913	0.4787
LIGER_p_TCGA_166_180_SNP_N_GenomeWideSNP_6_G11_896582	7	131278450	135116698	2391	0.5471
LIGER_p_TCGA_166_180_SNP_N_GenomeWideSNP_6_G11_896582	7	135117337	135687538	365	0.4593
LIGER_p_TCGA_166_180_SNP_N_GenomeWideSNP_6_G11_896582	7	135689761	137898475	1454	0.5675
LIGER_p_TCGA_166_180_SNP_N_GenomeWideSNP_6_G11_896582	7	137899799	144976731	3350	0.5018
LIGER_p_TCGA_166_180_SNP_N_GenomeWideSNP_6_G11_896582	7	144976790	148353416	2085	0.5877
LIGER_p_TCGA_166_180_SNP_N_GenomeWideSNP_6_G11_896582	7	148353532	152892399	2088	0.4649
LIGER_p_TCGA_166_180_SNP_N_GenomeWideSNP_6_G11_896582	7	152892628	156865486	2273	0.5333
LIGER_p_TCGA_166_180_SNP_N_GenomeWideSNP_6_G11_896582	7	156866954	158592540	815	0.4882
LIGER_p_TCGA_166_180_SNP_N_GenomeWideSNP_6_G11_896582	8	667625	3535033	1397	-1.5553
LIGER_p_TCGA_166_180_SNP_N_GenomeWideSNP_6_G11_896582	8	3535880	3538816	8	-4.5611
LIGER_p_TCGA_166_180_SNP_N_GenomeWideSNP_6_G11_896582	8	3538856	11498312	3648	-1.5485
LIGER_p_TCGA_166_180_SNP_N_GenomeWideSNP_6_G11_896582	8	11505189	11508394	7	-4.8688
LIGER_p_TCGA_166_180_SNP_N_GenomeWideSNP_6_G11_896582	8	11508777	40403032	18125	-1.475
LIGER_p_TCGA_166_180_SNP_N_GenomeWideSNP_6_G11_896582	8	40403444	40403493	3	-7.0942
LIGER_p_TCGA_166_180_SNP_N_GenomeWideSNP_6_G11_896582	8	40404729	43080575	1611	-1.4421
LIGER_p_TCGA_166_180_SNP_N_GenomeWideSNP_6_G11_896582	8	46547532	49213995	1218	1.3636
LIGER_p_TCGA_166_180_SNP_N_GenomeWideSNP_6_G11_896582	8	49215340	49221379	9	-1.1225
LIGER_p_TCGA_166_180_SNP_N_GenomeWideSNP_6_G11_896582	8	49223061	49277300	30	2.7361
LIGER_p_TCGA_166_180_SNP_N_GenomeWideSNP_6_G11_896582	8	49282455	51190098	961	-1.365
LIGER_p_TCGA_166_180_SNP_N_GenomeWideSNP_6_G11_896582	8	51191464	51302153	61	2.6092
LIGER_p_TCGA_166_180_SNP_N_GenomeWideSNP_6_G11_896582	8	51305616	51325536	14	-1.3518
LIGER_p_TCGA_166_180_SNP_N_GenomeWideSNP_6_G11_896582	8	51336031	51441313	71	2.3524
LIGER_p_TCGA_166_180_SNP_N_GenomeWideSNP_6_G11_896582	8	51444568	51700093	190	-1.5126
LIGER_p_TCGA_166_180_SNP_N_GenomeWideSNP_6_G11_896582	8	51703458	51728222	17	2.0913
LIGER_p_TCGA_166_180_SNP_N_GenomeWideSNP_6_G11_896582	8	51730242	52307848	364	-1.5618
LIGER_p_TCGA_166_180_SNP_N_GenomeWideSNP_6_G11_896582	8	52308379	52324066	15	2.1907
LIGER_p_TCGA_166_180_SNP_N_GenomeWideSNP_6_G11_896582	8	52328991	52377699	37	-1.5559
LIGER_p_TCGA_166_180_SNP_N_GenomeWideSNP_6_G11_896582	8	52378248	52464750	65	2.5235
LIGER_p_TCGA_166_180_SNP_N_GenomeWideSNP_6_G11_896582	8	52468283	53042655	281	-1.4158
LIGER_p_TCGA_166_180_SNP_N_GenomeWideSNP_6_G11_896582	8	53047084	53047187	2	-0.3461
LIGER_p_TCGA_166_180_SNP_N_GenomeWideSNP_6_G11_896582	8	53162471	53301960	147	2.4854
LIGER_p_TCGA_166_180_SNP_N_GenomeWideSNP_6_G11_896582	8	53308756	53310986	3	-1.5127
LIGER_p_TCGA_166_180_SNP_N_GenomeWideSNP_6_G11_896582	8	53312415	53396159	35	2.4364
LIGER_p_TCGA_166_180_SNP_N_GenomeWideSNP_6_G11_896582	8	53399358	53427417	18	-1.3915
LIGER_p_TCGA_166_180_SNP_N_GenomeWideSNP_6_G11_896582	8	53431540	53447153	13	2.414
LIGER_p_TCGA_166_180_SNP_N_GenomeWideSNP_6_G11_896582	8	53452365	53454974	3	-1.1142
LIGER_p_TCGA_166_180_SNP_N_GenomeWideSNP_6_G11_896582	8	53496904	53778108	193	-0.0462
LIGER_p_TCGA_166_180_SNP_N_GenomeWideSNP_6_G11_896582	8	53778713	54019108	114	-1.3674
LIGER_p_TCGA_166_180_SNP_N_GenomeWideSNP_6_G11_896582	8	54021281	54254116	99	2.2363
LIGER_p_TCGA_166_180_SNP_N_GenomeWideSNP_6_G11_896582	8	54254218	54262259	5	-1.1388
LIGER_p_TCGA_166_180_SNP_N_GenomeWideSNP_6_G11_896582	8	54262347	54282230	17	2.0168
LIGER_p_TCGA_166_180_SNP_N_GenomeWideSNP_6_G11_896582	8	54287157	54289180	5	-2.0703
LIGER_p_TCGA_166_180_SNP_N_GenomeWideSNP_6_G11_896582	8	54294917	54315521	32	2.4955
LIGER_p_TCGA_166_180_SNP_N_GenomeWideSNP_6_G11_896582	8	54317386	54371544	40	-1.6731
LIGER_p_TCGA_166_180_SNP_N_GenomeWideSNP_6_G11_896582	8	54374416	54453059	78	1.3438
LIGER_p_TCGA_166_180_SNP_N_GenomeWideSNP_6_G11_896582	8	54453119	54453370	4	2.0739
LIGER_p_TCGA_166_180_SNP_N_GenomeWideSNP_6_G11_896582	8	54453510	54511169	36	1.2648
LIGER_p_TCGA_166_180_SNP_N_GenomeWideSNP_6_G11_896582	8	54517509	54520429	3	-1.1219
LIGER_p_TCGA_166_180_SNP_N_GenomeWideSNP_6_G11_896582	8	54524964	54533033	13	2.2281
LIGER_p_TCGA_166_180_SNP_N_GenomeWideSNP_6_G11_896582	8	54535113	54709688	101	-1.5611
LIGER_p_TCGA_166_180_SNP_N_GenomeWideSNP_6_G11_896582	8	54712877	54762057	21	2.8179
LIGER_p_TCGA_166_180_SNP_N_GenomeWideSNP_6_G11_896582	8	54763324	54782981	17	-1.2466
LIGER_p_TCGA_166_180_SNP_N_GenomeWideSNP_6_G11_896582	8	54794660	59675202	3057	-0.5438
LIGER_p_TCGA_166_180_SNP_N_GenomeWideSNP_6_G11_896582	8	59678796	59742081	29	0.0173
LIGER_p_TCGA_166_180_SNP_N_GenomeWideSNP_6_G11_896582	8	59746896	59925448	86	-0.5583
LIGER_p_TCGA_166_180_SNP_N_GenomeWideSNP_6_G11_896582	8	59925643	60633360	443	-0.0455
LIGER_p_TCGA_166_180_SNP_N_GenomeWideSNP_6_G11_896582	8	60636142	61214713	387	-0.5882
LIGER_p_TCGA_166_180_SNP_N_GenomeWideSNP_6_G11_896582	8	61216148	73464227	7301	-0.0392
LIGER_p_TCGA_166_180_SNP_N_GenomeWideSNP_6_G11_896582	8	73470853	74201224	427	-0.1236
LIGER_p_TCGA_166_180_SNP_N_GenomeWideSNP_6_G11_896582	8	74203161	77167382	1692	-0.0124
LIGER_p_TCGA_166_180_SNP_N_GenomeWideSNP_6_G11_896582	8	77168099	80708828	1886	0.3364
LIGER_p_TCGA_166_180_SNP_N_GenomeWideSNP_6_G11_896582	8	80711233	81663548	580	0.5711
LIGER_p_TCGA_166_180_SNP_N_GenomeWideSNP_6_G11_896582	8	81669506	84440425	1453	0.3453
LIGER_p_TCGA_166_180_SNP_N_GenomeWideSNP_6_G11_896582	8	84445463	89321476	2551	-0.0175
LIGER_p_TCGA_166_180_SNP_N_GenomeWideSNP_6_G11_896582	8	89321506	89321628	2	-1.5639
LIGER_p_TCGA_166_180_SNP_N_GenomeWideSNP_6_G11_896582	8	89321705	94318347	2856	-0.038
LIGER_p_TCGA_166_180_SNP_N_GenomeWideSNP_6_G11_896582	8	94324604	98269980	2525	-0.0698
LIGER_p_TCGA_166_180_SNP_N_GenomeWideSNP_6_G11_896582	8	98274148	98277762	3	-1.2664
LIGER_p_TCGA_166_180_SNP_N_GenomeWideSNP_6_G11_896582	8	98280486	103533910	2972	-0.0798
LIGER_p_TCGA_166_180_SNP_N_GenomeWideSNP_6_G11_896582	8	103539571	117584753	7499	-0.0183
LIGER_p_TCGA_166_180_SNP_N_GenomeWideSNP_6_G11_896582	8	117585854	117929809	256	0.5798
LIGER_p_TCGA_166_180_SNP_N_GenomeWideSNP_6_G11_896582	8	117931594	118037465	65	0.2944
LIGER_p_TCGA_166_180_SNP_N_GenomeWideSNP_6_G11_896582	8	118038731	121543424	2406	0.7903
LIGER_p_TCGA_166_180_SNP_N_GenomeWideSNP_6_G11_896582	8	121544838	122326616	491	0.8725
LIGER_p_TCGA_166_180_SNP_N_GenomeWideSNP_6_G11_896582	8	122327011	122747877	305	0.8168
LIGER_p_TCGA_166_180_SNP_N_GenomeWideSNP_6_G11_896582	8	122750499	125226913	1626	0.7406
LIGER_p_TCGA_166_180_SNP_N_GenomeWideSNP_6_G11_896582	8	125228528	125401503	97	0.6464
LIGER_p_TCGA_166_180_SNP_N_GenomeWideSNP_6_G11_896582	8	125401792	125538132	104	0.2681
LIGER_p_TCGA_166_180_SNP_N_GenomeWideSNP_6_G11_896582	8	125540578	126031336	397	0.7485
LIGER_p_TCGA_166_180_SNP_N_GenomeWideSNP_6_G11_896582	8	126031863	126231665	134	0.3021
LIGER_p_TCGA_166_180_SNP_N_GenomeWideSNP_6_G11_896582	8	126236134	126580541	232	0.746
LIGER_p_TCGA_166_180_SNP_N_GenomeWideSNP_6_G11_896582	8	126583939	127746275	899	0.9234
LIGER_p_TCGA_166_180_SNP_N_GenomeWideSNP_6_G11_896582	8	127750618	127844662	52	0.8073
LIGER_p_TCGA_166_180_SNP_N_GenomeWideSNP_6_G11_896582	8	127846306	128994226	798	0.5296
LIGER_p_TCGA_166_180_SNP_N_GenomeWideSNP_6_G11_896582	8	128997541	129080852	41	0.7005
LIGER_p_TCGA_166_180_SNP_N_GenomeWideSNP_6_G11_896582	8	129080867	129879680	555	1.0644
LIGER_p_TCGA_166_180_SNP_N_GenomeWideSNP_6_G11_896582	8	129887784	129990045	39	0.2746
LIGER_p_TCGA_166_180_SNP_N_GenomeWideSNP_6_G11_896582	8	129992765	135436444	4197	0.7627
LIGER_p_TCGA_166_180_SNP_N_GenomeWideSNP_6_G11_896582	8	135444207	135528145	53	0.3531
LIGER_p_TCGA_166_180_SNP_N_GenomeWideSNP_6_G11_896582	8	135528485	140250868	3543	0.8115
LIGER_p_TCGA_166_180_SNP_N_GenomeWideSNP_6_G11_896582	8	140250921	142423108	264	1.0249
LIGER_p_TCGA_166_180_SNP_N_GenomeWideSNP_6_G11_896582	8	142423309	144182542	495	0.6785
LIGER_p_TCGA_166_180_SNP_N_GenomeWideSNP_6_G11_896582	9	789794	4573137	2693	-1.5469
LIGER_p_TCGA_166_180_SNP_N_GenomeWideSNP_6_G11_896582	9	4573218	4576167	7	-4.9525
LIGER_p_TCGA_166_180_SNP_N_GenomeWideSNP_6_G11_896582	9	4576208	14486383	5035	-1.4886
LIGER_p_TCGA_166_180_SNP_N_GenomeWideSNP_6_G11_896582	9	14487012	18751128	3420	-0.0382
LIGER_p_TCGA_166_180_SNP_N_GenomeWideSNP_6_G11_896582	9	18754213	21846328	2366	-0.0855
LIGER_p_TCGA_166_180_SNP_N_GenomeWideSNP_6_G11_896582	9	21846441	32526148	6206	-0.038
LIGER_p_TCGA_166_180_SNP_N_GenomeWideSNP_6_G11_896582	9	32531273	38139972	3309	-0.1345
LIGER_p_TCGA_166_180_SNP_N_GenomeWideSNP_6_G11_896582	9	38140635	72665695	3614	-0.0667
LIGER_p_TCGA_166_180_SNP_N_GenomeWideSNP_6_G11_896582	9	72670072	72670153	2	-1.8492
LIGER_p_TCGA_166_180_SNP_N_GenomeWideSNP_6_G11_896582	9	72670987	73917596	741	-0.0469
LIGER_p_TCGA_166_180_SNP_N_GenomeWideSNP_6_G11_896582	9	73919568	73921520	2	-1.4591
LIGER_p_TCGA_166_180_SNP_N_GenomeWideSNP_6_G11_896582	9	73922457	88779639	10377	-0.0592
LIGER_p_TCGA_166_180_SNP_N_GenomeWideSNP_6_G11_896582	9	88782444	99989210	7111	-0.1104
LIGER_p_TCGA_166_180_SNP_N_GenomeWideSNP_6_G11_896582	9	99989966	102247079	1320	-0.0689
LIGER_p_TCGA_166_180_SNP_N_GenomeWideSNP_6_G11_896582	9	102247186	107132455	2986	-0.0227
LIGER_p_TCGA_166_180_SNP_N_GenomeWideSNP_6_G11_896582	9	107132534	111423514	3466	-0.069
LIGER_p_TCGA_166_180_SNP_N_GenomeWideSNP_6_G11_896582	9	111423917	114860758	2128	-0.1161
LIGER_p_TCGA_166_180_SNP_N_GenomeWideSNP_6_G11_896582	9	114865289	121088579	4665	-0.0643
LIGER_p_TCGA_166_180_SNP_N_GenomeWideSNP_6_G11_896582	9	121099930	124767727	2247	-0.1369
LIGER_p_TCGA_166_180_SNP_N_GenomeWideSNP_6_G11_896582	9	124768656	124882603	49	0.1976
LIGER_p_TCGA_166_180_SNP_N_GenomeWideSNP_6_G11_896582	9	124885521	127327864	1496	-0.1441
LIGER_p_TCGA_166_180_SNP_N_GenomeWideSNP_6_G11_896582	9	127334065	127983190	300	0.1398
LIGER_p_TCGA_166_180_SNP_N_GenomeWideSNP_6_G11_896582	9	127984126	135968281	4412	-0.1602
LIGER_p_TCGA_166_180_SNP_N_GenomeWideSNP_6_G11_896582	9	135970387	136681377	185	0.1686
LIGER_p_TCGA_166_180_SNP_N_GenomeWideSNP_6_G11_896582	9	136694587	136694981	2	-1.1756
LIGER_p_TCGA_166_180_SNP_N_GenomeWideSNP_6_G11_896582	9	136696272	137075265	90	0.1431
LIGER_p_TCGA_166_180_SNP_N_GenomeWideSNP_6_G11_896582	9	137075517	137398484	39	0.4106
LIGER_p_TCGA_166_180_SNP_N_GenomeWideSNP_6_G11_896582	9	137404575	138044505	233	0.2084
LIGER_p_TCGA_166_180_SNP_N_GenomeWideSNP_6_G11_896582	10	366509	5059734	3093	-0.0851
LIGER_p_TCGA_166_180_SNP_N_GenomeWideSNP_6_G11_896582	10	5059747	7862260	2084	-0.1379
LIGER_p_TCGA_166_180_SNP_N_GenomeWideSNP_6_G11_896582	10	7862381	11410328	2771	-0.0781
LIGER_p_TCGA_166_180_SNP_N_GenomeWideSNP_6_G11_896582	10	11411743	13633935	1533	-0.1526
LIGER_p_TCGA_166_180_SNP_N_GenomeWideSNP_6_G11_896582	10	13635340	16866132	2621	-0.1053
LIGER_p_TCGA_166_180_SNP_N_GenomeWideSNP_6_G11_896582	10	16868458	17008964	152	0.2469
LIGER_p_TCGA_166_180_SNP_N_GenomeWideSNP_6_G11_896582	10	17013933	26083653	6019	-0.0761
LIGER_p_TCGA_166_180_SNP_N_GenomeWideSNP_6_G11_896582	10	26083798	33256582	4903	-0.1208
LIGER_p_TCGA_166_180_SNP_N_GenomeWideSNP_6_G11_896582	10	33258537	37227199	2446	-0.072
LIGER_p_TCGA_166_180_SNP_N_GenomeWideSNP_6_G11_896582	10	37230896	50843482	4251	-0.118
LIGER_p_TCGA_166_180_SNP_N_GenomeWideSNP_6_G11_896582	10	50843555	51877789	756	-0.0536
LIGER_p_TCGA_166_180_SNP_N_GenomeWideSNP_6_G11_896582	10	51878052	52078400	196	-0.5772
LIGER_p_TCGA_166_180_SNP_N_GenomeWideSNP_6_G11_896582	10	52079952	52289599	174	-1.4023
LIGER_p_TCGA_166_180_SNP_N_GenomeWideSNP_6_G11_896582	10	52289627	52311582	12	-0.4049
LIGER_p_TCGA_166_180_SNP_N_GenomeWideSNP_6_G11_896582	10	52311959	52326124	8	-0.9283
LIGER_p_TCGA_166_180_SNP_N_GenomeWideSNP_6_G11_896582	10	52326693	59775639	4367	-0.042
LIGER_p_TCGA_166_180_SNP_N_GenomeWideSNP_6_G11_896582	10	59776397	64459083	3041	-0.0873
LIGER_p_TCGA_166_180_SNP_N_GenomeWideSNP_6_G11_896582	10	64462681	67734020	1711	-0.0468
LIGER_p_TCGA_166_180_SNP_N_GenomeWideSNP_6_G11_896582	10	67734277	75292499	4236	-0.1571
LIGER_p_TCGA_166_180_SNP_N_GenomeWideSNP_6_G11_896582	10	75292859	87912224	8318	-0.0863
LIGER_p_TCGA_166_180_SNP_N_GenomeWideSNP_6_G11_896582	10	87914353	88519087	489	0.1567
LIGER_p_TCGA_166_180_SNP_N_GenomeWideSNP_6_G11_896582	10	88519615	95651923	4233	-0.0975
LIGER_p_TCGA_166_180_SNP_N_GenomeWideSNP_6_G11_896582	10	95653307	103886942	4550	-0.1542
LIGER_p_TCGA_166_180_SNP_N_GenomeWideSNP_6_G11_896582	10	103887337	106199630	1589	-0.1011
LIGER_p_TCGA_166_180_SNP_N_GenomeWideSNP_6_G11_896582	10	106202234	109921653	2439	-0.0583
LIGER_p_TCGA_166_180_SNP_N_GenomeWideSNP_6_G11_896582	10	109924940	109994184	45	0.2249
LIGER_p_TCGA_166_180_SNP_N_GenomeWideSNP_6_G11_896582	10	109995029	112919773	2028	-0.118
LIGER_p_TCGA_166_180_SNP_N_GenomeWideSNP_6_G11_896582	10	112927946	112958782	13	-0.6297
LIGER_p_TCGA_166_180_SNP_N_GenomeWideSNP_6_G11_896582	10	112959241	113336731	252	-0.1196
LIGER_p_TCGA_166_180_SNP_N_GenomeWideSNP_6_G11_896582	10	113337791	115000751	1204	0.258
LIGER_p_TCGA_166_180_SNP_N_GenomeWideSNP_6_G11_896582	10	115003468	116499451	1014	-0.041
LIGER_p_TCGA_166_180_SNP_N_GenomeWideSNP_6_G11_896582	10	116499530	119743621	2151	-0.1084
LIGER_p_TCGA_166_180_SNP_N_GenomeWideSNP_6_G11_896582	10	119744931	119972279	116	0.4764
LIGER_p_TCGA_166_180_SNP_N_GenomeWideSNP_6_G11_896582	10	119976981	133411599	8641	-0.0953
LIGER_p_TCGA_166_180_SNP_N_GenomeWideSNP_6_G11_896582	11	456012	3750543	1127	0.175
LIGER_p_TCGA_166_180_SNP_N_GenomeWideSNP_6_G11_896582	11	3752997	19212155	10596	0.2677
LIGER_p_TCGA_166_180_SNP_N_GenomeWideSNP_6_G11_896582	11	19212410	19327822	92	0.1925
LIGER_p_TCGA_166_180_SNP_N_GenomeWideSNP_6_G11_896582	11	19328388	32361674	8750	0.3127
LIGER_p_TCGA_166_180_SNP_N_GenomeWideSNP_6_G11_896582	11	32362484	34919574	1630	0.2403
LIGER_p_TCGA_166_180_SNP_N_GenomeWideSNP_6_G11_896582	11	34920766	35424981	506	0.4947
LIGER_p_TCGA_166_180_SNP_N_GenomeWideSNP_6_G11_896582	11	35429922	36870521	1057	0.2725
LIGER_p_TCGA_166_180_SNP_N_GenomeWideSNP_6_G11_896582	11	36870602	42129757	2871	0.3408
LIGER_p_TCGA_166_180_SNP_N_GenomeWideSNP_6_G11_896582	11	42131808	43690840	1061	0.2951
LIGER_p_TCGA_166_180_SNP_N_GenomeWideSNP_6_G11_896582	11	43691709	49428344	2835	0.2255
LIGER_p_TCGA_166_180_SNP_N_GenomeWideSNP_6_G11_896582	11	49428804	49437667	4	1.7631
LIGER_p_TCGA_166_180_SNP_N_GenomeWideSNP_6_G11_896582	11	49440815	49452002	8	0.0159
LIGER_p_TCGA_166_180_SNP_N_GenomeWideSNP_6_G11_896582	11	49455624	49455714	2	3.3424
LIGER_p_TCGA_166_180_SNP_N_GenomeWideSNP_6_G11_896582	11	49456156	56399240	330	0.3697
LIGER_p_TCGA_166_180_SNP_N_GenomeWideSNP_6_G11_896582	11	56404258	60727289	2460	-0.6115
LIGER_p_TCGA_166_180_SNP_N_GenomeWideSNP_6_G11_896582	11	60728348	67473110	2527	-0.68
LIGER_p_TCGA_166_180_SNP_N_GenomeWideSNP_6_G11_896582	11	67483658	68800436	377	2.0416
LIGER_p_TCGA_166_180_SNP_N_GenomeWideSNP_6_G11_896582	11	68802174	70844585	1192	2.2443
LIGER_p_TCGA_166_180_SNP_N_GenomeWideSNP_6_G11_896582	11	70849532	70908815	36	0.8746
LIGER_p_TCGA_166_180_SNP_N_GenomeWideSNP_6_G11_896582	11	70912479	71203273	95	2.3019
LIGER_p_TCGA_166_180_SNP_N_GenomeWideSNP_6_G11_896582	11	71203731	71270001	40	2.7995
LIGER_p_TCGA_166_180_SNP_N_GenomeWideSNP_6_G11_896582	11	71271279	71358252	89	2.1983
LIGER_p_TCGA_166_180_SNP_N_GenomeWideSNP_6_G11_896582	11	71359921	71369152	7	0.8442
LIGER_p_TCGA_166_180_SNP_N_GenomeWideSNP_6_G11_896582	11	71371763	71408187	36	0.514
LIGER_p_TCGA_166_180_SNP_N_GenomeWideSNP_6_G11_896582	11	71412538	71419232	9	0.2693
LIGER_p_TCGA_166_180_SNP_N_GenomeWideSNP_6_G11_896582	11	71421584	71423920	6	2.1672
LIGER_p_TCGA_166_180_SNP_N_GenomeWideSNP_6_G11_896582	11	71429110	71960833	208	0.4467
LIGER_p_TCGA_166_180_SNP_N_GenomeWideSNP_6_G11_896582	11	71965986	71978553	11	2.4161
LIGER_p_TCGA_166_180_SNP_N_GenomeWideSNP_6_G11_896582	11	71986203	72640243	304	0.4239
LIGER_p_TCGA_166_180_SNP_N_GenomeWideSNP_6_G11_896582	11	72640771	73107274	193	-0.1618
LIGER_p_TCGA_166_180_SNP_N_GenomeWideSNP_6_G11_896582	11	73115530	73483018	180	0.4781
LIGER_p_TCGA_166_180_SNP_N_GenomeWideSNP_6_G11_896582	11	73487042	73513876	14	2.3537
LIGER_p_TCGA_166_180_SNP_N_GenomeWideSNP_6_G11_896582	11	73516885	73549246	15	0.3851
LIGER_p_TCGA_166_180_SNP_N_GenomeWideSNP_6_G11_896582	11	73554960	73635857	39	2.1014
LIGER_p_TCGA_166_180_SNP_N_GenomeWideSNP_6_G11_896582	11	73640240	73896042	137	0.5298
LIGER_p_TCGA_166_180_SNP_N_GenomeWideSNP_6_G11_896582	11	73900081	74148894	124	2.3978
LIGER_p_TCGA_166_180_SNP_N_GenomeWideSNP_6_G11_896582	11	74149970	74182055	20	0.4486
LIGER_p_TCGA_166_180_SNP_N_GenomeWideSNP_6_G11_896582	11	74184435	74305188	62	2.6264
LIGER_p_TCGA_166_180_SNP_N_GenomeWideSNP_6_G11_896582	11	74306274	74329450	7	0.5186
LIGER_p_TCGA_166_180_SNP_N_GenomeWideSNP_6_G11_896582	11	74332663	74555027	158	2.2696
LIGER_p_TCGA_166_180_SNP_N_GenomeWideSNP_6_G11_896582	11	74557776	74827360	165	0.468
LIGER_p_TCGA_166_180_SNP_N_GenomeWideSNP_6_G11_896582	11	74828526	74837785	8	2.5996
LIGER_p_TCGA_166_180_SNP_N_GenomeWideSNP_6_G11_896582	11	74838562	75704776	480	0.4603
LIGER_p_TCGA_166_180_SNP_N_GenomeWideSNP_6_G11_896582	11	75704895	75707773	4	2.4638
LIGER_p_TCGA_166_180_SNP_N_GenomeWideSNP_6_G11_896582	11	75710495	75884431	111	0.4992
LIGER_p_TCGA_166_180_SNP_N_GenomeWideSNP_6_G11_896582	11	75894897	75945080	20	2.7367
LIGER_p_TCGA_166_180_SNP_N_GenomeWideSNP_6_G11_896582	11	75947335	76007569	22	0.4909
LIGER_p_TCGA_166_180_SNP_N_GenomeWideSNP_6_G11_896582	11	76018848	76112073	42	2.6445
LIGER_p_TCGA_166_180_SNP_N_GenomeWideSNP_6_G11_896582	11	76121828	76398246	161	0.4709
LIGER_p_TCGA_166_180_SNP_N_GenomeWideSNP_6_G11_896582	11	76400875	76436053	26	2.5003
LIGER_p_TCGA_166_180_SNP_N_GenomeWideSNP_6_G11_896582	11	76437238	77126506	393	1.5624
LIGER_p_TCGA_166_180_SNP_N_GenomeWideSNP_6_G11_896582	11	77136867	78334025	603	2.8376
LIGER_p_TCGA_166_180_SNP_N_GenomeWideSNP_6_G11_896582	11	78334374	78643824	171	3.0935
LIGER_p_TCGA_166_180_SNP_N_GenomeWideSNP_6_G11_896582	11	78644167	79343945	611	2.8169
LIGER_p_TCGA_166_180_SNP_N_GenomeWideSNP_6_G11_896582	11	79346534	83365128	2654	-0.5823
LIGER_p_TCGA_166_180_SNP_N_GenomeWideSNP_6_G11_896582	11	83369399	83373962	4	-2.8345
LIGER_p_TCGA_166_180_SNP_N_GenomeWideSNP_6_G11_896582	11	83381106	84955791	868	-0.5733
LIGER_p_TCGA_166_180_SNP_N_GenomeWideSNP_6_G11_896582	11	84956473	84959382	5	2.3598
LIGER_p_TCGA_166_180_SNP_N_GenomeWideSNP_6_G11_896582	11	84964051	86330310	785	-0.5702
LIGER_p_TCGA_166_180_SNP_N_GenomeWideSNP_6_G11_896582	11	86334671	86365472	19	3.4786
LIGER_p_TCGA_166_180_SNP_N_GenomeWideSNP_6_G11_896582	11	86373968	87519086	835	2.8604
LIGER_p_TCGA_166_180_SNP_N_GenomeWideSNP_6_G11_896582	11	87519514	88022785	299	3.1545
LIGER_p_TCGA_166_180_SNP_N_GenomeWideSNP_6_G11_896582	11	88033568	88181164	129	2.4574
LIGER_p_TCGA_166_180_SNP_N_GenomeWideSNP_6_G11_896582	11	88181808	88224269	38	2.9001
LIGER_p_TCGA_166_180_SNP_N_GenomeWideSNP_6_G11_896582	11	88224653	88234037	14	2.0252
LIGER_p_TCGA_166_180_SNP_N_GenomeWideSNP_6_G11_896582	11	88239811	88321664	52	2.9179
LIGER_p_TCGA_166_180_SNP_N_GenomeWideSNP_6_G11_896582	11	88324087	88542679	134	2.3064
LIGER_p_TCGA_166_180_SNP_N_GenomeWideSNP_6_G11_896582	11	88548749	88862068	230	2.7911
LIGER_p_TCGA_166_180_SNP_N_GenomeWideSNP_6_G11_896582	11	88863476	89249550	201	2.3445
LIGER_p_TCGA_166_180_SNP_N_GenomeWideSNP_6_G11_896582	11	89249904	89329276	41	3.0145
LIGER_p_TCGA_166_180_SNP_N_GenomeWideSNP_6_G11_896582	11	89338206	92496156	1691	-0.5335
LIGER_p_TCGA_166_180_SNP_N_GenomeWideSNP_6_G11_896582	11	92496319	96471808	2559	-0.6069
LIGER_p_TCGA_166_180_SNP_N_GenomeWideSNP_6_G11_896582	11	96473562	101103372	3208	-0.5265
LIGER_p_TCGA_166_180_SNP_N_GenomeWideSNP_6_G11_896582	11	101107231	101144391	61	2.51
LIGER_p_TCGA_166_180_SNP_N_GenomeWideSNP_6_G11_896582	11	101148866	101223584	54	2.9402
LIGER_p_TCGA_166_180_SNP_N_GenomeWideSNP_6_G11_896582	11	101224043	101735389	367	2.3701
LIGER_p_TCGA_166_180_SNP_N_GenomeWideSNP_6_G11_896582	11	101741911	101761202	12	-0.5226
LIGER_p_TCGA_166_180_SNP_N_GenomeWideSNP_6_G11_896582	11	101761921	103382261	908	0.2813
LIGER_p_TCGA_166_180_SNP_N_GenomeWideSNP_6_G11_896582	11	103382625	111207673	4556	-0.5704
LIGER_p_TCGA_166_180_SNP_N_GenomeWideSNP_6_G11_896582	11	111207691	126726851	10828	-0.6249
LIGER_p_TCGA_166_180_SNP_N_GenomeWideSNP_6_G11_896582	11	126726922	128461728	1309	-0.5897
LIGER_p_TCGA_166_180_SNP_N_GenomeWideSNP_6_G11_896582	11	128467731	128490706	101	-1.3789
LIGER_p_TCGA_166_180_SNP_N_GenomeWideSNP_6_G11_896582	11	128491274	128517527	80	-3.4135
LIGER_p_TCGA_166_180_SNP_N_GenomeWideSNP_6_G11_896582	11	128518826	134272740	3586	-1.5388
LIGER_p_TCGA_166_180_SNP_N_GenomeWideSNP_6_G11_896582	12	780472	4859962	2316	0.2138
LIGER_p_TCGA_166_180_SNP_N_GenomeWideSNP_6_G11_896582	12	4862635	5784892	889	0.2757
LIGER_p_TCGA_166_180_SNP_N_GenomeWideSNP_6_G11_896582	12	5785278	13265559	3653	0.204
LIGER_p_TCGA_166_180_SNP_N_GenomeWideSNP_6_G11_896582	12	13265628	13784386	549	0.2927
LIGER_p_TCGA_166_180_SNP_N_GenomeWideSNP_6_G11_896582	12	13785376	15046502	752	0.2173
LIGER_p_TCGA_166_180_SNP_N_GenomeWideSNP_6_G11_896582	12	15046705	24501245	5905	0.3012
LIGER_p_TCGA_166_180_SNP_N_GenomeWideSNP_6_G11_896582	12	24503722	28055868	2290	0.2564
LIGER_p_TCGA_166_180_SNP_N_GenomeWideSNP_6_G11_896582	12	28055974	28803391	417	0.3127
LIGER_p_TCGA_166_180_SNP_N_GenomeWideSNP_6_G11_896582	12	28811826	28850776	41	-0.0117
LIGER_p_TCGA_166_180_SNP_N_GenomeWideSNP_6_G11_896582	12	28855126	28887274	40	0.5206
LIGER_p_TCGA_166_180_SNP_N_GenomeWideSNP_6_G11_896582	12	28895612	29235839	252	-0.0908
LIGER_p_TCGA_166_180_SNP_N_GenomeWideSNP_6_G11_896582	12	29239070	29652421	278	0.5801
LIGER_p_TCGA_166_180_SNP_N_GenomeWideSNP_6_G11_896582	12	29655749	31055416	1093	0.922
LIGER_p_TCGA_166_180_SNP_N_GenomeWideSNP_6_G11_896582	12	31056282	39009096	1378	1.0111
LIGER_p_TCGA_166_180_SNP_N_GenomeWideSNP_6_G11_896582	12	39009779	45873433	3822	0.9146
LIGER_p_TCGA_166_180_SNP_N_GenomeWideSNP_6_G11_896582	12	45876628	45882301	6	0.5145
LIGER_p_TCGA_166_180_SNP_N_GenomeWideSNP_6_G11_896582	12	45890851	48639284	1598	0.8396
LIGER_p_TCGA_166_180_SNP_N_GenomeWideSNP_6_G11_896582	12	48640543	50162446	678	0.7556
LIGER_p_TCGA_166_180_SNP_N_GenomeWideSNP_6_G11_896582	12	50164060	55366592	2799	0.4431
LIGER_p_TCGA_166_180_SNP_N_GenomeWideSNP_6_G11_896582	12	55368735	56046285	333	0.6603
LIGER_p_TCGA_166_180_SNP_N_GenomeWideSNP_6_G11_896582	12	56052259	57484947	685	0.4059
LIGER_p_TCGA_166_180_SNP_N_GenomeWideSNP_6_G11_896582	12	57492826	57801279	145	0.6287
LIGER_p_TCGA_166_180_SNP_N_GenomeWideSNP_6_G11_896582	12	57806572	58382914	389	0.7272
LIGER_p_TCGA_166_180_SNP_N_GenomeWideSNP_6_G11_896582	12	58385654	61972883	2239	0.5684
LIGER_p_TCGA_166_180_SNP_N_GenomeWideSNP_6_G11_896582	12	61973285	72270541	6538	0.5168
LIGER_p_TCGA_166_180_SNP_N_GenomeWideSNP_6_G11_896582	12	72275515	89011810	9792	0.5771
LIGER_p_TCGA_166_180_SNP_N_GenomeWideSNP_6_G11_896582	12	89013922	90164801	663	0.4934
LIGER_p_TCGA_166_180_SNP_N_GenomeWideSNP_6_G11_896582	12	90167130	91500405	844	0.5659
LIGER_p_TCGA_166_180_SNP_N_GenomeWideSNP_6_G11_896582	12	91500439	96734447	3539	0.4865
LIGER_p_TCGA_166_180_SNP_N_GenomeWideSNP_6_G11_896582	12	96734867	100238019	2238	0.539
LIGER_p_TCGA_166_180_SNP_N_GenomeWideSNP_6_G11_896582	12	100238059	102501924	1365	0.2526
LIGER_p_TCGA_166_180_SNP_N_GenomeWideSNP_6_G11_896582	12	102503986	103592089	703	0.3044
LIGER_p_TCGA_166_180_SNP_N_GenomeWideSNP_6_G11_896582	12	103592373	108392660	3373	0.238
LIGER_p_TCGA_166_180_SNP_N_GenomeWideSNP_6_G11_896582	12	108392757	112755731	2232	0.1679
LIGER_p_TCGA_166_180_SNP_N_GenomeWideSNP_6_G11_896582	12	112755840	114201170	757	0.2174
LIGER_p_TCGA_166_180_SNP_N_GenomeWideSNP_6_G11_896582	12	114202913	116047504	1464	0.2782
LIGER_p_TCGA_166_180_SNP_N_GenomeWideSNP_6_G11_896582	12	116049047	120137596	2586	0.2283
LIGER_p_TCGA_166_180_SNP_N_GenomeWideSNP_6_G11_896582	12	120138277	123458038	1464	0.143
LIGER_p_TCGA_166_180_SNP_N_GenomeWideSNP_6_G11_896582	12	123460388	123722551	73	0.4282
LIGER_p_TCGA_166_180_SNP_N_GenomeWideSNP_6_G11_896582	12	123722841	125338888	1030	0.2088
LIGER_p_TCGA_166_180_SNP_N_GenomeWideSNP_6_G11_896582	12	125339402	128501921	1797	0.2924
LIGER_p_TCGA_166_180_SNP_N_GenomeWideSNP_6_G11_896582	12	128502804	132605822	1506	0.2349
LIGER_p_TCGA_166_180_SNP_N_GenomeWideSNP_6_G11_896582	13	18874255	30950488	7315	-0.6083
LIGER_p_TCGA_166_180_SNP_N_GenomeWideSNP_6_G11_896582	13	30950953	31318893	235	-0.2766
LIGER_p_TCGA_166_180_SNP_N_GenomeWideSNP_6_G11_896582	13	31322555	33743334	1617	-0.5767
LIGER_p_TCGA_166_180_SNP_N_GenomeWideSNP_6_G11_896582	13	33743710	33744147	3	-2.3592
LIGER_p_TCGA_166_180_SNP_N_GenomeWideSNP_6_G11_896582	13	33744468	53274392	11648	-0.5811
LIGER_p_TCGA_166_180_SNP_N_GenomeWideSNP_6_G11_896582	13	53276802	71513622	9018	-0.5148
LIGER_p_TCGA_166_180_SNP_N_GenomeWideSNP_6_G11_896582	13	71514745	80844423	6217	-0.5714
LIGER_p_TCGA_166_180_SNP_N_GenomeWideSNP_6_G11_896582	13	80851514	80867133	9	-1.5222
LIGER_p_TCGA_166_180_SNP_N_GenomeWideSNP_6_G11_896582	13	80869554	80936504	45	-0.5634
LIGER_p_TCGA_166_180_SNP_N_GenomeWideSNP_6_G11_896582	13	80937238	97573472	9838	-0.5315
LIGER_p_TCGA_166_180_SNP_N_GenomeWideSNP_6_G11_896582	13	97577497	107963612	7190	-0.5755
LIGER_p_TCGA_166_180_SNP_N_GenomeWideSNP_6_G11_896582	13	107971255	108074801	76	-1.5307
LIGER_p_TCGA_166_180_SNP_N_GenomeWideSNP_6_G11_896582	13	108081667	114226675	3740	-0.6045
LIGER_p_TCGA_166_180_SNP_N_GenomeWideSNP_6_G11_896582	14	20033191	25060927	2156	-0.1357
LIGER_p_TCGA_166_180_SNP_N_GenomeWideSNP_6_G11_896582	14	25061213	34040087	5517	-0.0539
LIGER_p_TCGA_166_180_SNP_N_GenomeWideSNP_6_G11_896582	14	34041240	35558200	717	-0.1338
LIGER_p_TCGA_166_180_SNP_N_GenomeWideSNP_6_G11_896582	14	35566472	36406283	508	0.2734
LIGER_p_TCGA_166_180_SNP_N_GenomeWideSNP_6_G11_896582	14	36406523	47391946	5146	-0.0524
LIGER_p_TCGA_166_180_SNP_N_GenomeWideSNP_6_G11_896582	14	47394289	47549757	120	-0.5186
LIGER_p_TCGA_166_180_SNP_N_GenomeWideSNP_6_G11_896582	14	47551267	49549470	1081	-0.0585
LIGER_p_TCGA_166_180_SNP_N_GenomeWideSNP_6_G11_896582	14	49550573	52489474	1951	-0.1196
LIGER_p_TCGA_166_180_SNP_N_GenomeWideSNP_6_G11_896582	14	52489736	52492760	2	-1.6892
LIGER_p_TCGA_166_180_SNP_N_GenomeWideSNP_6_G11_896582	14	52493704	54519676	1256	-0.0847
LIGER_p_TCGA_166_180_SNP_N_GenomeWideSNP_6_G11_896582	14	54523275	56297168	1178	-0.1391
LIGER_p_TCGA_166_180_SNP_N_GenomeWideSNP_6_G11_896582	14	56302126	58602827	1490	-0.0827
LIGER_p_TCGA_166_180_SNP_N_GenomeWideSNP_6_G11_896582	14	58607133	58607418	2	-1.3807
LIGER_p_TCGA_166_180_SNP_N_GenomeWideSNP_6_G11_896582	14	58608402	61458017	1716	-0.0918
LIGER_p_TCGA_166_180_SNP_N_GenomeWideSNP_6_G11_896582	14	61459459	67714516	3678	-0.5858
LIGER_p_TCGA_166_180_SNP_N_GenomeWideSNP_6_G11_896582	14	67715472	68236856	243	-0.113
LIGER_p_TCGA_166_180_SNP_N_GenomeWideSNP_6_G11_896582	14	68237212	78270032	6372	-0.6398
LIGER_p_TCGA_166_180_SNP_N_GenomeWideSNP_6_G11_896582	14	78271400	87811667	6138	-0.5501
LIGER_p_TCGA_166_180_SNP_N_GenomeWideSNP_6_G11_896582	14	87817209	105533894	10497	-0.6412
LIGER_p_TCGA_166_180_SNP_N_GenomeWideSNP_6_G11_896582	15	23437561	31271976	3011	-0.5846
LIGER_p_TCGA_166_180_SNP_N_GenomeWideSNP_6_G11_896582	15	31274775	31342540	40	-4.0243
LIGER_p_TCGA_166_180_SNP_N_GenomeWideSNP_6_G11_896582	15	31345793	38677815	4336	-0.5718
LIGER_p_TCGA_166_180_SNP_N_GenomeWideSNP_6_G11_896582	15	38679299	45747853	3522	-0.6422
LIGER_p_TCGA_166_180_SNP_N_GenomeWideSNP_6_G11_896582	15	45748950	46015431	193	-0.5593
LIGER_p_TCGA_166_180_SNP_N_GenomeWideSNP_6_G11_896582	15	46022264	46119551	51	2.3572
LIGER_p_TCGA_166_180_SNP_N_GenomeWideSNP_6_G11_896582	15	46120988	46743802	430	-0.5552
LIGER_p_TCGA_166_180_SNP_N_GenomeWideSNP_6_G11_896582	15	46754082	47291472	309	2.4281
LIGER_p_TCGA_166_180_SNP_N_GenomeWideSNP_6_G11_896582	15	47294583	48037345	599	2.2744
LIGER_p_TCGA_166_180_SNP_N_GenomeWideSNP_6_G11_896582	15	48037502	48403187	184	2.467
LIGER_p_TCGA_166_180_SNP_N_GenomeWideSNP_6_G11_896582	15	48410396	49175220	524	0.5769
LIGER_p_TCGA_166_180_SNP_N_GenomeWideSNP_6_G11_896582	15	49178673	49369932	80	1.5404
LIGER_p_TCGA_166_180_SNP_N_GenomeWideSNP_6_G11_896582	15	49380383	50152627	476	2.0835
LIGER_p_TCGA_166_180_SNP_N_GenomeWideSNP_6_G11_896582	15	50152837	50545280	208	2.5195
LIGER_p_TCGA_166_180_SNP_N_GenomeWideSNP_6_G11_896582	15	50546548	50698969	78	1.914
LIGER_p_TCGA_166_180_SNP_N_GenomeWideSNP_6_G11_896582	15	50704027	50867638	69	2.6862
LIGER_p_TCGA_166_180_SNP_N_GenomeWideSNP_6_G11_896582	15	50868358	51904838	630	1.9514
LIGER_p_TCGA_166_180_SNP_N_GenomeWideSNP_6_G11_896582	15	51906699	52472381	337	2.1966
LIGER_p_TCGA_166_180_SNP_N_GenomeWideSNP_6_G11_896582	15	52480019	54646513	1638	0.3234
LIGER_p_TCGA_166_180_SNP_N_GenomeWideSNP_6_G11_896582	15	54657303	54664510	15	2.0763
LIGER_p_TCGA_166_180_SNP_N_GenomeWideSNP_6_G11_896582	15	54664982	54696622	19	2.7069
LIGER_p_TCGA_166_180_SNP_N_GenomeWideSNP_6_G11_896582	15	54705032	54848374	109	0.297
LIGER_p_TCGA_166_180_SNP_N_GenomeWideSNP_6_G11_896582	15	54850586	55151703	231	2.3071
LIGER_p_TCGA_166_180_SNP_N_GenomeWideSNP_6_G11_896582	15	55157074	55316772	105	0.2685
LIGER_p_TCGA_166_180_SNP_N_GenomeWideSNP_6_G11_896582	15	55323669	55355842	13	2.3502
LIGER_p_TCGA_166_180_SNP_N_GenomeWideSNP_6_G11_896582	15	55365756	62644631	4972	0.2905
LIGER_p_TCGA_166_180_SNP_N_GenomeWideSNP_6_G11_896582	15	62645970	62777615	100	0.5141
LIGER_p_TCGA_166_180_SNP_N_GenomeWideSNP_6_G11_896582	15	62778651	63340576	420	0.2735
LIGER_p_TCGA_166_180_SNP_N_GenomeWideSNP_6_G11_896582	15	63341039	67045596	2058	0.2054
LIGER_p_TCGA_166_180_SNP_N_GenomeWideSNP_6_G11_896582	15	67048893	67140504	83	0.5379
LIGER_p_TCGA_166_180_SNP_N_GenomeWideSNP_6_G11_896582	15	67142737	70837110	2357	0.2363
LIGER_p_TCGA_166_180_SNP_N_GenomeWideSNP_6_G11_896582	15	70839947	71393895	301	0.2972
LIGER_p_TCGA_166_180_SNP_N_GenomeWideSNP_6_G11_896582	15	71394798	71784649	334	0.5393
LIGER_p_TCGA_166_180_SNP_N_GenomeWideSNP_6_G11_896582	15	71785308	72372641	261	0.7209
LIGER_p_TCGA_166_180_SNP_N_GenomeWideSNP_6_G11_896582	15	72374083	73902785	808	0.5155
LIGER_p_TCGA_166_180_SNP_N_GenomeWideSNP_6_G11_896582	15	73903012	76706647	1320	0.212
LIGER_p_TCGA_166_180_SNP_N_GenomeWideSNP_6_G11_896582	15	76709433	77297193	214	0.5068
LIGER_p_TCGA_166_180_SNP_N_GenomeWideSNP_6_G11_896582	15	77306322	77511318	97	0.263
LIGER_p_TCGA_166_180_SNP_N_GenomeWideSNP_6_G11_896582	15	77511370	77546407	26	0.0584
LIGER_p_TCGA_166_180_SNP_N_GenomeWideSNP_6_G11_896582	15	77547219	86103947	4643	-0.0856
LIGER_p_TCGA_166_180_SNP_N_GenomeWideSNP_6_G11_896582	15	86104574	87472382	1050	-0.0282
LIGER_p_TCGA_166_180_SNP_N_GenomeWideSNP_6_G11_896582	15	87472478	87472495	2	-1.472
LIGER_p_TCGA_166_180_SNP_N_GenomeWideSNP_6_G11_896582	15	87472755	87709084	121	-0.0087
LIGER_p_TCGA_166_180_SNP_N_GenomeWideSNP_6_G11_896582	15	87712365	87968616	206	0.4405
LIGER_p_TCGA_166_180_SNP_N_GenomeWideSNP_6_G11_896582	15	87969337	88008905	19	0.1692
LIGER_p_TCGA_166_180_SNP_N_GenomeWideSNP_6_G11_896582	15	88011321	88240512	179	0.4059
LIGER_p_TCGA_166_180_SNP_N_GenomeWideSNP_6_G11_896582	15	88241008	90036632	1075	0.6526
LIGER_p_TCGA_166_180_SNP_N_GenomeWideSNP_6_G11_896582	15	90039906	90817292	425	0.8031
LIGER_p_TCGA_166_180_SNP_N_GenomeWideSNP_6_G11_896582	15	90820073	94000921	1976	0.4954
LIGER_p_TCGA_166_180_SNP_N_GenomeWideSNP_6_G11_896582	15	94002274	98661796	3249	0.579
LIGER_p_TCGA_166_180_SNP_N_GenomeWideSNP_6_G11_896582	15	98662924	101107457	1210	0.5139
LIGER_p_TCGA_166_180_SNP_N_GenomeWideSNP_6_G11_896582	15	101166236	101344124	129	0.7104
LIGER_p_TCGA_166_180_SNP_N_GenomeWideSNP_6_G11_896582	16	603333	866122	45	0.1789
LIGER_p_TCGA_166_180_SNP_N_GenomeWideSNP_6_G11_896582	16	881686	5322534	1755	-0.1886
LIGER_p_TCGA_166_180_SNP_N_GenomeWideSNP_6_G11_896582	16	5322830	8808920	2205	-0.0607
LIGER_p_TCGA_166_180_SNP_N_GenomeWideSNP_6_G11_896582	16	8808930	10755095	1483	-0.1086
LIGER_p_TCGA_166_180_SNP_N_GenomeWideSNP_6_G11_896582	16	10755416	12097072	827	-0.1863
LIGER_p_TCGA_166_180_SNP_N_GenomeWideSNP_6_G11_896582	16	12101266	12984044	765	-0.1301
LIGER_p_TCGA_166_180_SNP_N_GenomeWideSNP_6_G11_896582	16	12984154	14403593	1066	-0.0624
LIGER_p_TCGA_166_180_SNP_N_GenomeWideSNP_6_G11_896582	16	14405306	25481960	3207	-0.1324
LIGER_p_TCGA_166_180_SNP_N_GenomeWideSNP_6_G11_896582	16	25483023	27123666	1312	-0.0842
LIGER_p_TCGA_166_180_SNP_N_GenomeWideSNP_6_G11_896582	16	27123776	46473753	1417	-0.1844
LIGER_p_TCGA_166_180_SNP_N_GenomeWideSNP_6_G11_896582	16	46474548	57165519	7113	-0.58
LIGER_p_TCGA_166_180_SNP_N_GenomeWideSNP_6_G11_896582	16	57165585	57168022	3	-2.4931
LIGER_p_TCGA_166_180_SNP_N_GenomeWideSNP_6_G11_896582	16	57169239	59042572	1120	-0.6484
LIGER_p_TCGA_166_180_SNP_N_GenomeWideSNP_6_G11_896582	16	59043922	65783530	4354	-0.524
LIGER_p_TCGA_166_180_SNP_N_GenomeWideSNP_6_G11_896582	16	65785658	75411777	4838	-0.6141
LIGER_p_TCGA_166_180_SNP_N_GenomeWideSNP_6_G11_896582	16	75413760	76879616	887	-0.5276
LIGER_p_TCGA_166_180_SNP_N_GenomeWideSNP_6_G11_896582	16	76879667	87646548	8444	-0.6191
LIGER_p_TCGA_166_180_SNP_N_GenomeWideSNP_6_G11_896582	16	87650342	88209918	243	-0.7783
LIGER_p_TCGA_166_180_SNP_N_GenomeWideSNP_6_G11_896582	16	88213851	89317317	139	-0.6178
LIGER_p_TCGA_166_180_SNP_N_GenomeWideSNP_6_G11_896582	17	1074619	1121190	14	-0.28
LIGER_p_TCGA_166_180_SNP_N_GenomeWideSNP_6_G11_896582	17	1121408	1407982	78	0.0377
LIGER_p_TCGA_166_180_SNP_N_GenomeWideSNP_6_G11_896582	17	1420622	2974709	698	-0.3558
LIGER_p_TCGA_166_180_SNP_N_GenomeWideSNP_6_G11_896582	17	2974928	3216577	109	0.0625
LIGER_p_TCGA_166_180_SNP_N_GenomeWideSNP_6_G11_896582	17	3216886	8521166	2690	-0.3312
LIGER_p_TCGA_166_180_SNP_N_GenomeWideSNP_6_G11_896582	17	8524830	10770042	1453	-0.9195
LIGER_p_TCGA_166_180_SNP_N_GenomeWideSNP_6_G11_896582	17	10777573	11185889	321	-0.227
LIGER_p_TCGA_166_180_SNP_N_GenomeWideSNP_6_G11_896582	17	11187954	15685870	2197	-0.8587
LIGER_p_TCGA_166_180_SNP_N_GenomeWideSNP_6_G11_896582	17	15778279	26943491	2201	-0.6476
LIGER_p_TCGA_166_180_SNP_N_GenomeWideSNP_6_G11_896582	17	26943774	29504782	1169	0.4325
LIGER_p_TCGA_166_180_SNP_N_GenomeWideSNP_6_G11_896582	17	29510449	30079278	228	0.8009
LIGER_p_TCGA_166_180_SNP_N_GenomeWideSNP_6_G11_896582	17	30083754	30098597	9	0.5412
LIGER_p_TCGA_166_180_SNP_N_GenomeWideSNP_6_G11_896582	17	30098734	35676861	2538	-0.6484
LIGER_p_TCGA_166_180_SNP_N_GenomeWideSNP_6_G11_896582	17	35687188	36067159	236	-0.1961
LIGER_p_TCGA_166_180_SNP_N_GenomeWideSNP_6_G11_896582	17	36567187	43437078	3140	-0.6634
LIGER_p_TCGA_166_180_SNP_N_GenomeWideSNP_6_G11_896582	17	43444725	44285139	456	-1.4208
LIGER_p_TCGA_166_180_SNP_N_GenomeWideSNP_6_G11_896582	17	44285591	44313285	6	-0.4116
LIGER_p_TCGA_166_180_SNP_N_GenomeWideSNP_6_G11_896582	17	44317193	44340356	6	-1.4353
LIGER_p_TCGA_166_180_SNP_N_GenomeWideSNP_6_G11_896582	17	44341817	45093099	339	-0.5921
LIGER_p_TCGA_166_180_SNP_N_GenomeWideSNP_6_G11_896582	17	45096428	45434172	143	-0.1868
LIGER_p_TCGA_166_180_SNP_N_GenomeWideSNP_6_G11_896582	17	45436394	50719326	2015	-0.6836
LIGER_p_TCGA_166_180_SNP_N_GenomeWideSNP_6_G11_896582	17	50732954	51612231	317	0.6274
LIGER_p_TCGA_166_180_SNP_N_GenomeWideSNP_6_G11_896582	17	51616076	52385936	630	0.7473
LIGER_p_TCGA_166_180_SNP_N_GenomeWideSNP_6_G11_896582	17	52386198	53307726	378	0.9625
LIGER_p_TCGA_166_180_SNP_N_GenomeWideSNP_6_G11_896582	17	53309848	53498830	122	0.7498
LIGER_p_TCGA_166_180_SNP_N_GenomeWideSNP_6_G11_896582	17	53500082	54212847	422	0.9503
LIGER_p_TCGA_166_180_SNP_N_GenomeWideSNP_6_G11_896582	17	54217084	55420661	810	1.0959
LIGER_p_TCGA_166_180_SNP_N_GenomeWideSNP_6_G11_896582	17	55420910	55995531	442	1.0022
LIGER_p_TCGA_166_180_SNP_N_GenomeWideSNP_6_G11_896582	17	55996470	56874833	726	0.8619
LIGER_p_TCGA_166_180_SNP_N_GenomeWideSNP_6_G11_896582	17	56875365	64802468	3949	0.812
LIGER_p_TCGA_166_180_SNP_N_GenomeWideSNP_6_G11_896582	17	64802530	64936097	18	0.3606
LIGER_p_TCGA_166_180_SNP_N_GenomeWideSNP_6_G11_896582	17	64936226	65332680	261	0.7957
LIGER_p_TCGA_166_180_SNP_N_GenomeWideSNP_6_G11_896582	17	65336000	68570738	1875	0.8607
LIGER_p_TCGA_166_180_SNP_N_GenomeWideSNP_6_G11_896582	17	68576435	72182051	2633	0.9334
LIGER_p_TCGA_166_180_SNP_N_GenomeWideSNP_6_G11_896582	17	72184359	74706388	1240	0.846
LIGER_p_TCGA_166_180_SNP_N_GenomeWideSNP_6_G11_896582	17	74710490	79255178	2016	0.7604
LIGER_p_TCGA_166_180_SNP_N_GenomeWideSNP_6_G11_896582	17	79256445	79859218	241	1.0929
LIGER_p_TCGA_166_180_SNP_N_GenomeWideSNP_6_G11_896582	17	79859856	80003498	98	0.8623
LIGER_p_TCGA_166_180_SNP_N_GenomeWideSNP_6_G11_896582	17	80004331	80199207	124	1.0515
LIGER_p_TCGA_166_180_SNP_N_GenomeWideSNP_6_G11_896582	17	80200082	82959812	970	0.7513
LIGER_p_TCGA_166_180_SNP_N_GenomeWideSNP_6_G11_896582	18	326691	2438462	752	0.6402
LIGER_p_TCGA_166_180_SNP_N_GenomeWideSNP_6_G11_896582	18	2438894	3901921	854	0.5449
LIGER_p_TCGA_166_180_SNP_N_GenomeWideSNP_6_G11_896582	18	3903595	8809708	3129	0.6349
LIGER_p_TCGA_166_180_SNP_N_GenomeWideSNP_6_G11_896582	18	8811973	10312488	1094	0.5376
LIGER_p_TCGA_166_180_SNP_N_GenomeWideSNP_6_G11_896582	18	10312923	11872876	1066	0.6151
LIGER_p_TCGA_166_180_SNP_N_GenomeWideSNP_6_G11_896582	18	11874678	14366664	1329	0.5544
LIGER_p_TCGA_166_180_SNP_N_GenomeWideSNP_6_G11_896582	18	14368812	14661644	66	0.4564
LIGER_p_TCGA_166_180_SNP_N_GenomeWideSNP_6_G11_896582	18	21109102	24513828	1852	0.2833
LIGER_p_TCGA_166_180_SNP_N_GenomeWideSNP_6_G11_896582	18	24514866	35334285	6738	0.3567
LIGER_p_TCGA_166_180_SNP_N_GenomeWideSNP_6_G11_896582	18	35338617	37876495	1621	0.3029
LIGER_p_TCGA_166_180_SNP_N_GenomeWideSNP_6_G11_896582	18	37881849	39149464	837	0.3733
LIGER_p_TCGA_166_180_SNP_N_GenomeWideSNP_6_G11_896582	18	39150560	43972203	2721	0.6338
LIGER_p_TCGA_166_180_SNP_N_GenomeWideSNP_6_G11_896582	18	43978253	45109732	694	0.3331
LIGER_p_TCGA_166_180_SNP_N_GenomeWideSNP_6_G11_896582	18	45115657	51202332	4208	0.2714
LIGER_p_TCGA_166_180_SNP_N_GenomeWideSNP_6_G11_896582	18	51202738	57422374	3962	0.3253
LIGER_p_TCGA_166_180_SNP_N_GenomeWideSNP_6_G11_896582	18	57424061	58273801	603	0.5674
LIGER_p_TCGA_166_180_SNP_N_GenomeWideSNP_6_G11_896582	18	58276510	58350291	65	0.2899
LIGER_p_TCGA_166_180_SNP_N_GenomeWideSNP_6_G11_896582	18	58444395	58488835	41	0.5676
LIGER_p_TCGA_166_180_SNP_N_GenomeWideSNP_6_G11_896582	18	58489396	60412722	1337	0.3031
LIGER_p_TCGA_166_180_SNP_N_GenomeWideSNP_6_G11_896582	18	60417144	62470363	1303	0.6069
LIGER_p_TCGA_166_180_SNP_N_GenomeWideSNP_6_G11_896582	18	62477112	63464619	688	0.7231
LIGER_p_TCGA_166_180_SNP_N_GenomeWideSNP_6_G11_896582	18	63464916	63627702	127	0.8676
LIGER_p_TCGA_166_180_SNP_N_GenomeWideSNP_6_G11_896582	18	63629931	76095836	5892	0.6153
LIGER_p_TCGA_166_180_SNP_N_GenomeWideSNP_6_G11_896582	18	76099554	79349796	2038	-0.0516
LIGER_p_TCGA_166_180_SNP_N_GenomeWideSNP_6_G11_896582	19	283868	2376903	418	0.1244
LIGER_p_TCGA_166_180_SNP_N_GenomeWideSNP_6_G11_896582	19	2377103	6771997	1476	-0.2077
LIGER_p_TCGA_166_180_SNP_N_GenomeWideSNP_6_G11_896582	19	6782563	10380646	1602	0.1444
LIGER_p_TCGA_166_180_SNP_N_GenomeWideSNP_6_G11_896582	19	10381364	18216878	3621	-0.1856
LIGER_p_TCGA_166_180_SNP_N_GenomeWideSNP_6_G11_896582	19	18221590	18467385	101	0.1132
LIGER_p_TCGA_166_180_SNP_N_GenomeWideSNP_6_G11_896582	19	18472333	22589899	1168	-0.1751
LIGER_p_TCGA_166_180_SNP_N_GenomeWideSNP_6_G11_896582	19	22589914	22808784	107	0.2502
LIGER_p_TCGA_166_180_SNP_N_GenomeWideSNP_6_G11_896582	19	22809157	23872082	620	0.4772
LIGER_p_TCGA_166_180_SNP_N_GenomeWideSNP_6_G11_896582	19	27749470	29130523	1087	-0.067
LIGER_p_TCGA_166_180_SNP_N_GenomeWideSNP_6_G11_896582	19	29130538	31438766	1679	0.2355
LIGER_p_TCGA_166_180_SNP_N_GenomeWideSNP_6_G11_896582	19	31438834	34367669	1920	-0.1243
LIGER_p_TCGA_166_180_SNP_N_GenomeWideSNP_6_G11_896582	19	34367896	34544728	91	0.1888
LIGER_p_TCGA_166_180_SNP_N_GenomeWideSNP_6_G11_896582	19	34544943	38559839	2106	-0.1567
LIGER_p_TCGA_166_180_SNP_N_GenomeWideSNP_6_G11_896582	19	38560006	38873932	152	0.1423
LIGER_p_TCGA_166_180_SNP_N_GenomeWideSNP_6_G11_896582	19	38886323	46400109	3134	-0.1778
LIGER_p_TCGA_166_180_SNP_N_GenomeWideSNP_6_G11_896582	19	46403740	46407870	2	-1.6152
LIGER_p_TCGA_166_180_SNP_N_GenomeWideSNP_6_G11_896582	19	46407925	47058932	256	-0.1788
LIGER_p_TCGA_166_180_SNP_N_GenomeWideSNP_6_G11_896582	19	47070350	47188521	40	0.0831
LIGER_p_TCGA_166_180_SNP_N_GenomeWideSNP_6_G11_896582	19	47189613	47532149	148	0.3375
LIGER_p_TCGA_166_180_SNP_N_GenomeWideSNP_6_G11_896582	19	47532348	50157216	984	0.132
LIGER_p_TCGA_166_180_SNP_N_GenomeWideSNP_6_G11_896582	19	50157268	51164843	425	-0.1846
LIGER_p_TCGA_166_180_SNP_N_GenomeWideSNP_6_G11_896582	19	51168810	51177040	5	0.2614
LIGER_p_TCGA_166_180_SNP_N_GenomeWideSNP_6_G11_896582	19	51177310	52125157	425	0.7905
LIGER_p_TCGA_166_180_SNP_N_GenomeWideSNP_6_G11_896582	19	52125358	55008237	942	0.4011
LIGER_p_TCGA_166_180_SNP_N_GenomeWideSNP_6_G11_896582	19	55009966	55795036	309	0.1342
LIGER_p_TCGA_166_180_SNP_N_GenomeWideSNP_6_G11_896582	19	55796481	58370362	1437	-0.1428
LIGER_p_TCGA_166_180_SNP_N_GenomeWideSNP_6_G11_896582	20	472817	565261	57	0.3236
LIGER_p_TCGA_166_180_SNP_N_GenomeWideSNP_6_G11_896582	20	565297	5925133	3198	0.2355
LIGER_p_TCGA_166_180_SNP_N_GenomeWideSNP_6_G11_896582	20	5927914	14386224	5674	0.3543
LIGER_p_TCGA_166_180_SNP_N_GenomeWideSNP_6_G11_896582	20	14391118	16430210	1314	0.0429
LIGER_p_TCGA_166_180_SNP_N_GenomeWideSNP_6_G11_896582	20	16434327	23917645	5581	-0.015
LIGER_p_TCGA_166_180_SNP_N_GenomeWideSNP_6_G11_896582	20	23920648	23921182	2	-1.4466
LIGER_p_TCGA_166_180_SNP_N_GenomeWideSNP_6_G11_896582	20	23921719	31435566	1262	-0.0086
LIGER_p_TCGA_166_180_SNP_N_GenomeWideSNP_6_G11_896582	20	31436377	33570352	1105	-0.091
LIGER_p_TCGA_166_180_SNP_N_GenomeWideSNP_6_G11_896582	20	33570777	33918789	145	0.1604
LIGER_p_TCGA_166_180_SNP_N_GenomeWideSNP_6_G11_896582	20	33919003	34672441	300	-0.1078
LIGER_p_TCGA_166_180_SNP_N_GenomeWideSNP_6_G11_896582	20	34674495	37075089	1117	-0.1729
LIGER_p_TCGA_166_180_SNP_N_GenomeWideSNP_6_G11_896582	20	37075110	39046353	1252	-0.1076
LIGER_p_TCGA_166_180_SNP_N_GenomeWideSNP_6_G11_896582	20	39046575	43426595	3078	-0.0493
LIGER_p_TCGA_166_180_SNP_N_GenomeWideSNP_6_G11_896582	20	43429162	52602461	5932	-0.1162
LIGER_p_TCGA_166_180_SNP_N_GenomeWideSNP_6_G11_896582	20	52605707	56202146	2642	-0.0336
LIGER_p_TCGA_166_180_SNP_N_GenomeWideSNP_6_G11_896582	20	56204155	59974532	2784	-0.0782
LIGER_p_TCGA_166_180_SNP_N_GenomeWideSNP_6_G11_896582	20	59977070	62261733	1743	-0.0257
LIGER_p_TCGA_166_180_SNP_N_GenomeWideSNP_6_G11_896582	20	62263060	63588502	452	-0.1534
LIGER_p_TCGA_166_180_SNP_N_GenomeWideSNP_6_G11_896582	21	13974127	31768691	11399	-0.5385
LIGER_p_TCGA_166_180_SNP_N_GenomeWideSNP_6_G11_896582	21	31768929	37881215	3988	-0.6045
LIGER_p_TCGA_166_180_SNP_N_GenomeWideSNP_6_G11_896582	21	37881924	41512104	2995	-0.5596
LIGER_p_TCGA_166_180_SNP_N_GenomeWideSNP_6_G11_896582	21	41512382	46262057	2386	-0.664
LIGER_p_TCGA_166_180_SNP_N_GenomeWideSNP_6_G11_896582	22	16934932	30557308	5373	-0.1318
LIGER_p_TCGA_166_180_SNP_N_GenomeWideSNP_6_G11_896582	22	30557534	30558088	2	-1.9483
LIGER_p_TCGA_166_180_SNP_N_GenomeWideSNP_6_G11_896582	22	30559891	32196490	860	-0.1822
LIGER_p_TCGA_166_180_SNP_N_GenomeWideSNP_6_G11_896582	22	32197107	32424379	176	-0.0571
LIGER_p_TCGA_166_180_SNP_N_GenomeWideSNP_6_G11_896582	22	32424493	32429957	2	-1.5085
LIGER_p_TCGA_166_180_SNP_N_GenomeWideSNP_6_G11_896582	22	32430079	34700287	2049	-0.0915
LIGER_p_TCGA_166_180_SNP_N_GenomeWideSNP_6_G11_896582	22	34700668	34703167	3	-1.4221
LIGER_p_TCGA_166_180_SNP_N_GenomeWideSNP_6_G11_896582	22	34707961	34973750	261	-0.1024
LIGER_p_TCGA_166_180_SNP_N_GenomeWideSNP_6_G11_896582	22	34973914	36137894	636	-0.1465
LIGER_p_TCGA_166_180_SNP_N_GenomeWideSNP_6_G11_896582	22	36186514	41730815	2788	-0.1878
LIGER_p_TCGA_166_180_SNP_N_GenomeWideSNP_6_G11_896582	22	41731777	41860590	105	-0.1508
LIGER_p_TCGA_166_180_SNP_N_GenomeWideSNP_6_G11_896582	22	41861024	42167275	115	0.1541
LIGER_p_TCGA_166_180_SNP_N_GenomeWideSNP_6_G11_896582	22	42167302	47443676	3481	-0.1359
LIGER_p_TCGA_166_180_SNP_N_GenomeWideSNP_6_G11_896582	22	47444012	48527207	961	-0.0692
LIGER_p_TCGA_166_180_SNP_N_GenomeWideSNP_6_G11_896582	22	48527963	48940621	284	-0.1105
LIGER_p_TCGA_166_180_SNP_N_GenomeWideSNP_6_G11_896582	X	3236359	32796664	13815	-0.0026
LIGER_p_TCGA_166_180_SNP_N_GenomeWideSNP_6_G11_896582	X	32798388	32799485	2	-1.949
LIGER_p_TCGA_166_180_SNP_N_GenomeWideSNP_6_G11_896582	X	32799870	39530422	2608	-0.0121
LIGER_p_TCGA_166_180_SNP_N_GenomeWideSNP_6_G11_896582	X	39532275	40624703	580	0.4581
LIGER_p_TCGA_166_180_SNP_N_GenomeWideSNP_6_G11_896582	X	40625736	79727276	13210	-0.0269
LIGER_p_TCGA_166_180_SNP_N_GenomeWideSNP_6_G11_896582	X	79728226	89149547	4620	0.0204
LIGER_p_TCGA_166_180_SNP_N_GenomeWideSNP_6_G11_896582	X	89150389	93119318	974	0.0981
LIGER_p_TCGA_166_180_SNP_N_GenomeWideSNP_6_G11_896582	X	93125076	149984279	26585	-0.0016
LIGER_p_TCGA_166_180_SNP_N_GenomeWideSNP_6_G11_896582	X	149988789	150519871	314	0.4961
LIGER_p_TCGA_166_180_SNP_N_GenomeWideSNP_6_G11_896582	X	150520659	155677414	1638	-0.0164
