Sample	Chromosome	Start	End	Num_Probes	Segment_Mean
RAZEE_p_TCGA_277_b2_N_GenomeWideSNP_6_C02_1320920	1	3301765	57767048	29952	6e-04
RAZEE_p_TCGA_277_b2_N_GenomeWideSNP_6_C02_1320920	1	57768729	108909575	31346	0.0186
RAZEE_p_TCGA_277_b2_N_GenomeWideSNP_6_C02_1320920	1	108909946	149936215	6896	0.0046
RAZEE_p_TCGA_277_b2_N_GenomeWideSNP_6_C02_1320920	1	149948714	177023561	16589	0.2029
RAZEE_p_TCGA_277_b2_N_GenomeWideSNP_6_C02_1320920	1	177026671	177627533	406	-0.2457
RAZEE_p_TCGA_277_b2_N_GenomeWideSNP_6_C02_1320920	1	177629866	188789473	7288	0.2086
RAZEE_p_TCGA_277_b2_N_GenomeWideSNP_6_C02_1320920	1	188803609	189053545	134	0.6104
RAZEE_p_TCGA_277_b2_N_GenomeWideSNP_6_C02_1320920	1	189053842	189815551	318	0.2442
RAZEE_p_TCGA_277_b2_N_GenomeWideSNP_6_C02_1320920	1	189816359	191344603	892	-0.2824
RAZEE_p_TCGA_277_b2_N_GenomeWideSNP_6_C02_1320920	1	191347781	194044911	1784	0.2115
RAZEE_p_TCGA_277_b2_N_GenomeWideSNP_6_C02_1320920	1	194047624	194384786	204	0.5363
RAZEE_p_TCGA_277_b2_N_GenomeWideSNP_6_C02_1320920	1	194385255	195029546	340	0.2139
RAZEE_p_TCGA_277_b2_N_GenomeWideSNP_6_C02_1320920	1	195031622	195208617	129	0.5611
RAZEE_p_TCGA_277_b2_N_GenomeWideSNP_6_C02_1320920	1	195210909	196973325	818	0.2215
RAZEE_p_TCGA_277_b2_N_GenomeWideSNP_6_C02_1320920	1	196983271	204376264	4613	0.5394
RAZEE_p_TCGA_277_b2_N_GenomeWideSNP_6_C02_1320920	1	204380946	204620022	209	0.7579
RAZEE_p_TCGA_277_b2_N_GenomeWideSNP_6_C02_1320920	1	204620046	206139103	963	0.535
RAZEE_p_TCGA_277_b2_N_GenomeWideSNP_6_C02_1320920	1	206142741	209123262	2016	0.2081
RAZEE_p_TCGA_277_b2_N_GenomeWideSNP_6_C02_1320920	1	209131367	209436301	203	-0.2878
RAZEE_p_TCGA_277_b2_N_GenomeWideSNP_6_C02_1320920	1	209436696	217084626	5266	0.2133
RAZEE_p_TCGA_277_b2_N_GenomeWideSNP_6_C02_1320920	1	217084958	217820796	490	0.5536
RAZEE_p_TCGA_277_b2_N_GenomeWideSNP_6_C02_1320920	1	217827061	217831774	2	1.5041
RAZEE_p_TCGA_277_b2_N_GenomeWideSNP_6_C02_1320920	1	217832015	217939601	88	0.5691
RAZEE_p_TCGA_277_b2_N_GenomeWideSNP_6_C02_1320920	1	217942830	221108127	2136	0.2162
RAZEE_p_TCGA_277_b2_N_GenomeWideSNP_6_C02_1320920	1	221126716	229786621	4990	-0.255
RAZEE_p_TCGA_277_b2_N_GenomeWideSNP_6_C02_1320920	1	229786849	229789777	2	0.9649
RAZEE_p_TCGA_277_b2_N_GenomeWideSNP_6_C02_1320920	1	229791098	235658550	4125	-0.2572
RAZEE_p_TCGA_277_b2_N_GenomeWideSNP_6_C02_1320920	1	235661450	235860927	85	-0.5816
RAZEE_p_TCGA_277_b2_N_GenomeWideSNP_6_C02_1320920	1	235869780	240386777	3558	-0.2642
RAZEE_p_TCGA_277_b2_N_GenomeWideSNP_6_C02_1320920	1	240388923	247650984	4017	0.2107
RAZEE_p_TCGA_277_b2_N_GenomeWideSNP_6_C02_1320920	2	480597	241537572	132193	0.0088
RAZEE_p_TCGA_277_b2_N_GenomeWideSNP_6_C02_1320920	3	2170634	197812401	107180	0.0098
RAZEE_p_TCGA_277_b2_N_GenomeWideSNP_6_C02_1320920	4	1059384	65701338	36523	0.0099
RAZEE_p_TCGA_277_b2_N_GenomeWideSNP_6_C02_1320920	4	65701461	65701480	2	-1.3795
RAZEE_p_TCGA_277_b2_N_GenomeWideSNP_6_C02_1320920	4	65703050	136806804	38988	0.0094
RAZEE_p_TCGA_277_b2_N_GenomeWideSNP_6_C02_1320920	4	136807763	136807787	2	-1.4015
RAZEE_p_TCGA_277_b2_N_GenomeWideSNP_6_C02_1320920	4	136808967	187842528	27999	0.0132
RAZEE_p_TCGA_277_b2_N_GenomeWideSNP_6_C02_1320920	5	913983	2812877	935	0.0017
RAZEE_p_TCGA_277_b2_N_GenomeWideSNP_6_C02_1320920	5	2814767	45358981	25207	0.0256
RAZEE_p_TCGA_277_b2_N_GenomeWideSNP_6_C02_1320920	5	45360996	58815640	5073	-0.0049
RAZEE_p_TCGA_277_b2_N_GenomeWideSNP_6_C02_1320920	5	58819279	58875339	44	-0.271
RAZEE_p_TCGA_277_b2_N_GenomeWideSNP_6_C02_1320920	5	58876105	180934240	69861	-0.0069
RAZEE_p_TCGA_277_b2_N_GenomeWideSNP_6_C02_1320920	6	1011760	26274270	17685	0.2379
RAZEE_p_TCGA_277_b2_N_GenomeWideSNP_6_C02_1320920	6	26285194	44639558	8884	0.2178
RAZEE_p_TCGA_277_b2_N_GenomeWideSNP_6_C02_1320920	6	44640296	61524631	7607	0.2389
RAZEE_p_TCGA_277_b2_N_GenomeWideSNP_6_C02_1320920	6	61524632	170596889	62968	-0.2612
RAZEE_p_TCGA_277_b2_N_GenomeWideSNP_6_C02_1320920	7	664936	20342183	9735	0.2156
RAZEE_p_TCGA_277_b2_N_GenomeWideSNP_6_C02_1320920	7	20350685	20383120	45	-0.0451
RAZEE_p_TCGA_277_b2_N_GenomeWideSNP_6_C02_1320920	7	20385823	52534405	21222	0.2127
RAZEE_p_TCGA_277_b2_N_GenomeWideSNP_6_C02_1320920	7	52535284	77269711	7772	0.1904
RAZEE_p_TCGA_277_b2_N_GenomeWideSNP_6_C02_1320920	7	77270735	139824572	33656	0.2143
RAZEE_p_TCGA_277_b2_N_GenomeWideSNP_6_C02_1320920	7	139828863	158592540	9594	0.1944
RAZEE_p_TCGA_277_b2_N_GenomeWideSNP_6_C02_1320920	8	667625	66345027	36406	0.0089
RAZEE_p_TCGA_277_b2_N_GenomeWideSNP_6_C02_1320920	8	66349494	144182542	45787	0.2333
RAZEE_p_TCGA_277_b2_N_GenomeWideSNP_6_C02_1320920	9	789794	16522262	9480	-0.2576
RAZEE_p_TCGA_277_b2_N_GenomeWideSNP_6_C02_1320920	9	16525634	16526655	3	-1.3736
RAZEE_p_TCGA_277_b2_N_GenomeWideSNP_6_C02_1320920	9	16532766	31267195	9464	-0.2596
RAZEE_p_TCGA_277_b2_N_GenomeWideSNP_6_C02_1320920	9	31269874	32425912	775	0.0278
RAZEE_p_TCGA_277_b2_N_GenomeWideSNP_6_C02_1320920	9	32425940	32576685	82	0.2313
RAZEE_p_TCGA_277_b2_N_GenomeWideSNP_6_C02_1320920	9	32587546	34962080	1420	0.0087
RAZEE_p_TCGA_277_b2_N_GenomeWideSNP_6_C02_1320920	9	34963887	35125397	84	-0.3122
RAZEE_p_TCGA_277_b2_N_GenomeWideSNP_6_C02_1320920	9	35125433	35198420	37	0.0524
RAZEE_p_TCGA_277_b2_N_GenomeWideSNP_6_C02_1320920	9	35205818	35892486	322	-0.2582
RAZEE_p_TCGA_277_b2_N_GenomeWideSNP_6_C02_1320920	9	35893236	36122115	142	-0.04
RAZEE_p_TCGA_277_b2_N_GenomeWideSNP_6_C02_1320920	9	36122300	38752071	1787	-0.2693
RAZEE_p_TCGA_277_b2_N_GenomeWideSNP_6_C02_1320920	9	68423153	138044505	44912	0.0078
RAZEE_p_TCGA_277_b2_N_GenomeWideSNP_6_C02_1320920	10	366509	133411599	81363	-0.2567
RAZEE_p_TCGA_277_b2_N_GenomeWideSNP_6_C02_1320920	11	456012	6542533	2949	-0.0154
RAZEE_p_TCGA_277_b2_N_GenomeWideSNP_6_C02_1320920	11	6542816	60637795	30301	0.0083
RAZEE_p_TCGA_277_b2_N_GenomeWideSNP_6_C02_1320920	11	60640801	74663408	5991	-0.0121
RAZEE_p_TCGA_277_b2_N_GenomeWideSNP_6_C02_1320920	11	74664430	79422671	2832	0.214
RAZEE_p_TCGA_277_b2_N_GenomeWideSNP_6_C02_1320920	11	79428665	92664074	8024	-0.227
RAZEE_p_TCGA_277_b2_N_GenomeWideSNP_6_C02_1320920	11	92664245	92667632	4	-1.2164
RAZEE_p_TCGA_277_b2_N_GenomeWideSNP_6_C02_1320920	11	92669586	99004904	3969	-0.236
RAZEE_p_TCGA_277_b2_N_GenomeWideSNP_6_C02_1320920	11	99005150	99005163	2	-1.5887
RAZEE_p_TCGA_277_b2_N_GenomeWideSNP_6_C02_1320920	11	99007289	134272740	23607	-0.2317
RAZEE_p_TCGA_277_b2_N_GenomeWideSNP_6_C02_1320920	12	780472	70404563	37909	0.0125
RAZEE_p_TCGA_277_b2_N_GenomeWideSNP_6_C02_1320920	12	70404625	70404643	2	-1.4193
RAZEE_p_TCGA_277_b2_N_GenomeWideSNP_6_C02_1320920	12	70404988	100113676	18098	0.0166
RAZEE_p_TCGA_277_b2_N_GenomeWideSNP_6_C02_1320920	12	100117368	100118009	2	-1.6203
RAZEE_p_TCGA_277_b2_N_GenomeWideSNP_6_C02_1320920	12	100118879	132605822	18392	0.0069
RAZEE_p_TCGA_277_b2_N_GenomeWideSNP_6_C02_1320920	13	18874255	58196648	22993	0.0112
RAZEE_p_TCGA_277_b2_N_GenomeWideSNP_6_C02_1320920	13	58198468	58272445	41	-0.9191
RAZEE_p_TCGA_277_b2_N_GenomeWideSNP_6_C02_1320920	13	58285261	86077256	16019	0.0125
RAZEE_p_TCGA_277_b2_N_GenomeWideSNP_6_C02_1320920	13	86078708	86081418	5	-0.8803
RAZEE_p_TCGA_277_b2_N_GenomeWideSNP_6_C02_1320920	13	86081528	114226675	17952	0.0096
RAZEE_p_TCGA_277_b2_N_GenomeWideSNP_6_C02_1320920	14	20033191	105533894	49777	0.0067
RAZEE_p_TCGA_277_b2_N_GenomeWideSNP_6_C02_1320920	15	23437561	101344124	44801	0.0103
RAZEE_p_TCGA_277_b2_N_GenomeWideSNP_6_C02_1320920	16	603333	89317317	41252	0.0071
RAZEE_p_TCGA_277_b2_N_GenomeWideSNP_6_C02_1320920	17	1074619	71563724	32179	1e-04
RAZEE_p_TCGA_277_b2_N_GenomeWideSNP_6_C02_1320920	17	71566000	71567149	2	-1.4082
RAZEE_p_TCGA_277_b2_N_GenomeWideSNP_6_C02_1320920	17	71567171	82959812	5148	3e-04
RAZEE_p_TCGA_277_b2_N_GenomeWideSNP_6_C02_1320920	18	326691	79349796	42955	0.0154
RAZEE_p_TCGA_277_b2_N_GenomeWideSNP_6_C02_1320920	19	283868	22951607	8566	-0.0193
RAZEE_p_TCGA_277_b2_N_GenomeWideSNP_6_C02_1320920	19	22955945	34734627	5438	0.0064
RAZEE_p_TCGA_277_b2_N_GenomeWideSNP_6_C02_1320920	19	34736341	58370362	10234	-0.0192
RAZEE_p_TCGA_277_b2_N_GenomeWideSNP_6_C02_1320920	20	472817	6583804	3751	-0.0048
RAZEE_p_TCGA_277_b2_N_GenomeWideSNP_6_C02_1320920	20	6587046	17510136	7461	0.0183
RAZEE_p_TCGA_277_b2_N_GenomeWideSNP_6_C02_1320920	20	17510350	45969478	14403	-0.0028
RAZEE_p_TCGA_277_b2_N_GenomeWideSNP_6_C02_1320920	20	45972654	45990010	3	1.1963
RAZEE_p_TCGA_277_b2_N_GenomeWideSNP_6_C02_1320920	20	45999282	63588502	11988	2e-04
RAZEE_p_TCGA_277_b2_N_GenomeWideSNP_6_C02_1320920	21	13974127	24213071	6268	0.0102
RAZEE_p_TCGA_277_b2_N_GenomeWideSNP_6_C02_1320920	21	24215936	24216026	3	-1.4425
RAZEE_p_TCGA_277_b2_N_GenomeWideSNP_6_C02_1320920	21	24216643	46262057	14510	0.0071
RAZEE_p_TCGA_277_b2_N_GenomeWideSNP_6_C02_1320920	22	16934932	48940621	17100	-0.001
RAZEE_p_TCGA_277_b2_N_GenomeWideSNP_6_C02_1320920	X	3236359	155677414	64162	0.0086
