Sample	Chromosome	Start	End	Num_Probes	Segment_Mean
SHUNS_p_TCGAb_388_389_NSP_GenomeWideSNP_6_F05_1464606	1	3301765	4215112	500	0.2632
SHUNS_p_TCGAb_388_389_NSP_GenomeWideSNP_6_F05_1464606	1	4215231	14828329	5959	-0.5745
SHUNS_p_TCGAb_388_389_NSP_GenomeWideSNP_6_F05_1464606	1	14830240	14831024	2	-2.7652
SHUNS_p_TCGAb_388_389_NSP_GenomeWideSNP_6_F05_1464606	1	14841064	18016470	1565	-0.5861
SHUNS_p_TCGAb_388_389_NSP_GenomeWideSNP_6_F05_1464606	1	18016531	18016612	2	-2.9517
SHUNS_p_TCGAb_388_389_NSP_GenomeWideSNP_6_F05_1464606	1	18016794	33219544	7867	-0.5829
SHUNS_p_TCGAb_388_389_NSP_GenomeWideSNP_6_F05_1464606	1	33220797	247650984	113997	0.2392
SHUNS_p_TCGAb_388_389_NSP_GenomeWideSNP_6_F05_1464606	2	480597	186080657	100295	-0.0519
SHUNS_p_TCGAb_388_389_NSP_GenomeWideSNP_6_F05_1464606	2	186080897	186164045	41	0.4615
SHUNS_p_TCGAb_388_389_NSP_GenomeWideSNP_6_F05_1464606	2	186168093	241537572	31927	-0.0501
SHUNS_p_TCGAb_388_389_NSP_GenomeWideSNP_6_F05_1464606	3	2170634	74066147	43213	0.3119
SHUNS_p_TCGAb_388_389_NSP_GenomeWideSNP_6_F05_1464606	3	74066164	181578547	55559	0.2966
SHUNS_p_TCGAb_388_389_NSP_GenomeWideSNP_6_F05_1464606	3	181582101	197812401	8472	0.3181
SHUNS_p_TCGAb_388_389_NSP_GenomeWideSNP_6_F05_1464606	4	1059384	3642951	1033	0.1473
SHUNS_p_TCGAb_388_389_NSP_GenomeWideSNP_6_F05_1464606	4	3644345	11057693	4430	0.1826
SHUNS_p_TCGAb_388_389_NSP_GenomeWideSNP_6_F05_1464606	4	11058189	54625737	24731	0.1434
SHUNS_p_TCGAb_388_389_NSP_GenomeWideSNP_6_F05_1464606	4	54628012	54684784	94	0.6406
SHUNS_p_TCGAb_388_389_NSP_GenomeWideSNP_6_F05_1464606	4	54686434	57635142	1910	0.1648
SHUNS_p_TCGAb_388_389_NSP_GenomeWideSNP_6_F05_1464606	4	57635160	57635246	2	-1.1744
SHUNS_p_TCGAb_388_389_NSP_GenomeWideSNP_6_F05_1464606	4	57639758	59139831	813	0.1512
SHUNS_p_TCGAb_388_389_NSP_GenomeWideSNP_6_F05_1464606	4	59139875	135281576	41755	0.0999
SHUNS_p_TCGAb_388_389_NSP_GenomeWideSNP_6_F05_1464606	4	135285754	187842528	28826	0.1506
SHUNS_p_TCGAb_388_389_NSP_GenomeWideSNP_6_F05_1464606	5	913983	1299214	60	-0.0747
SHUNS_p_TCGAb_388_389_NSP_GenomeWideSNP_6_F05_1464606	5	1299910	1309352	4	-1.2451
SHUNS_p_TCGAb_388_389_NSP_GenomeWideSNP_6_F05_1464606	5	1313552	1351423	14	-0.0306
SHUNS_p_TCGAb_388_389_NSP_GenomeWideSNP_6_F05_1464606	5	1359823	2148097	213	-1.5434
SHUNS_p_TCGAb_388_389_NSP_GenomeWideSNP_6_F05_1464606	5	2149096	2149270	2	-7.0184
SHUNS_p_TCGAb_388_389_NSP_GenomeWideSNP_6_F05_1464606	5	2149389	2445890	275	-1.3634
SHUNS_p_TCGAb_388_389_NSP_GenomeWideSNP_6_F05_1464606	5	2446015	2457859	10	-2.945
SHUNS_p_TCGAb_388_389_NSP_GenomeWideSNP_6_F05_1464606	5	2460648	2790554	309	-1.4755
SHUNS_p_TCGAb_388_389_NSP_GenomeWideSNP_6_F05_1464606	5	2795344	2831407	42	-0.0107
SHUNS_p_TCGAb_388_389_NSP_GenomeWideSNP_6_F05_1464606	5	2835951	2875037	25	-1.5574
SHUNS_p_TCGAb_388_389_NSP_GenomeWideSNP_6_F05_1464606	5	2878030	3496446	532	-0.0612
SHUNS_p_TCGAb_388_389_NSP_GenomeWideSNP_6_F05_1464606	5	3496522	3687947	173	0.5859
SHUNS_p_TCGAb_388_389_NSP_GenomeWideSNP_6_F05_1464606	5	3694663	3735723	51	-0.0837
SHUNS_p_TCGAb_388_389_NSP_GenomeWideSNP_6_F05_1464606	5	3739192	3769432	24	0.3547
SHUNS_p_TCGAb_388_389_NSP_GenomeWideSNP_6_F05_1464606	5	3770486	4425320	483	-0.0512
SHUNS_p_TCGAb_388_389_NSP_GenomeWideSNP_6_F05_1464606	5	4426148	4538813	85	0.4583
SHUNS_p_TCGAb_388_389_NSP_GenomeWideSNP_6_F05_1464606	5	4541959	4647955	77	0.9671
SHUNS_p_TCGAb_388_389_NSP_GenomeWideSNP_6_F05_1464606	5	4649066	4828609	144	0.5478
SHUNS_p_TCGAb_388_389_NSP_GenomeWideSNP_6_F05_1464606	5	4830897	4853278	18	-0.0712
SHUNS_p_TCGAb_388_389_NSP_GenomeWideSNP_6_F05_1464606	5	4855557	4859772	5	-1.4642
SHUNS_p_TCGAb_388_389_NSP_GenomeWideSNP_6_F05_1464606	5	4861072	5043599	176	-0.0889
SHUNS_p_TCGAb_388_389_NSP_GenomeWideSNP_6_F05_1464606	5	5045634	5263765	226	0.5789
SHUNS_p_TCGAb_388_389_NSP_GenomeWideSNP_6_F05_1464606	5	5266505	5281013	10	0.0496
SHUNS_p_TCGAb_388_389_NSP_GenomeWideSNP_6_F05_1464606	5	5281295	5293147	18	0.6062
SHUNS_p_TCGAb_388_389_NSP_GenomeWideSNP_6_F05_1464606	5	5294034	6248975	802	-0.0779
SHUNS_p_TCGAb_388_389_NSP_GenomeWideSNP_6_F05_1464606	5	6251435	6489701	175	-1.4748
SHUNS_p_TCGAb_388_389_NSP_GenomeWideSNP_6_F05_1464606	5	6489928	6499657	14	-2.5482
SHUNS_p_TCGAb_388_389_NSP_GenomeWideSNP_6_F05_1464606	5	6500082	7762048	903	-1.3808
SHUNS_p_TCGAb_388_389_NSP_GenomeWideSNP_6_F05_1464606	5	7771486	12042135	3116	-0.0887
SHUNS_p_TCGAb_388_389_NSP_GenomeWideSNP_6_F05_1464606	5	12045529	13169467	350	-1.2909
SHUNS_p_TCGAb_388_389_NSP_GenomeWideSNP_6_F05_1464606	5	13173552	13284832	76	-0.1317
SHUNS_p_TCGAb_388_389_NSP_GenomeWideSNP_6_F05_1464606	5	13287247	13327036	33	-1.26
SHUNS_p_TCGAb_388_389_NSP_GenomeWideSNP_6_F05_1464606	5	13329550	13391696	25	-0.1973
SHUNS_p_TCGAb_388_389_NSP_GenomeWideSNP_6_F05_1464606	5	13392619	14138753	580	-1.4125
SHUNS_p_TCGAb_388_389_NSP_GenomeWideSNP_6_F05_1464606	5	14148673	14216602	92	-0.12
SHUNS_p_TCGAb_388_389_NSP_GenomeWideSNP_6_F05_1464606	5	14219906	14228104	11	-1.4048
SHUNS_p_TCGAb_388_389_NSP_GenomeWideSNP_6_F05_1464606	5	14238234	14259816	21	-0.2543
SHUNS_p_TCGAb_388_389_NSP_GenomeWideSNP_6_F05_1464606	5	14259875	14272134	18	-1.5479
SHUNS_p_TCGAb_388_389_NSP_GenomeWideSNP_6_F05_1464606	5	14278092	14692979	353	-0.0739
SHUNS_p_TCGAb_388_389_NSP_GenomeWideSNP_6_F05_1464606	5	14696998	15118690	263	-1.4652
SHUNS_p_TCGAb_388_389_NSP_GenomeWideSNP_6_F05_1464606	5	15120198	15329983	99	-0.0994
SHUNS_p_TCGAb_388_389_NSP_GenomeWideSNP_6_F05_1464606	5	15331010	16299984	199	0.5596
SHUNS_p_TCGAb_388_389_NSP_GenomeWideSNP_6_F05_1464606	5	16300131	16373474	53	-0.1539
SHUNS_p_TCGAb_388_389_NSP_GenomeWideSNP_6_F05_1464606	5	16373859	16377164	5	-1.5792
SHUNS_p_TCGAb_388_389_NSP_GenomeWideSNP_6_F05_1464606	5	16377193	16500213	83	-0.03
SHUNS_p_TCGAb_388_389_NSP_GenomeWideSNP_6_F05_1464606	5	16500772	16503802	5	-2.2353
SHUNS_p_TCGAb_388_389_NSP_GenomeWideSNP_6_F05_1464606	5	16507421	17308083	511	-0.0501
SHUNS_p_TCGAb_388_389_NSP_GenomeWideSNP_6_F05_1464606	5	17312403	20320962	1489	-1.3612
SHUNS_p_TCGAb_388_389_NSP_GenomeWideSNP_6_F05_1464606	5	20327408	20386560	33	-0.1938
SHUNS_p_TCGAb_388_389_NSP_GenomeWideSNP_6_F05_1464606	5	20566972	21296750	337	-1.3101
SHUNS_p_TCGAb_388_389_NSP_GenomeWideSNP_6_F05_1464606	5	21301987	21361673	41	-0.7218
SHUNS_p_TCGAb_388_389_NSP_GenomeWideSNP_6_F05_1464606	5	21391680	21593128	14	-1.3414
SHUNS_p_TCGAb_388_389_NSP_GenomeWideSNP_6_F05_1464606	5	21593514	21594950	3	-4.7387
SHUNS_p_TCGAb_388_389_NSP_GenomeWideSNP_6_F05_1464606	5	21598247	21794755	124	-1.3441
SHUNS_p_TCGAb_388_389_NSP_GenomeWideSNP_6_F05_1464606	5	21795533	21797019	4	-4.4843
SHUNS_p_TCGAb_388_389_NSP_GenomeWideSNP_6_F05_1464606	5	21798119	21907032	87	-1.4514
SHUNS_p_TCGAb_388_389_NSP_GenomeWideSNP_6_F05_1464606	5	21908297	21915208	12	-0.0567
SHUNS_p_TCGAb_388_389_NSP_GenomeWideSNP_6_F05_1464606	5	21919789	32228331	5818	-1.3673
SHUNS_p_TCGAb_388_389_NSP_GenomeWideSNP_6_F05_1464606	5	32229571	33944112	1154	-0.016
SHUNS_p_TCGAb_388_389_NSP_GenomeWideSNP_6_F05_1464606	5	34754143	34821452	55	0.9385
SHUNS_p_TCGAb_388_389_NSP_GenomeWideSNP_6_F05_1464606	5	34827939	38046068	1917	-0.0936
SHUNS_p_TCGAb_388_389_NSP_GenomeWideSNP_6_F05_1464606	5	38047398	38047745	2	-3.8155
SHUNS_p_TCGAb_388_389_NSP_GenomeWideSNP_6_F05_1464606	5	38049420	38051887	5	-1.0543
SHUNS_p_TCGAb_388_389_NSP_GenomeWideSNP_6_F05_1464606	5	38051969	38118531	64	-0.0883
SHUNS_p_TCGAb_388_389_NSP_GenomeWideSNP_6_F05_1464606	5	38119360	38205483	62	-1.4758
SHUNS_p_TCGAb_388_389_NSP_GenomeWideSNP_6_F05_1464606	5	38206779	38466645	211	0.8667
SHUNS_p_TCGAb_388_389_NSP_GenomeWideSNP_6_F05_1464606	5	38466743	38519226	36	1.1728
SHUNS_p_TCGAb_388_389_NSP_GenomeWideSNP_6_F05_1464606	5	38519448	38671849	101	0.8418
SHUNS_p_TCGAb_388_389_NSP_GenomeWideSNP_6_F05_1464606	5	38674313	38938562	222	1.0934
SHUNS_p_TCGAb_388_389_NSP_GenomeWideSNP_6_F05_1464606	5	38940448	39283674	214	0.8667
SHUNS_p_TCGAb_388_389_NSP_GenomeWideSNP_6_F05_1464606	5	39286852	39290810	5	-0.1254
SHUNS_p_TCGAb_388_389_NSP_GenomeWideSNP_6_F05_1464606	5	39291989	39317238	13	0.2226
SHUNS_p_TCGAb_388_389_NSP_GenomeWideSNP_6_F05_1464606	5	39318734	39357927	21	0.4388
SHUNS_p_TCGAb_388_389_NSP_GenomeWideSNP_6_F05_1464606	5	39359138	39386242	26	0.2118
SHUNS_p_TCGAb_388_389_NSP_GenomeWideSNP_6_F05_1464606	5	39388922	39682430	217	-1.4069
SHUNS_p_TCGAb_388_389_NSP_GenomeWideSNP_6_F05_1464606	5	39691505	39696866	7	-0.0808
SHUNS_p_TCGAb_388_389_NSP_GenomeWideSNP_6_F05_1464606	5	39698027	39710027	10	-1.2777
SHUNS_p_TCGAb_388_389_NSP_GenomeWideSNP_6_F05_1464606	5	39710234	39724459	9	0.0236
SHUNS_p_TCGAb_388_389_NSP_GenomeWideSNP_6_F05_1464606	5	39727064	39732077	4	-0.4695
SHUNS_p_TCGAb_388_389_NSP_GenomeWideSNP_6_F05_1464606	5	39732078	40790065	620	-1.3739
SHUNS_p_TCGAb_388_389_NSP_GenomeWideSNP_6_F05_1464606	5	40790449	41303624	375	-0.1144
SHUNS_p_TCGAb_388_389_NSP_GenomeWideSNP_6_F05_1464606	5	41305307	41339133	22	0.3606
SHUNS_p_TCGAb_388_389_NSP_GenomeWideSNP_6_F05_1464606	5	41339483	42017810	351	-0.1327
SHUNS_p_TCGAb_388_389_NSP_GenomeWideSNP_6_F05_1464606	5	42022009	42062119	24	0.2502
SHUNS_p_TCGAb_388_389_NSP_GenomeWideSNP_6_F05_1464606	5	42065039	42131407	25	-0.1445
SHUNS_p_TCGAb_388_389_NSP_GenomeWideSNP_6_F05_1464606	5	42131755	42319826	115	0.2656
SHUNS_p_TCGAb_388_389_NSP_GenomeWideSNP_6_F05_1464606	5	42320578	42500393	86	0.8121
SHUNS_p_TCGAb_388_389_NSP_GenomeWideSNP_6_F05_1464606	5	42504101	42575607	38	0.6021
SHUNS_p_TCGAb_388_389_NSP_GenomeWideSNP_6_F05_1464606	5	42578755	42607359	13	0.4304
SHUNS_p_TCGAb_388_389_NSP_GenomeWideSNP_6_F05_1464606	5	42608352	62752182	8572	-1.352
SHUNS_p_TCGAb_388_389_NSP_GenomeWideSNP_6_F05_1464606	5	62754438	62823522	87	1.1831
SHUNS_p_TCGAb_388_389_NSP_GenomeWideSNP_6_F05_1464606	5	62823640	64062160	365	1.3656
SHUNS_p_TCGAb_388_389_NSP_GenomeWideSNP_6_F05_1464606	5	64062533	64192751	46	1.2141
SHUNS_p_TCGAb_388_389_NSP_GenomeWideSNP_6_F05_1464606	5	64194953	64305397	51	0.4722
SHUNS_p_TCGAb_388_389_NSP_GenomeWideSNP_6_F05_1464606	5	64307557	64331521	15	1.1118
SHUNS_p_TCGAb_388_389_NSP_GenomeWideSNP_6_F05_1464606	5	64340544	64588611	120	0.5127
SHUNS_p_TCGAb_388_389_NSP_GenomeWideSNP_6_F05_1464606	5	64589347	66811574	1343	-1.3829
SHUNS_p_TCGAb_388_389_NSP_GenomeWideSNP_6_F05_1464606	5	66813810	67172486	284	-0.4567
SHUNS_p_TCGAb_388_389_NSP_GenomeWideSNP_6_F05_1464606	5	67175107	69444826	1438	-1.3734
SHUNS_p_TCGAb_388_389_NSP_GenomeWideSNP_6_F05_1464606	5	69448492	72721559	836	-0.0964
SHUNS_p_TCGAb_388_389_NSP_GenomeWideSNP_6_F05_1464606	5	72726723	72782453	44	0.3365
SHUNS_p_TCGAb_388_389_NSP_GenomeWideSNP_6_F05_1464606	5	72782562	73066462	119	-0.1077
SHUNS_p_TCGAb_388_389_NSP_GenomeWideSNP_6_F05_1464606	5	73069437	73156792	83	-1.3156
SHUNS_p_TCGAb_388_389_NSP_GenomeWideSNP_6_F05_1464606	5	73159665	73164602	7	-0.0663
SHUNS_p_TCGAb_388_389_NSP_GenomeWideSNP_6_F05_1464606	5	73169096	73269661	59	-1.5565
SHUNS_p_TCGAb_388_389_NSP_GenomeWideSNP_6_F05_1464606	5	73271758	102729477	15424	-0.0626
SHUNS_p_TCGAb_388_389_NSP_GenomeWideSNP_6_F05_1464606	5	102735178	102736757	2	-1.7692
SHUNS_p_TCGAb_388_389_NSP_GenomeWideSNP_6_F05_1464606	5	102740846	106553068	1935	-0.0806
SHUNS_p_TCGAb_388_389_NSP_GenomeWideSNP_6_F05_1464606	5	106555459	107553082	544	0.575
SHUNS_p_TCGAb_388_389_NSP_GenomeWideSNP_6_F05_1464606	5	107562059	109936220	1497	-0.0682
SHUNS_p_TCGAb_388_389_NSP_GenomeWideSNP_6_F05_1464606	5	109936981	110131254	121	0.5442
SHUNS_p_TCGAb_388_389_NSP_GenomeWideSNP_6_F05_1464606	5	110137730	111300684	611	-0.0649
SHUNS_p_TCGAb_388_389_NSP_GenomeWideSNP_6_F05_1464606	5	111308740	111320319	10	-1.4881
SHUNS_p_TCGAb_388_389_NSP_GenomeWideSNP_6_F05_1464606	5	111325133	114195819	2091	-0.0491
SHUNS_p_TCGAb_388_389_NSP_GenomeWideSNP_6_F05_1464606	5	114198160	114213655	18	0.4957
SHUNS_p_TCGAb_388_389_NSP_GenomeWideSNP_6_F05_1464606	5	114218979	114446793	160	-0.0345
SHUNS_p_TCGAb_388_389_NSP_GenomeWideSNP_6_F05_1464606	5	114450694	114545855	78	0.5535
SHUNS_p_TCGAb_388_389_NSP_GenomeWideSNP_6_F05_1464606	5	114550236	114562504	16	-0.0548
SHUNS_p_TCGAb_388_389_NSP_GenomeWideSNP_6_F05_1464606	5	114645562	115703143	661	0.5559
SHUNS_p_TCGAb_388_389_NSP_GenomeWideSNP_6_F05_1464606	5	115705974	116340702	291	-0.0672
SHUNS_p_TCGAb_388_389_NSP_GenomeWideSNP_6_F05_1464606	5	116347578	116993317	382	0.5924
SHUNS_p_TCGAb_388_389_NSP_GenomeWideSNP_6_F05_1464606	5	116996742	118033401	693	-0.0619
SHUNS_p_TCGAb_388_389_NSP_GenomeWideSNP_6_F05_1464606	5	118039660	118480056	265	0.5658
SHUNS_p_TCGAb_388_389_NSP_GenomeWideSNP_6_F05_1464606	5	118487570	118565847	35	-0.0814
SHUNS_p_TCGAb_388_389_NSP_GenomeWideSNP_6_F05_1464606	5	118571597	119083052	325	-0.6217
SHUNS_p_TCGAb_388_389_NSP_GenomeWideSNP_6_F05_1464606	5	119093511	119606059	337	-0.0773
SHUNS_p_TCGAb_388_389_NSP_GenomeWideSNP_6_F05_1464606	5	119607500	120828632	660	0.5667
SHUNS_p_TCGAb_388_389_NSP_GenomeWideSNP_6_F05_1464606	5	120838054	121711288	396	-0.0744
SHUNS_p_TCGAb_388_389_NSP_GenomeWideSNP_6_F05_1464606	5	121716166	122363372	381	0.5733
SHUNS_p_TCGAb_388_389_NSP_GenomeWideSNP_6_F05_1464606	5	122367852	122403491	21	-0.0999
SHUNS_p_TCGAb_388_389_NSP_GenomeWideSNP_6_F05_1464606	5	122405214	122460443	53	0.5455
SHUNS_p_TCGAb_388_389_NSP_GenomeWideSNP_6_F05_1464606	5	122465186	123281190	529	-0.0425
SHUNS_p_TCGAb_388_389_NSP_GenomeWideSNP_6_F05_1464606	5	123293992	123721266	244	0.5863
SHUNS_p_TCGAb_388_389_NSP_GenomeWideSNP_6_F05_1464606	5	123722644	124381686	384	-0.0437
SHUNS_p_TCGAb_388_389_NSP_GenomeWideSNP_6_F05_1464606	5	124382061	135082430	6182	-0.6092
SHUNS_p_TCGAb_388_389_NSP_GenomeWideSNP_6_F05_1464606	5	135087094	135612808	412	-0.0447
SHUNS_p_TCGAb_388_389_NSP_GenomeWideSNP_6_F05_1464606	5	135619286	136262350	475	0.5975
SHUNS_p_TCGAb_388_389_NSP_GenomeWideSNP_6_F05_1464606	5	136264152	138376011	1278	-0.0555
SHUNS_p_TCGAb_388_389_NSP_GenomeWideSNP_6_F05_1464606	5	138381524	139072916	325	0.5618
SHUNS_p_TCGAb_388_389_NSP_GenomeWideSNP_6_F05_1464606	5	139074407	141936116	1233	-0.0622
SHUNS_p_TCGAb_388_389_NSP_GenomeWideSNP_6_F05_1464606	5	141940073	142134401	133	0.9593
SHUNS_p_TCGAb_388_389_NSP_GenomeWideSNP_6_F05_1464606	5	142146008	142551406	311	0.5345
SHUNS_p_TCGAb_388_389_NSP_GenomeWideSNP_6_F05_1464606	5	142554321	142621589	43	1.0338
SHUNS_p_TCGAb_388_389_NSP_GenomeWideSNP_6_F05_1464606	5	142622667	145600864	1950	0.5396
SHUNS_p_TCGAb_388_389_NSP_GenomeWideSNP_6_F05_1464606	5	145607095	146039891	264	-0.6422
SHUNS_p_TCGAb_388_389_NSP_GenomeWideSNP_6_F05_1464606	5	146040263	146040893	2	-2.367
SHUNS_p_TCGAb_388_389_NSP_GenomeWideSNP_6_F05_1464606	5	146040982	150477149	2939	-0.617
SHUNS_p_TCGAb_388_389_NSP_GenomeWideSNP_6_F05_1464606	5	150480101	150910584	237	-0.0638
SHUNS_p_TCGAb_388_389_NSP_GenomeWideSNP_6_F05_1464606	5	150911089	169191405	12064	-0.6223
SHUNS_p_TCGAb_388_389_NSP_GenomeWideSNP_6_F05_1464606	5	169192576	171417218	1523	-0.055
SHUNS_p_TCGAb_388_389_NSP_GenomeWideSNP_6_F05_1464606	5	171424957	171909543	390	-0.6133
SHUNS_p_TCGAb_388_389_NSP_GenomeWideSNP_6_F05_1464606	5	172204765	172836610	414	0.5924
SHUNS_p_TCGAb_388_389_NSP_GenomeWideSNP_6_F05_1464606	5	172841053	172842592	6	-0.067
SHUNS_p_TCGAb_388_389_NSP_GenomeWideSNP_6_F05_1464606	5	172842617	172844819	3	0.5642
SHUNS_p_TCGAb_388_389_NSP_GenomeWideSNP_6_F05_1464606	5	172844978	172882881	37	-0.1167
SHUNS_p_TCGAb_388_389_NSP_GenomeWideSNP_6_F05_1464606	5	172890506	172934685	26	0.5876
SHUNS_p_TCGAb_388_389_NSP_GenomeWideSNP_6_F05_1464606	5	172937724	173102391	68	-0.0706
SHUNS_p_TCGAb_388_389_NSP_GenomeWideSNP_6_F05_1464606	5	173103623	175071938	1467	-0.6014
SHUNS_p_TCGAb_388_389_NSP_GenomeWideSNP_6_F05_1464606	5	175072847	175227717	147	-0.0422
SHUNS_p_TCGAb_388_389_NSP_GenomeWideSNP_6_F05_1464606	5	175227981	175695053	362	-0.6089
SHUNS_p_TCGAb_388_389_NSP_GenomeWideSNP_6_F05_1464606	5	175696148	175701414	5	-1.8584
SHUNS_p_TCGAb_388_389_NSP_GenomeWideSNP_6_F05_1464606	5	175702960	177271003	509	-0.586
SHUNS_p_TCGAb_388_389_NSP_GenomeWideSNP_6_F05_1464606	5	177272327	177477215	87	-0.0731
SHUNS_p_TCGAb_388_389_NSP_GenomeWideSNP_6_F05_1464606	5	177477875	177499740	7	-0.8457
SHUNS_p_TCGAb_388_389_NSP_GenomeWideSNP_6_F05_1464606	5	177502145	177570076	20	-0.3043
SHUNS_p_TCGAb_388_389_NSP_GenomeWideSNP_6_F05_1464606	5	177572188	177575769	5	-0.8811
SHUNS_p_TCGAb_388_389_NSP_GenomeWideSNP_6_F05_1464606	5	177577234	177982825	36	-0.1943
SHUNS_p_TCGAb_388_389_NSP_GenomeWideSNP_6_F05_1464606	5	177983415	179437459	824	-0.6289
SHUNS_p_TCGAb_388_389_NSP_GenomeWideSNP_6_F05_1464606	5	179437656	179929352	247	-0.0803
SHUNS_p_TCGAb_388_389_NSP_GenomeWideSNP_6_F05_1464606	5	179929957	180646815	390	-0.6245
SHUNS_p_TCGAb_388_389_NSP_GenomeWideSNP_6_F05_1464606	5	180652230	180934240	72	-0.0778
SHUNS_p_TCGAb_388_389_NSP_GenomeWideSNP_6_F05_1464606	6	1011760	24093398	16422	0.2859
SHUNS_p_TCGAb_388_389_NSP_GenomeWideSNP_6_F05_1464606	6	24093809	56893458	17565	0.2717
SHUNS_p_TCGAb_388_389_NSP_GenomeWideSNP_6_F05_1464606	6	56897687	69721559	4560	0.2403
SHUNS_p_TCGAb_388_389_NSP_GenomeWideSNP_6_F05_1464606	6	69726695	88855725	10885	0.2649
SHUNS_p_TCGAb_388_389_NSP_GenomeWideSNP_6_F05_1464606	6	88855796	88897936	16	0.8527
SHUNS_p_TCGAb_388_389_NSP_GenomeWideSNP_6_F05_1464606	6	88905255	104928007	8601	0.2624
SHUNS_p_TCGAb_388_389_NSP_GenomeWideSNP_6_F05_1464606	6	104928021	108535246	2228	0.2874
SHUNS_p_TCGAb_388_389_NSP_GenomeWideSNP_6_F05_1464606	6	108536280	109353860	508	-0.628
SHUNS_p_TCGAb_388_389_NSP_GenomeWideSNP_6_F05_1464606	6	109355573	109622293	136	0.2225
SHUNS_p_TCGAb_388_389_NSP_GenomeWideSNP_6_F05_1464606	6	109624544	170596889	36263	-0.6171
SHUNS_p_TCGAb_388_389_NSP_GenomeWideSNP_6_F05_1464606	7	664936	32593409	18179	0.2245
SHUNS_p_TCGAb_388_389_NSP_GenomeWideSNP_6_F05_1464606	7	32602965	32635162	19	-0.6003
SHUNS_p_TCGAb_388_389_NSP_GenomeWideSNP_6_F05_1464606	7	32639890	145666858	57025	0.2176
SHUNS_p_TCGAb_388_389_NSP_GenomeWideSNP_6_F05_1464606	7	145670452	145682363	16	-0.6705
SHUNS_p_TCGAb_388_389_NSP_GenomeWideSNP_6_F05_1464606	7	145689284	158592540	6829	0.2262
SHUNS_p_TCGAb_388_389_NSP_GenomeWideSNP_6_F05_1464606	8	667625	11650900	5159	0.289
SHUNS_p_TCGAb_388_389_NSP_GenomeWideSNP_6_F05_1464606	8	11652418	11652998	2	-1.1242
SHUNS_p_TCGAb_388_389_NSP_GenomeWideSNP_6_F05_1464606	8	11655804	30978482	13114	0.281
SHUNS_p_TCGAb_388_389_NSP_GenomeWideSNP_6_F05_1464606	8	30979628	73483804	22538	0.2624
SHUNS_p_TCGAb_388_389_NSP_GenomeWideSNP_6_F05_1464606	8	73489719	73538171	38	-0.4736
SHUNS_p_TCGAb_388_389_NSP_GenomeWideSNP_6_F05_1464606	8	73539123	144182542	41422	0.2573
SHUNS_p_TCGAb_388_389_NSP_GenomeWideSNP_6_F05_1464606	9	789794	21902177	13609	-0.595
SHUNS_p_TCGAb_388_389_NSP_GenomeWideSNP_6_F05_1464606	9	21906985	22011657	82	-3.0997
SHUNS_p_TCGAb_388_389_NSP_GenomeWideSNP_6_F05_1464606	9	22015435	92878099	26723	-0.5942
SHUNS_p_TCGAb_388_389_NSP_GenomeWideSNP_6_F05_1464606	9	92884838	92885555	2	-3.6424
SHUNS_p_TCGAb_388_389_NSP_GenomeWideSNP_6_F05_1464606	9	92887727	110739092	11665	-0.5795
SHUNS_p_TCGAb_388_389_NSP_GenomeWideSNP_6_F05_1464606	9	110739504	110751729	10	-1.3509
SHUNS_p_TCGAb_388_389_NSP_GenomeWideSNP_6_F05_1464606	9	110753550	137472156	16152	-0.5884
SHUNS_p_TCGAb_388_389_NSP_GenomeWideSNP_6_F05_1464606	9	137476471	137488184	4	-2.2153
SHUNS_p_TCGAb_388_389_NSP_GenomeWideSNP_6_F05_1464606	9	137488253	138044505	205	-0.6124
SHUNS_p_TCGAb_388_389_NSP_GenomeWideSNP_6_F05_1464606	10	366509	23782981	16716	-0.1159
SHUNS_p_TCGAb_388_389_NSP_GenomeWideSNP_6_F05_1464606	10	23785733	23786087	2	-1.9732
SHUNS_p_TCGAb_388_389_NSP_GenomeWideSNP_6_F05_1464606	10	23787357	34698821	7457	-0.1126
SHUNS_p_TCGAb_388_389_NSP_GenomeWideSNP_6_F05_1464606	10	34699527	37136346	1394	-0.1336
SHUNS_p_TCGAb_388_389_NSP_GenomeWideSNP_6_F05_1464606	10	37137036	37142325	2	1.7273
SHUNS_p_TCGAb_388_389_NSP_GenomeWideSNP_6_F05_1464606	10	37142900	125115574	51141	-0.1373
SHUNS_p_TCGAb_388_389_NSP_GenomeWideSNP_6_F05_1464606	10	125119462	133411599	4719	-0.1198
SHUNS_p_TCGAb_388_389_NSP_GenomeWideSNP_6_F05_1464606	11	456012	2487244	616	0.2557
SHUNS_p_TCGAb_388_389_NSP_GenomeWideSNP_6_F05_1464606	11	2598973	2600344	2	-0.7802
SHUNS_p_TCGAb_388_389_NSP_GenomeWideSNP_6_F05_1464606	11	2601779	3701657	490	0.2345
SHUNS_p_TCGAb_388_389_NSP_GenomeWideSNP_6_F05_1464606	11	3709637	5998759	1576	-0.6228
SHUNS_p_TCGAb_388_389_NSP_GenomeWideSNP_6_F05_1464606	11	6111528	6372220	161	-0.1057
SHUNS_p_TCGAb_388_389_NSP_GenomeWideSNP_6_F05_1464606	11	6380276	6802482	296	-0.6081
SHUNS_p_TCGAb_388_389_NSP_GenomeWideSNP_6_F05_1464606	11	6802808	6948445	79	-0.0107
SHUNS_p_TCGAb_388_389_NSP_GenomeWideSNP_6_F05_1464606	11	6960023	7691330	571	-0.591
SHUNS_p_TCGAb_388_389_NSP_GenomeWideSNP_6_F05_1464606	11	7693796	7846286	83	-0.0776
SHUNS_p_TCGAb_388_389_NSP_GenomeWideSNP_6_F05_1464606	11	7846416	10464707	1616	-0.5843
SHUNS_p_TCGAb_388_389_NSP_GenomeWideSNP_6_F05_1464606	11	10472565	11153733	540	1.2559
SHUNS_p_TCGAb_388_389_NSP_GenomeWideSNP_6_F05_1464606	11	11154421	11154436	2	-0.6625
SHUNS_p_TCGAb_388_389_NSP_GenomeWideSNP_6_F05_1464606	11	11157412	11397847	278	1.2681
SHUNS_p_TCGAb_388_389_NSP_GenomeWideSNP_6_F05_1464606	11	11400077	13833501	1986	0.7379
SHUNS_p_TCGAb_388_389_NSP_GenomeWideSNP_6_F05_1464606	11	13833949	14868313	593	0.9371
SHUNS_p_TCGAb_388_389_NSP_GenomeWideSNP_6_F05_1464606	11	14871471	20010550	3586	0.7366
SHUNS_p_TCGAb_388_389_NSP_GenomeWideSNP_6_F05_1464606	11	20010879	20131570	118	0.9718
SHUNS_p_TCGAb_388_389_NSP_GenomeWideSNP_6_F05_1464606	11	20131814	24883144	3309	0.7261
SHUNS_p_TCGAb_388_389_NSP_GenomeWideSNP_6_F05_1464606	11	24883834	25102320	146	0.1774
SHUNS_p_TCGAb_388_389_NSP_GenomeWideSNP_6_F05_1464606	11	25112297	25412360	121	-0.5897
SHUNS_p_TCGAb_388_389_NSP_GenomeWideSNP_6_F05_1464606	11	25424109	25495937	45	0.6749
SHUNS_p_TCGAb_388_389_NSP_GenomeWideSNP_6_F05_1464606	11	25505995	25654022	27	-0.5767
SHUNS_p_TCGAb_388_389_NSP_GenomeWideSNP_6_F05_1464606	11	25655785	26014889	285	0.1979
SHUNS_p_TCGAb_388_389_NSP_GenomeWideSNP_6_F05_1464606	11	26015953	26104948	82	0.9965
SHUNS_p_TCGAb_388_389_NSP_GenomeWideSNP_6_F05_1464606	11	26105076	26947021	602	0.733
SHUNS_p_TCGAb_388_389_NSP_GenomeWideSNP_6_F05_1464606	11	26947717	32808124	3659	0.2343
SHUNS_p_TCGAb_388_389_NSP_GenomeWideSNP_6_F05_1464606	11	32811197	34124401	690	0.5698
SHUNS_p_TCGAb_388_389_NSP_GenomeWideSNP_6_F05_1464606	11	34126301	35063045	753	0.231
SHUNS_p_TCGAb_388_389_NSP_GenomeWideSNP_6_F05_1464606	11	35065512	35115355	52	0.9724
SHUNS_p_TCGAb_388_389_NSP_GenomeWideSNP_6_F05_1464606	11	35115726	35429922	305	0.2497
SHUNS_p_TCGAb_388_389_NSP_GenomeWideSNP_6_F05_1464606	11	35432752	36086947	495	-0.6506
SHUNS_p_TCGAb_388_389_NSP_GenomeWideSNP_6_F05_1464606	11	36089241	36357165	194	0.2361
SHUNS_p_TCGAb_388_389_NSP_GenomeWideSNP_6_F05_1464606	11	36372964	36420888	33	0.955
SHUNS_p_TCGAb_388_389_NSP_GenomeWideSNP_6_F05_1464606	11	36426791	36500540	67	0.2636
SHUNS_p_TCGAb_388_389_NSP_GenomeWideSNP_6_F05_1464606	11	36500710	36587037	50	1.1076
SHUNS_p_TCGAb_388_389_NSP_GenomeWideSNP_6_F05_1464606	11	36591551	36824715	178	0.2217
SHUNS_p_TCGAb_388_389_NSP_GenomeWideSNP_6_F05_1464606	11	36826229	36831349	4	0.5817
SHUNS_p_TCGAb_388_389_NSP_GenomeWideSNP_6_F05_1464606	11	36832027	36906761	61	1.0309
SHUNS_p_TCGAb_388_389_NSP_GenomeWideSNP_6_F05_1464606	11	36908559	36942730	26	0.3212
SHUNS_p_TCGAb_388_389_NSP_GenomeWideSNP_6_F05_1464606	11	37635347	39404549	965	-0.6183
SHUNS_p_TCGAb_388_389_NSP_GenomeWideSNP_6_F05_1464606	11	39407753	39452742	27	0.7374
SHUNS_p_TCGAb_388_389_NSP_GenomeWideSNP_6_F05_1464606	11	39457353	39579891	53	-0.5814
SHUNS_p_TCGAb_388_389_NSP_GenomeWideSNP_6_F05_1464606	11	39584318	39923990	252	0.6559
SHUNS_p_TCGAb_388_389_NSP_GenomeWideSNP_6_F05_1464606	11	39928513	45980855	4165	-0.6254
SHUNS_p_TCGAb_388_389_NSP_GenomeWideSNP_6_F05_1464606	11	45984617	49407166	1221	-0.5604
SHUNS_p_TCGAb_388_389_NSP_GenomeWideSNP_6_F05_1464606	11	49408207	49444964	18	-0.1059
SHUNS_p_TCGAb_388_389_NSP_GenomeWideSNP_6_F05_1464606	11	49445036	50096159	249	-0.5381
SHUNS_p_TCGAb_388_389_NSP_GenomeWideSNP_6_F05_1464606	11	50101778	58289266	1189	0.2248
SHUNS_p_TCGAb_388_389_NSP_GenomeWideSNP_6_F05_1464606	11	58290829	58727630	247	-0.6342
SHUNS_p_TCGAb_388_389_NSP_GenomeWideSNP_6_F05_1464606	11	58739435	59114762	178	0.2299
SHUNS_p_TCGAb_388_389_NSP_GenomeWideSNP_6_F05_1464606	11	59115109	62862603	2024	-0.5901
SHUNS_p_TCGAb_388_389_NSP_GenomeWideSNP_6_F05_1464606	11	62868700	79653785	7885	0.2443
SHUNS_p_TCGAb_388_389_NSP_GenomeWideSNP_6_F05_1464606	11	79654333	79986936	216	0.0716
SHUNS_p_TCGAb_388_389_NSP_GenomeWideSNP_6_F05_1464606	11	79991116	80220375	194	0.1723
SHUNS_p_TCGAb_388_389_NSP_GenomeWideSNP_6_F05_1464606	11	80220550	80521278	243	0.0205
SHUNS_p_TCGAb_388_389_NSP_GenomeWideSNP_6_F05_1464606	11	80523067	81150313	448	-0.3194
SHUNS_p_TCGAb_388_389_NSP_GenomeWideSNP_6_F05_1464606	11	81154316	81341259	120	0.0637
SHUNS_p_TCGAb_388_389_NSP_GenomeWideSNP_6_F05_1464606	11	81344506	81692048	215	-0.4336
SHUNS_p_TCGAb_388_389_NSP_GenomeWideSNP_6_F05_1464606	11	81694413	94188968	7187	0.2219
SHUNS_p_TCGAb_388_389_NSP_GenomeWideSNP_6_F05_1464606	11	94192642	94196592	10	-0.6687
SHUNS_p_TCGAb_388_389_NSP_GenomeWideSNP_6_F05_1464606	11	94201299	107386439	8584	0.2193
SHUNS_p_TCGAb_388_389_NSP_GenomeWideSNP_6_F05_1464606	11	107386663	134272740	18241	0.2484
SHUNS_p_TCGAb_388_389_NSP_GenomeWideSNP_6_F05_1464606	12	780472	43841624	22472	0.1097
SHUNS_p_TCGAb_388_389_NSP_GenomeWideSNP_6_F05_1464606	12	43842011	94855963	30163	0.0883
SHUNS_p_TCGAb_388_389_NSP_GenomeWideSNP_6_F05_1464606	12	94856219	132605822	21818	0.1102
SHUNS_p_TCGAb_388_389_NSP_GenomeWideSNP_6_F05_1464606	13	18874255	47153952	18021	0.3098
SHUNS_p_TCGAb_388_389_NSP_GenomeWideSNP_6_F05_1464606	13	47153971	72604805	12624	0.2894
SHUNS_p_TCGAb_388_389_NSP_GenomeWideSNP_6_F05_1464606	13	72607070	80808792	5464	0.314
SHUNS_p_TCGAb_388_389_NSP_GenomeWideSNP_6_F05_1464606	13	80808934	93774053	7586	0.2847
SHUNS_p_TCGAb_388_389_NSP_GenomeWideSNP_6_F05_1464606	13	93774209	114226675	13382	0.3106
SHUNS_p_TCGAb_388_389_NSP_GenomeWideSNP_6_F05_1464606	14	20033191	86860917	38664	-0.5957
SHUNS_p_TCGAb_388_389_NSP_GenomeWideSNP_6_F05_1464606	14	86862742	86873823	13	-1.3826
SHUNS_p_TCGAb_388_389_NSP_GenomeWideSNP_6_F05_1464606	14	86875400	105533894	11029	-0.6051
SHUNS_p_TCGAb_388_389_NSP_GenomeWideSNP_6_F05_1464606	15	23437561	92580252	39710	-0.0407
SHUNS_p_TCGAb_388_389_NSP_GenomeWideSNP_6_F05_1464606	15	92581698	92694080	106	-0.4587
SHUNS_p_TCGAb_388_389_NSP_GenomeWideSNP_6_F05_1464606	15	92701772	101344124	5007	-0.0477
SHUNS_p_TCGAb_388_389_NSP_GenomeWideSNP_6_F05_1464606	16	603333	89317317	41273	0.2208
SHUNS_p_TCGAb_388_389_NSP_GenomeWideSNP_6_F05_1464606	17	1074619	16945436	8025	-0.0565
SHUNS_p_TCGAb_388_389_NSP_GenomeWideSNP_6_F05_1464606	17	16945606	16946165	2	-1.5864
SHUNS_p_TCGAb_388_389_NSP_GenomeWideSNP_6_F05_1464606	17	16947824	82959812	29328	-0.0573
SHUNS_p_TCGAb_388_389_NSP_GenomeWideSNP_6_F05_1464606	18	326691	8323566	4282	-0.3611
SHUNS_p_TCGAb_388_389_NSP_GenomeWideSNP_6_F05_1464606	18	8323986	8528272	200	-1.1786
SHUNS_p_TCGAb_388_389_NSP_GenomeWideSNP_6_F05_1464606	18	8531719	14533867	3752	-0.3696
SHUNS_p_TCGAb_388_389_NSP_GenomeWideSNP_6_F05_1464606	18	14540642	61739172	25525	-0.2536
SHUNS_p_TCGAb_388_389_NSP_GenomeWideSNP_6_F05_1464606	18	61742107	65501139	2391	-0.3991
SHUNS_p_TCGAb_388_389_NSP_GenomeWideSNP_6_F05_1464606	18	65501505	67337639	784	-0.2601
SHUNS_p_TCGAb_388_389_NSP_GenomeWideSNP_6_F05_1464606	18	67340306	67340638	2	1.025
SHUNS_p_TCGAb_388_389_NSP_GenomeWideSNP_6_F05_1464606	18	67345866	68890595	747	-0.2595
SHUNS_p_TCGAb_388_389_NSP_GenomeWideSNP_6_F05_1464606	18	68890816	79349796	5280	-0.3866
SHUNS_p_TCGAb_388_389_NSP_GenomeWideSNP_6_F05_1464606	19	283868	1283189	190	-0.002
SHUNS_p_TCGAb_388_389_NSP_GenomeWideSNP_6_F05_1464606	19	1302966	1465069	47	0.5834
SHUNS_p_TCGAb_388_389_NSP_GenomeWideSNP_6_F05_1464606	19	1465199	1939741	80	0.0164
SHUNS_p_TCGAb_388_389_NSP_GenomeWideSNP_6_F05_1464606	19	1943800	2591774	173	0.5508
SHUNS_p_TCGAb_388_389_NSP_GenomeWideSNP_6_F05_1464606	19	2592252	3412609	278	0.0432
SHUNS_p_TCGAb_388_389_NSP_GenomeWideSNP_6_F05_1464606	19	3418558	3542985	38	0.5054
SHUNS_p_TCGAb_388_389_NSP_GenomeWideSNP_6_F05_1464606	19	3554785	5050122	331	0.039
SHUNS_p_TCGAb_388_389_NSP_GenomeWideSNP_6_F05_1464606	19	5051122	5766079	327	0.6143
SHUNS_p_TCGAb_388_389_NSP_GenomeWideSNP_6_F05_1464606	19	5769433	6315679	246	0.0124
SHUNS_p_TCGAb_388_389_NSP_GenomeWideSNP_6_F05_1464606	19	6316491	9804077	1548	0.5776
SHUNS_p_TCGAb_388_389_NSP_GenomeWideSNP_6_F05_1464606	19	9804504	10132217	155	0.0049
SHUNS_p_TCGAb_388_389_NSP_GenomeWideSNP_6_F05_1464606	19	10133776	13934140	1617	0.5821
SHUNS_p_TCGAb_388_389_NSP_GenomeWideSNP_6_F05_1464606	19	13934220	23220361	3673	0.0183
SHUNS_p_TCGAb_388_389_NSP_GenomeWideSNP_6_F05_1464606	19	23228020	23240592	10	0.5864
SHUNS_p_TCGAb_388_389_NSP_GenomeWideSNP_6_F05_1464606	19	23245709	23329648	52	-8e-04
SHUNS_p_TCGAb_388_389_NSP_GenomeWideSNP_6_F05_1464606	19	23331385	27749470	343	0.5569
SHUNS_p_TCGAb_388_389_NSP_GenomeWideSNP_6_F05_1464606	19	27749586	54933806	13371	0.025
SHUNS_p_TCGAb_388_389_NSP_GenomeWideSNP_6_F05_1464606	19	54933920	54936139	4	-1.2215
SHUNS_p_TCGAb_388_389_NSP_GenomeWideSNP_6_F05_1464606	19	54936244	57690841	1428	0.027
SHUNS_p_TCGAb_388_389_NSP_GenomeWideSNP_6_F05_1464606	19	57698338	57698791	2	-1.0543
SHUNS_p_TCGAb_388_389_NSP_GenomeWideSNP_6_F05_1464606	19	57699121	58370362	329	0.0166
SHUNS_p_TCGAb_388_389_NSP_GenomeWideSNP_6_F05_1464606	20	472817	812140	237	1.2245
SHUNS_p_TCGAb_388_389_NSP_GenomeWideSNP_6_F05_1464606	20	812543	1215044	166	0.9973
SHUNS_p_TCGAb_388_389_NSP_GenomeWideSNP_6_F05_1464606	20	1215468	1345043	63	0.7141
SHUNS_p_TCGAb_388_389_NSP_GenomeWideSNP_6_F05_1464606	20	1359746	1407274	45	1.4684
SHUNS_p_TCGAb_388_389_NSP_GenomeWideSNP_6_F05_1464606	20	1407575	1435877	23	0.8018
SHUNS_p_TCGAb_388_389_NSP_GenomeWideSNP_6_F05_1464606	20	1436093	2121952	491	0.2801
SHUNS_p_TCGAb_388_389_NSP_GenomeWideSNP_6_F05_1464606	20	2124918	2128531	9	1.288
SHUNS_p_TCGAb_388_389_NSP_GenomeWideSNP_6_F05_1464606	20	2129426	2165639	38	0.2814
SHUNS_p_TCGAb_388_389_NSP_GenomeWideSNP_6_F05_1464606	20	2169266	2173694	7	0.9591
SHUNS_p_TCGAb_388_389_NSP_GenomeWideSNP_6_F05_1464606	20	2174502	2314284	123	0.7324
SHUNS_p_TCGAb_388_389_NSP_GenomeWideSNP_6_F05_1464606	20	2315065	2522425	193	0.9177
SHUNS_p_TCGAb_388_389_NSP_GenomeWideSNP_6_F05_1464606	20	2526756	13813305	7241	0.2859
SHUNS_p_TCGAb_388_389_NSP_GenomeWideSNP_6_F05_1464606	20	13816011	14492376	327	-0.6124
SHUNS_p_TCGAb_388_389_NSP_GenomeWideSNP_6_F05_1464606	20	14494475	15189497	123	-0.0901
SHUNS_p_TCGAb_388_389_NSP_GenomeWideSNP_6_F05_1464606	20	15192445	17103556	1752	-0.6144
SHUNS_p_TCGAb_388_389_NSP_GenomeWideSNP_6_F05_1464606	20	17105296	17141948	27	0.3745
SHUNS_p_TCGAb_388_389_NSP_GenomeWideSNP_6_F05_1464606	20	17143251	20208216	2523	-0.609
SHUNS_p_TCGAb_388_389_NSP_GenomeWideSNP_6_F05_1464606	20	20211955	20213032	2	-2.6332
SHUNS_p_TCGAb_388_389_NSP_GenomeWideSNP_6_F05_1464606	20	20213590	21230364	678	-0.5943
SHUNS_p_TCGAb_388_389_NSP_GenomeWideSNP_6_F05_1464606	20	21232436	22008972	416	0.2994
SHUNS_p_TCGAb_388_389_NSP_GenomeWideSNP_6_F05_1464606	20	22016477	22979809	771	-0.615
SHUNS_p_TCGAb_388_389_NSP_GenomeWideSNP_6_F05_1464606	20	22980392	22981594	2	-2.0962
SHUNS_p_TCGAb_388_389_NSP_GenomeWideSNP_6_F05_1464606	20	22983740	24033580	634	-0.6266
SHUNS_p_TCGAb_388_389_NSP_GenomeWideSNP_6_F05_1464606	20	24076934	24222239	134	0.333
SHUNS_p_TCGAb_388_389_NSP_GenomeWideSNP_6_F05_1464606	20	24226601	24235821	8	-0.566
SHUNS_p_TCGAb_388_389_NSP_GenomeWideSNP_6_F05_1464606	20	24236793	24248073	19	0.2253
SHUNS_p_TCGAb_388_389_NSP_GenomeWideSNP_6_F05_1464606	20	24252802	26217295	922	-0.5922
SHUNS_p_TCGAb_388_389_NSP_GenomeWideSNP_6_F05_1464606	20	31247668	32992076	841	0.5448
SHUNS_p_TCGAb_388_389_NSP_GenomeWideSNP_6_F05_1464606	20	33000220	35803413	1340	0.2542
SHUNS_p_TCGAb_388_389_NSP_GenomeWideSNP_6_F05_1464606	20	35805636	36961878	482	0.5435
SHUNS_p_TCGAb_388_389_NSP_GenomeWideSNP_6_F05_1464606	20	36962811	37094427	171	0.357
SHUNS_p_TCGAb_388_389_NSP_GenomeWideSNP_6_F05_1464606	20	37097999	37254176	85	0.5174
SHUNS_p_TCGAb_388_389_NSP_GenomeWideSNP_6_F05_1464606	20	37258546	39144913	1156	0.2461
SHUNS_p_TCGAb_388_389_NSP_GenomeWideSNP_6_F05_1464606	20	39146788	44394301	3658	0.5555
SHUNS_p_TCGAb_388_389_NSP_GenomeWideSNP_6_F05_1464606	20	44396523	45289107	503	0.251
SHUNS_p_TCGAb_388_389_NSP_GenomeWideSNP_6_F05_1464606	20	45289764	46926797	1068	0.5601
SHUNS_p_TCGAb_388_389_NSP_GenomeWideSNP_6_F05_1464606	20	46927128	47925746	747	0.2562
SHUNS_p_TCGAb_388_389_NSP_GenomeWideSNP_6_F05_1464606	20	47928311	48045464	82	0.5537
SHUNS_p_TCGAb_388_389_NSP_GenomeWideSNP_6_F05_1464606	20	48049094	48063768	17	0.1966
SHUNS_p_TCGAb_388_389_NSP_GenomeWideSNP_6_F05_1464606	20	48063996	48103476	27	0.5927
SHUNS_p_TCGAb_388_389_NSP_GenomeWideSNP_6_F05_1464606	20	48104117	49305796	838	0.2552
SHUNS_p_TCGAb_388_389_NSP_GenomeWideSNP_6_F05_1464606	20	49309064	51868949	1552	0.5419
SHUNS_p_TCGAb_388_389_NSP_GenomeWideSNP_6_F05_1464606	20	51870090	56584542	3401	0.2565
SHUNS_p_TCGAb_388_389_NSP_GenomeWideSNP_6_F05_1464606	20	56584684	63588502	4684	0.5686
SHUNS_p_TCGAb_388_389_NSP_GenomeWideSNP_6_F05_1464606	21	13974127	46262057	20791	-0.0547
SHUNS_p_TCGAb_388_389_NSP_GenomeWideSNP_6_F05_1464606	22	16934932	21949041	868	0.1645
SHUNS_p_TCGAb_388_389_NSP_GenomeWideSNP_6_F05_1464606	22	23474170	24144729	291	1.3335
SHUNS_p_TCGAb_388_389_NSP_GenomeWideSNP_6_F05_1464606	22	24145610	27112548	2043	0.1756
SHUNS_p_TCGAb_388_389_NSP_GenomeWideSNP_6_F05_1464606	22	27112896	27223883	106	-0.9184
SHUNS_p_TCGAb_388_389_NSP_GenomeWideSNP_6_F05_1464606	22	27224392	27224591	2	-2.9347
SHUNS_p_TCGAb_388_389_NSP_GenomeWideSNP_6_F05_1464606	22	27225190	27581994	394	-0.8906
SHUNS_p_TCGAb_388_389_NSP_GenomeWideSNP_6_F05_1464606	22	27585409	27646657	55	0.1187
SHUNS_p_TCGAb_388_389_NSP_GenomeWideSNP_6_F05_1464606	22	27647853	28519550	497	-0.8138
SHUNS_p_TCGAb_388_389_NSP_GenomeWideSNP_6_F05_1464606	22	28523100	28585526	25	0.11
SHUNS_p_TCGAb_388_389_NSP_GenomeWideSNP_6_F05_1464606	22	28600815	31278214	1460	-0.8527
SHUNS_p_TCGAb_388_389_NSP_GenomeWideSNP_6_F05_1464606	22	31280274	31349288	39	0.0473
SHUNS_p_TCGAb_388_389_NSP_GenomeWideSNP_6_F05_1464606	22	31351895	33427322	1467	-0.8337
SHUNS_p_TCGAb_388_389_NSP_GenomeWideSNP_6_F05_1464606	22	33429379	33462197	31	0.2021
SHUNS_p_TCGAb_388_389_NSP_GenomeWideSNP_6_F05_1464606	22	33464800	35316560	1717	-0.8551
SHUNS_p_TCGAb_388_389_NSP_GenomeWideSNP_6_F05_1464606	22	35323735	37951776	1315	0.1539
SHUNS_p_TCGAb_388_389_NSP_GenomeWideSNP_6_F05_1464606	22	37956363	38172826	80	1.4547
SHUNS_p_TCGAb_388_389_NSP_GenomeWideSNP_6_F05_1464606	22	38177015	39086005	415	1.2264
SHUNS_p_TCGAb_388_389_NSP_GenomeWideSNP_6_F05_1464606	22	39092388	39196276	51	1.4217
SHUNS_p_TCGAb_388_389_NSP_GenomeWideSNP_6_F05_1464606	22	39198735	40269536	480	0.5572
SHUNS_p_TCGAb_388_389_NSP_GenomeWideSNP_6_F05_1464606	22	40271871	40354285	39	0.8212
SHUNS_p_TCGAb_388_389_NSP_GenomeWideSNP_6_F05_1464606	22	40354948	40372909	7	1.756
SHUNS_p_TCGAb_388_389_NSP_GenomeWideSNP_6_F05_1464606	22	40376895	40581154	70	0.6771
SHUNS_p_TCGAb_388_389_NSP_GenomeWideSNP_6_F05_1464606	22	40581956	41104141	263	1.1489
SHUNS_p_TCGAb_388_389_NSP_GenomeWideSNP_6_F05_1464606	22	41109615	41110589	3	-0.0335
SHUNS_p_TCGAb_388_389_NSP_GenomeWideSNP_6_F05_1464606	22	41110604	41722750	403	1.1379
SHUNS_p_TCGAb_388_389_NSP_GenomeWideSNP_6_F05_1464606	22	41723104	42380962	345	0.9057
SHUNS_p_TCGAb_388_389_NSP_GenomeWideSNP_6_F05_1464606	22	42385617	43125396	326	0.1594
SHUNS_p_TCGAb_388_389_NSP_GenomeWideSNP_6_F05_1464606	22	43131603	43335551	148	0.7151
SHUNS_p_TCGAb_388_389_NSP_GenomeWideSNP_6_F05_1464606	22	43337152	43627522	171	1.3405
SHUNS_p_TCGAb_388_389_NSP_GenomeWideSNP_6_F05_1464606	22	43629408	44157014	446	0.7214
SHUNS_p_TCGAb_388_389_NSP_GenomeWideSNP_6_F05_1464606	22	44158899	46322736	1475	0.1687
SHUNS_p_TCGAb_388_389_NSP_GenomeWideSNP_6_F05_1464606	22	46326634	46332256	7	0.834
SHUNS_p_TCGAb_388_389_NSP_GenomeWideSNP_6_F05_1464606	22	46332961	47666450	963	0.1878
SHUNS_p_TCGAb_388_389_NSP_GenomeWideSNP_6_F05_1464606	22	47667961	47720505	3	-0.4441
SHUNS_p_TCGAb_388_389_NSP_GenomeWideSNP_6_F05_1464606	22	47724770	48326767	589	0.716
SHUNS_p_TCGAb_388_389_NSP_GenomeWideSNP_6_F05_1464606	22	48327681	48414982	96	0.9419
SHUNS_p_TCGAb_388_389_NSP_GenomeWideSNP_6_F05_1464606	22	48417534	48940621	385	0.1905
SHUNS_p_TCGAb_388_389_NSP_GenomeWideSNP_6_F05_1464606	X	3236359	12148090	2864	0.0156
SHUNS_p_TCGAb_388_389_NSP_GenomeWideSNP_6_F05_1464606	X	12156744	12158457	10	-0.7221
SHUNS_p_TCGAb_388_389_NSP_GenomeWideSNP_6_F05_1464606	X	12158936	57677858	20755	0.0137
SHUNS_p_TCGAb_388_389_NSP_GenomeWideSNP_6_F05_1464606	X	57678128	57678302	2	-3.9057
SHUNS_p_TCGAb_388_389_NSP_GenomeWideSNP_6_F05_1464606	X	57684248	89200811	10782	-0.008
SHUNS_p_TCGAb_388_389_NSP_GenomeWideSNP_6_F05_1464606	X	89210611	92695985	801	-0.0832
SHUNS_p_TCGAb_388_389_NSP_GenomeWideSNP_6_F05_1464606	X	92696202	122239407	13231	0.0033
SHUNS_p_TCGAb_388_389_NSP_GenomeWideSNP_6_F05_1464606	X	122239531	122241407	3	-2.3469
SHUNS_p_TCGAb_388_389_NSP_GenomeWideSNP_6_F05_1464606	X	122241657	126958699	2553	0.0013
SHUNS_p_TCGAb_388_389_NSP_GenomeWideSNP_6_F05_1464606	X	126960515	126967203	3	-2.222
SHUNS_p_TCGAb_388_389_NSP_GenomeWideSNP_6_F05_1464606	X	126969826	127973254	401	-0.0155
SHUNS_p_TCGAb_388_389_NSP_GenomeWideSNP_6_F05_1464606	X	127974831	127975560	3	-1.6936
SHUNS_p_TCGAb_388_389_NSP_GenomeWideSNP_6_F05_1464606	X	127975921	155677414	12095	0.0132
