Sample	Chromosome	Start	End	Num_Probes	Segment_Mean
FENCE_p_TCGAb_332_333_334_NSP_GenomeWideSNP_6_A03_1367374	1	3301765	4543808	827	0.1647
FENCE_p_TCGAb_332_333_334_NSP_GenomeWideSNP_6_A03_1367374	1	4544044	5135834	471	-0.1286
FENCE_p_TCGAb_332_333_334_NSP_GenomeWideSNP_6_A03_1367374	1	5137891	10445075	2881	0.1524
FENCE_p_TCGAb_332_333_334_NSP_GenomeWideSNP_6_A03_1367374	1	10446134	11531747	562	-0.1515
FENCE_p_TCGAb_332_333_334_NSP_GenomeWideSNP_6_A03_1367374	1	11538613	11892155	192	0.114
FENCE_p_TCGAb_332_333_334_NSP_GenomeWideSNP_6_A03_1367374	1	11895645	46955890	18489	-0.1343
FENCE_p_TCGAb_332_333_334_NSP_GenomeWideSNP_6_A03_1367374	1	46955948	51412493	2309	-0.0678
FENCE_p_TCGAb_332_333_334_NSP_GenomeWideSNP_6_A03_1367374	1	51414046	55088323	2083	-0.1222
FENCE_p_TCGAb_332_333_334_NSP_GenomeWideSNP_6_A03_1367374	1	55088337	62186114	5291	-0.0753
FENCE_p_TCGAb_332_333_334_NSP_GenomeWideSNP_6_A03_1367374	1	62190512	62190838	2	-1.5254
FENCE_p_TCGAb_332_333_334_NSP_GenomeWideSNP_6_A03_1367374	1	62196120	67215319	3585	-0.0638
FENCE_p_TCGAb_332_333_334_NSP_GenomeWideSNP_6_A03_1367374	1	67219433	67429213	156	0.1926
FENCE_p_TCGAb_332_333_334_NSP_GenomeWideSNP_6_A03_1367374	1	67438134	87817868	12202	-0.0547
FENCE_p_TCGAb_332_333_334_NSP_GenomeWideSNP_6_A03_1367374	1	87826864	88512684	501	0.87
FENCE_p_TCGAb_332_333_334_NSP_GenomeWideSNP_6_A03_1367374	1	88513764	89757514	733	0.6642
FENCE_p_TCGAb_332_333_334_NSP_GenomeWideSNP_6_A03_1367374	1	89757644	90996914	784	0.8542
FENCE_p_TCGAb_332_333_334_NSP_GenomeWideSNP_6_A03_1367374	1	91006936	91321022	182	0.988
FENCE_p_TCGAb_332_333_334_NSP_GenomeWideSNP_6_A03_1367374	1	91327260	91359019	42	0.7465
FENCE_p_TCGAb_332_333_334_NSP_GenomeWideSNP_6_A03_1367374	1	91364506	92311131	529	1.0159
FENCE_p_TCGAb_332_333_334_NSP_GenomeWideSNP_6_A03_1367374	1	92314467	92370867	28	0.8203
FENCE_p_TCGAb_332_333_334_NSP_GenomeWideSNP_6_A03_1367374	1	92374918	92423851	25	0.4973
FENCE_p_TCGAb_332_333_334_NSP_GenomeWideSNP_6_A03_1367374	1	92424980	92474214	27	0.853
FENCE_p_TCGAb_332_333_334_NSP_GenomeWideSNP_6_A03_1367374	1	92474421	92481581	10	0.4323
FENCE_p_TCGAb_332_333_334_NSP_GenomeWideSNP_6_A03_1367374	1	92481694	92570037	35	0.8659
FENCE_p_TCGAb_332_333_334_NSP_GenomeWideSNP_6_A03_1367374	1	92571348	107822745	8878	-0.0627
FENCE_p_TCGAb_332_333_334_NSP_GenomeWideSNP_6_A03_1367374	1	107827250	108824363	469	0.844
FENCE_p_TCGAb_332_333_334_NSP_GenomeWideSNP_6_A03_1367374	1	108827892	108829252	2	-1.5319
FENCE_p_TCGAb_332_333_334_NSP_GenomeWideSNP_6_A03_1367374	1	108830979	108962041	73	0.8181
FENCE_p_TCGAb_332_333_334_NSP_GenomeWideSNP_6_A03_1367374	1	108962290	108966416	3	1.7395
FENCE_p_TCGAb_332_333_334_NSP_GenomeWideSNP_6_A03_1367374	1	108966674	110992718	1141	0.8111
FENCE_p_TCGAb_332_333_334_NSP_GenomeWideSNP_6_A03_1367374	1	110995082	116295203	3513	0.9757
FENCE_p_TCGAb_332_333_334_NSP_GenomeWideSNP_6_A03_1367374	1	116295586	116579243	172	1.1521
FENCE_p_TCGAb_332_333_334_NSP_GenomeWideSNP_6_A03_1367374	1	116580889	117275774	465	0.6374
FENCE_p_TCGAb_332_333_334_NSP_GenomeWideSNP_6_A03_1367374	1	117278758	149907993	1582	0.454
FENCE_p_TCGAb_332_333_334_NSP_GenomeWideSNP_6_A03_1367374	1	149909846	151658036	649	0.1319
FENCE_p_TCGAb_332_333_334_NSP_GenomeWideSNP_6_A03_1367374	1	151659216	153831860	1211	0.2039
FENCE_p_TCGAb_332_333_334_NSP_GenomeWideSNP_6_A03_1367374	1	153833274	156915699	1422	0.1413
FENCE_p_TCGAb_332_333_334_NSP_GenomeWideSNP_6_A03_1367374	1	156915847	160720465	2541	0.2031
FENCE_p_TCGAb_332_333_334_NSP_GenomeWideSNP_6_A03_1367374	1	160724570	161776888	463	0.1359
FENCE_p_TCGAb_332_333_334_NSP_GenomeWideSNP_6_A03_1367374	1	161778266	168633624	5229	0.2223
FENCE_p_TCGAb_332_333_334_NSP_GenomeWideSNP_6_A03_1367374	1	168636989	168637645	4	-1.1052
FENCE_p_TCGAb_332_333_334_NSP_GenomeWideSNP_6_A03_1367374	1	168642608	197977476	17954	0.2224
FENCE_p_TCGAb_332_333_334_NSP_GenomeWideSNP_6_A03_1367374	1	197978043	207877714	6277	0.1893
FENCE_p_TCGAb_332_333_334_NSP_GenomeWideSNP_6_A03_1367374	1	207878043	213481236	3912	0.213
FENCE_p_TCGAb_332_333_334_NSP_GenomeWideSNP_6_A03_1367374	1	213482431	225400674	7896	0.2362
FENCE_p_TCGAb_332_333_334_NSP_GenomeWideSNP_6_A03_1367374	1	225400831	234780167	6092	0.2157
FENCE_p_TCGAb_332_333_334_NSP_GenomeWideSNP_6_A03_1367374	1	234794424	235500574	338	0.1239
FENCE_p_TCGAb_332_333_334_NSP_GenomeWideSNP_6_A03_1367374	1	235515448	245861891	7190	0.2093
FENCE_p_TCGAb_332_333_334_NSP_GenomeWideSNP_6_A03_1367374	1	245862031	247650984	567	0.1592
FENCE_p_TCGAb_332_333_334_NSP_GenomeWideSNP_6_A03_1367374	2	480597	105637352	56357	-0.0845
FENCE_p_TCGAb_332_333_334_NSP_GenomeWideSNP_6_A03_1367374	2	105638332	107138121	1028	0.2173
FENCE_p_TCGAb_332_333_334_NSP_GenomeWideSNP_6_A03_1367374	2	107138608	107143452	2	-0.9548
FENCE_p_TCGAb_332_333_334_NSP_GenomeWideSNP_6_A03_1367374	2	107143810	113862367	2913	0.2043
FENCE_p_TCGAb_332_333_334_NSP_GenomeWideSNP_6_A03_1367374	2	113866118	218153746	57879	0.2403
FENCE_p_TCGAb_332_333_334_NSP_GenomeWideSNP_6_A03_1367374	2	218156191	219487369	640	0.1723
FENCE_p_TCGAb_332_333_334_NSP_GenomeWideSNP_6_A03_1367374	2	219490807	228273192	5778	0.2475
FENCE_p_TCGAb_332_333_334_NSP_GenomeWideSNP_6_A03_1367374	2	228274111	241537572	7746	0.2017
FENCE_p_TCGAb_332_333_334_NSP_GenomeWideSNP_6_A03_1367374	3	2170634	9371727	4279	0.2378
FENCE_p_TCGAb_332_333_334_NSP_GenomeWideSNP_6_A03_1367374	3	9393556	15474657	3910	0.2075
FENCE_p_TCGAb_332_333_334_NSP_GenomeWideSNP_6_A03_1367374	3	15476600	17037302	1066	0.2393
FENCE_p_TCGAb_332_333_334_NSP_GenomeWideSNP_6_A03_1367374	3	17037348	17041737	4	-0.5416
FENCE_p_TCGAb_332_333_334_NSP_GenomeWideSNP_6_A03_1367374	3	17044626	24247428	3650	0.2397
FENCE_p_TCGAb_332_333_334_NSP_GenomeWideSNP_6_A03_1367374	3	24249189	24249706	5	-0.5667
FENCE_p_TCGAb_332_333_334_NSP_GenomeWideSNP_6_A03_1367374	3	24254488	24317415	49	0.2313
FENCE_p_TCGAb_332_333_334_NSP_GenomeWideSNP_6_A03_1367374	3	24318048	30077427	3679	0.2655
FENCE_p_TCGAb_332_333_334_NSP_GenomeWideSNP_6_A03_1367374	3	30077654	30092974	18	0.6456
FENCE_p_TCGAb_332_333_334_NSP_GenomeWideSNP_6_A03_1367374	3	30100850	31263449	848	0.2777
FENCE_p_TCGAb_332_333_334_NSP_GenomeWideSNP_6_A03_1367374	3	31264749	43218144	7174	0.2323
FENCE_p_TCGAb_332_333_334_NSP_GenomeWideSNP_6_A03_1367374	3	43218306	53314524	4688	0.1832
FENCE_p_TCGAb_332_333_334_NSP_GenomeWideSNP_6_A03_1367374	3	53317860	77344958	15437	0.2382
FENCE_p_TCGAb_332_333_334_NSP_GenomeWideSNP_6_A03_1367374	3	77352362	77407876	45	-0.0983
FENCE_p_TCGAb_332_333_334_NSP_GenomeWideSNP_6_A03_1367374	3	77408213	111163208	15689	0.2477
FENCE_p_TCGAb_332_333_334_NSP_GenomeWideSNP_6_A03_1367374	3	111165952	111233239	43	-0.132
FENCE_p_TCGAb_332_333_334_NSP_GenomeWideSNP_6_A03_1367374	3	111235606	127450277	9800	0.2374
FENCE_p_TCGAb_332_333_334_NSP_GenomeWideSNP_6_A03_1367374	3	127452666	129949025	1251	0.1846
FENCE_p_TCGAb_332_333_334_NSP_GenomeWideSNP_6_A03_1367374	3	129949941	188408659	30919	0.242
FENCE_p_TCGAb_332_333_334_NSP_GenomeWideSNP_6_A03_1367374	3	188410698	188411766	3	-1.0946
FENCE_p_TCGAb_332_333_334_NSP_GenomeWideSNP_6_A03_1367374	3	188414322	195224186	4226	0.2335
FENCE_p_TCGAb_332_333_334_NSP_GenomeWideSNP_6_A03_1367374	3	195229968	196421184	261	0.1129
FENCE_p_TCGAb_332_333_334_NSP_GenomeWideSNP_6_A03_1367374	3	196422796	196464176	15	0.5738
FENCE_p_TCGAb_332_333_334_NSP_GenomeWideSNP_6_A03_1367374	3	196464533	197812401	248	0.1926
FENCE_p_TCGAb_332_333_334_NSP_GenomeWideSNP_6_A03_1367374	4	1059384	9789088	4432	0.2036
FENCE_p_TCGAb_332_333_334_NSP_GenomeWideSNP_6_A03_1367374	4	9789891	38143848	18742	0.248
FENCE_p_TCGAb_332_333_334_NSP_GenomeWideSNP_6_A03_1367374	4	38147206	41480905	1907	0.1967
FENCE_p_TCGAb_332_333_334_NSP_GenomeWideSNP_6_A03_1367374	4	41482172	51914022	3379	0.25
FENCE_p_TCGAb_332_333_334_NSP_GenomeWideSNP_6_A03_1367374	4	51914069	80548955	16140	0.488
FENCE_p_TCGAb_332_333_334_NSP_GenomeWideSNP_6_A03_1367374	4	80549456	80687633	79	0.1765
FENCE_p_TCGAb_332_333_334_NSP_GenomeWideSNP_6_A03_1367374	4	80693929	96700543	9284	-0.0552
FENCE_p_TCGAb_332_333_334_NSP_GenomeWideSNP_6_A03_1367374	4	96705524	96706045	4	-1.2896
FENCE_p_TCGAb_332_333_334_NSP_GenomeWideSNP_6_A03_1367374	4	96708630	115883489	10790	-0.0557
FENCE_p_TCGAb_332_333_334_NSP_GenomeWideSNP_6_A03_1367374	4	115883919	115895403	5	-1.5701
FENCE_p_TCGAb_332_333_334_NSP_GenomeWideSNP_6_A03_1367374	4	115897506	180604429	35632	-0.0546
FENCE_p_TCGAb_332_333_334_NSP_GenomeWideSNP_6_A03_1367374	4	181157671	181652596	367	-2.5161
FENCE_p_TCGAb_332_333_334_NSP_GenomeWideSNP_6_A03_1367374	4	181655250	181680953	38	-4.1031
FENCE_p_TCGAb_332_333_334_NSP_GenomeWideSNP_6_A03_1367374	4	181681362	181835967	149	-2.1962
FENCE_p_TCGAb_332_333_334_NSP_GenomeWideSNP_6_A03_1367374	4	181836093	181997633	125	-0.9674
FENCE_p_TCGAb_332_333_334_NSP_GenomeWideSNP_6_A03_1367374	4	181997871	187842528	2567	-0.0679
FENCE_p_TCGAb_332_333_334_NSP_GenomeWideSNP_6_A03_1367374	5	913983	1315228	68	0.1983
FENCE_p_TCGAb_332_333_334_NSP_GenomeWideSNP_6_A03_1367374	5	1321758	5153798	2739	-1.1689
FENCE_p_TCGAb_332_333_334_NSP_GenomeWideSNP_6_A03_1367374	5	5154102	5373635	238	0.2415
FENCE_p_TCGAb_332_333_334_NSP_GenomeWideSNP_6_A03_1367374	5	5373719	5799874	333	-1.1081
FENCE_p_TCGAb_332_333_334_NSP_GenomeWideSNP_6_A03_1367374	5	5800384	5800483	2	-6.8538
FENCE_p_TCGAb_332_333_334_NSP_GenomeWideSNP_6_A03_1367374	5	5802851	7812485	1521	-1.1082
FENCE_p_TCGAb_332_333_334_NSP_GenomeWideSNP_6_A03_1367374	5	7813147	12422568	3291	0.2544
FENCE_p_TCGAb_332_333_334_NSP_GenomeWideSNP_6_A03_1367374	5	12428665	13444394	318	-1.0563
FENCE_p_TCGAb_332_333_334_NSP_GenomeWideSNP_6_A03_1367374	5	13446297	13479434	21	0.3112
FENCE_p_TCGAb_332_333_334_NSP_GenomeWideSNP_6_A03_1367374	5	13481644	13530080	68	-0.9939
FENCE_p_TCGAb_332_333_334_NSP_GenomeWideSNP_6_A03_1367374	5	13532585	45383300	17537	0.2421
FENCE_p_TCGAb_332_333_334_NSP_GenomeWideSNP_6_A03_1367374	5	50828231	83342044	18433	-0.4708
FENCE_p_TCGAb_332_333_334_NSP_GenomeWideSNP_6_A03_1367374	5	83343510	128291517	24391	-0.45
FENCE_p_TCGAb_332_333_334_NSP_GenomeWideSNP_6_A03_1367374	5	128291839	172240274	27484	-0.4718
FENCE_p_TCGAb_332_333_334_NSP_GenomeWideSNP_6_A03_1367374	5	172240564	180934240	4697	-0.5357
FENCE_p_TCGAb_332_333_334_NSP_GenomeWideSNP_6_A03_1367374	6	1011760	8561195	5613	0.2244
FENCE_p_TCGAb_332_333_334_NSP_GenomeWideSNP_6_A03_1367374	6	8561443	8572214	13	1.1718
FENCE_p_TCGAb_332_333_334_NSP_GenomeWideSNP_6_A03_1367374	6	8572271	8590214	12	0.345
FENCE_p_TCGAb_332_333_334_NSP_GenomeWideSNP_6_A03_1367374	6	8592266	8606083	8	1.3028
FENCE_p_TCGAb_332_333_334_NSP_GenomeWideSNP_6_A03_1367374	6	8612885	10276878	1165	0.2827
FENCE_p_TCGAb_332_333_334_NSP_GenomeWideSNP_6_A03_1367374	6	10276925	22186265	8171	0.2237
FENCE_p_TCGAb_332_333_334_NSP_GenomeWideSNP_6_A03_1367374	6	22186635	24558477	1777	0.2631
FENCE_p_TCGAb_332_333_334_NSP_GenomeWideSNP_6_A03_1367374	6	24559205	38834025	6065	0.1824
FENCE_p_TCGAb_332_333_334_NSP_GenomeWideSNP_6_A03_1367374	6	38837130	41522883	2025	0.2339
FENCE_p_TCGAb_332_333_334_NSP_GenomeWideSNP_6_A03_1367374	6	41525378	43689266	1148	0.1618
FENCE_p_TCGAb_332_333_334_NSP_GenomeWideSNP_6_A03_1367374	6	43689390	56594678	7868	0.2523
FENCE_p_TCGAb_332_333_334_NSP_GenomeWideSNP_6_A03_1367374	6	56600875	62710405	831	-0.0691
FENCE_p_TCGAb_332_333_334_NSP_GenomeWideSNP_6_A03_1367374	6	62710458	63633609	475	-0.4813
FENCE_p_TCGAb_332_333_334_NSP_GenomeWideSNP_6_A03_1367374	6	63634955	63635137	2	-2.3169
FENCE_p_TCGAb_332_333_334_NSP_GenomeWideSNP_6_A03_1367374	6	63636907	63834339	79	-0.5023
FENCE_p_TCGAb_332_333_334_NSP_GenomeWideSNP_6_A03_1367374	6	63841558	64424405	287	0.0748
FENCE_p_TCGAb_332_333_334_NSP_GenomeWideSNP_6_A03_1367374	6	64427201	64479898	27	-0.3419
FENCE_p_TCGAb_332_333_334_NSP_GenomeWideSNP_6_A03_1367374	6	64483927	64815002	192	0.1083
FENCE_p_TCGAb_332_333_334_NSP_GenomeWideSNP_6_A03_1367374	6	64815228	167908260	60641	-0.4687
FENCE_p_TCGAb_332_333_334_NSP_GenomeWideSNP_6_A03_1367374	6	167910039	169455205	385	-1.1407
FENCE_p_TCGAb_332_333_334_NSP_GenomeWideSNP_6_A03_1367374	6	169455257	170596889	429	-0.4661
FENCE_p_TCGAb_332_333_334_NSP_GenomeWideSNP_6_A03_1367374	7	664936	6739639	2317	0.1554
FENCE_p_TCGAb_332_333_334_NSP_GenomeWideSNP_6_A03_1367374	7	6758397	11988346	2589	0.2313
FENCE_p_TCGAb_332_333_334_NSP_GenomeWideSNP_6_A03_1367374	7	11991918	20738200	5134	0.2642
FENCE_p_TCGAb_332_333_334_NSP_GenomeWideSNP_6_A03_1367374	7	20738288	55199064	22898	0.2272
FENCE_p_TCGAb_332_333_334_NSP_GenomeWideSNP_6_A03_1367374	7	55199467	78601155	6803	0.1808
FENCE_p_TCGAb_332_333_334_NSP_GenomeWideSNP_6_A03_1367374	7	78603509	78750200	116	-0.09
FENCE_p_TCGAb_332_333_334_NSP_GenomeWideSNP_6_A03_1367374	7	78755339	78855738	72	0.237
FENCE_p_TCGAb_332_333_334_NSP_GenomeWideSNP_6_A03_1367374	7	78864705	78905963	31	-0.1708
FENCE_p_TCGAb_332_333_334_NSP_GenomeWideSNP_6_A03_1367374	7	78907262	79513184	398	0.2451
FENCE_p_TCGAb_332_333_334_NSP_GenomeWideSNP_6_A03_1367374	7	79518187	79529924	8	-0.3013
FENCE_p_TCGAb_332_333_334_NSP_GenomeWideSNP_6_A03_1367374	7	79538049	97744169	9760	0.4999
FENCE_p_TCGAb_332_333_334_NSP_GenomeWideSNP_6_A03_1367374	7	97744224	102841444	1833	0.3945
FENCE_p_TCGAb_332_333_334_NSP_GenomeWideSNP_6_A03_1367374	7	102841531	107347275	2761	0.4732
FENCE_p_TCGAb_332_333_334_NSP_GenomeWideSNP_6_A03_1367374	7	107347628	107350945	3	-0.6396
FENCE_p_TCGAb_332_333_334_NSP_GenomeWideSNP_6_A03_1367374	7	107363637	107779357	190	0.4595
FENCE_p_TCGAb_332_333_334_NSP_GenomeWideSNP_6_A03_1367374	7	107779896	126165689	9761	0.4985
FENCE_p_TCGAb_332_333_334_NSP_GenomeWideSNP_6_A03_1367374	7	126169868	133985763	4306	0.4601
FENCE_p_TCGAb_332_333_334_NSP_GenomeWideSNP_6_A03_1367374	7	133986066	137898475	2530	0.502
FENCE_p_TCGAb_332_333_334_NSP_GenomeWideSNP_6_A03_1367374	7	137899799	158592540	10609	0.457
FENCE_p_TCGAb_332_333_334_NSP_GenomeWideSNP_6_A03_1367374	8	667625	129099922	73180	0.2329
FENCE_p_TCGAb_332_333_334_NSP_GenomeWideSNP_6_A03_1367374	8	129104450	129115872	13	-0.5399
FENCE_p_TCGAb_332_333_334_NSP_GenomeWideSNP_6_A03_1367374	8	129124380	129563230	307	0.2822
FENCE_p_TCGAb_332_333_334_NSP_GenomeWideSNP_6_A03_1367374	8	129565021	129778804	195	0.4902
FENCE_p_TCGAb_332_333_334_NSP_GenomeWideSNP_6_A03_1367374	8	129835929	130504825	378	0.1885
FENCE_p_TCGAb_332_333_334_NSP_GenomeWideSNP_6_A03_1367374	8	130505238	139584307	6989	0.2488
FENCE_p_TCGAb_332_333_334_NSP_GenomeWideSNP_6_A03_1367374	8	139585619	144182542	1240	0.1763
FENCE_p_TCGAb_332_333_334_NSP_GenomeWideSNP_6_A03_1367374	9	789794	10518335	5868	-0.0677
FENCE_p_TCGAb_332_333_334_NSP_GenomeWideSNP_6_A03_1367374	9	10520063	10552932	59	-1.2514
FENCE_p_TCGAb_332_333_334_NSP_GenomeWideSNP_6_A03_1367374	9	10557979	20512501	6734	-0.0553
FENCE_p_TCGAb_332_333_334_NSP_GenomeWideSNP_6_A03_1367374	9	20513135	20513641	3	-1.2473
FENCE_p_TCGAb_332_333_334_NSP_GenomeWideSNP_6_A03_1367374	9	20513714	21361958	654	-0.0464
FENCE_p_TCGAb_332_333_334_NSP_GenomeWideSNP_6_A03_1367374	9	21362519	21731368	209	-0.4608
FENCE_p_TCGAb_332_333_334_NSP_GenomeWideSNP_6_A03_1367374	9	21732467	21747776	12	-0.6572
FENCE_p_TCGAb_332_333_334_NSP_GenomeWideSNP_6_A03_1367374	9	21747804	22455893	457	-0.9939
FENCE_p_TCGAb_332_333_334_NSP_GenomeWideSNP_6_A03_1367374	9	22462908	22518124	18	-0.5385
FENCE_p_TCGAb_332_333_334_NSP_GenomeWideSNP_6_A03_1367374	9	22520469	22780589	177	-0.4415
FENCE_p_TCGAb_332_333_334_NSP_GenomeWideSNP_6_A03_1367374	9	22783419	36266366	7760	-0.0732
FENCE_p_TCGAb_332_333_334_NSP_GenomeWideSNP_6_A03_1367374	9	36270270	36453179	87	0.2085
FENCE_p_TCGAb_332_333_334_NSP_GenomeWideSNP_6_A03_1367374	9	36457449	37033162	447	-0.1126
FENCE_p_TCGAb_332_333_334_NSP_GenomeWideSNP_6_A03_1367374	9	37033364	37034672	3	-1.134
FENCE_p_TCGAb_332_333_334_NSP_GenomeWideSNP_6_A03_1367374	9	37035184	88208720	15040	-0.0759
FENCE_p_TCGAb_332_333_334_NSP_GenomeWideSNP_6_A03_1367374	9	88210409	97095466	5601	-0.1017
FENCE_p_TCGAb_332_333_334_NSP_GenomeWideSNP_6_A03_1367374	9	97095666	123875165	18101	-0.0698
FENCE_p_TCGAb_332_333_334_NSP_GenomeWideSNP_6_A03_1367374	9	123876908	138044505	7370	-0.1431
FENCE_p_TCGAb_332_333_334_NSP_GenomeWideSNP_6_A03_1367374	10	366509	90827743	54688	-0.4888
FENCE_p_TCGAb_332_333_334_NSP_GenomeWideSNP_6_A03_1367374	10	90833152	92320936	862	0.1505
FENCE_p_TCGAb_332_333_334_NSP_GenomeWideSNP_6_A03_1367374	10	92694399	105265664	7364	-0.4907
FENCE_p_TCGAb_332_333_334_NSP_GenomeWideSNP_6_A03_1367374	10	105266144	117077171	7933	-0.4598
FENCE_p_TCGAb_332_333_334_NSP_GenomeWideSNP_6_A03_1367374	10	117078220	127713904	7786	-0.4945
FENCE_p_TCGAb_332_333_334_NSP_GenomeWideSNP_6_A03_1367374	10	127716242	127953400	183	-0.1019
FENCE_p_TCGAb_332_333_334_NSP_GenomeWideSNP_6_A03_1367374	10	127959586	133411599	2574	-0.5241
FENCE_p_TCGAb_332_333_334_NSP_GenomeWideSNP_6_A03_1367374	11	456012	3966600	1257	-0.5037
FENCE_p_TCGAb_332_333_334_NSP_GenomeWideSNP_6_A03_1367374	11	3969711	25508117	14979	-0.4254
FENCE_p_TCGAb_332_333_334_NSP_GenomeWideSNP_6_A03_1367374	11	25508441	31627946	3774	-0.3882
FENCE_p_TCGAb_332_333_334_NSP_GenomeWideSNP_6_A03_1367374	11	31630672	32311330	498	-0.4282
FENCE_p_TCGAb_332_333_334_NSP_GenomeWideSNP_6_A03_1367374	11	32311449	32400431	92	-0.5193
FENCE_p_TCGAb_332_333_334_NSP_GenomeWideSNP_6_A03_1367374	11	32402206	32629698	193	-0.0627
FENCE_p_TCGAb_332_333_334_NSP_GenomeWideSNP_6_A03_1367374	11	32634097	44241259	7249	-0.4211
FENCE_p_TCGAb_332_333_334_NSP_GenomeWideSNP_6_A03_1367374	11	44242756	49187009	2338	-0.4701
FENCE_p_TCGAb_332_333_334_NSP_GenomeWideSNP_6_A03_1367374	11	49191313	60695482	2902	-0.4168
FENCE_p_TCGAb_332_333_334_NSP_GenomeWideSNP_6_A03_1367374	11	60697688	74664430	5974	-0.4943
FENCE_p_TCGAb_332_333_334_NSP_GenomeWideSNP_6_A03_1367374	11	74664622	80011700	3258	-0.4415
FENCE_p_TCGAb_332_333_334_NSP_GenomeWideSNP_6_A03_1367374	11	80012275	89600217	5963	-0.3922
FENCE_p_TCGAb_332_333_334_NSP_GenomeWideSNP_6_A03_1367374	11	89600250	89605554	2	-2.2769
FENCE_p_TCGAb_332_333_334_NSP_GenomeWideSNP_6_A03_1367374	11	89605967	112082198	13760	-0.402
FENCE_p_TCGAb_332_333_334_NSP_GenomeWideSNP_6_A03_1367374	11	112084778	134272740	15482	-0.4366
FENCE_p_TCGAb_332_333_334_NSP_GenomeWideSNP_6_A03_1367374	12	780472	12776584	6721	0.4419
FENCE_p_TCGAb_332_333_334_NSP_GenomeWideSNP_6_A03_1367374	12	12784340	31084262	11766	0.4916
FENCE_p_TCGAb_332_333_334_NSP_GenomeWideSNP_6_A03_1367374	12	31085371	32918356	1043	0.4366
FENCE_p_TCGAb_332_333_334_NSP_GenomeWideSNP_6_A03_1367374	12	32918670	44157264	3159	0.4914
FENCE_p_TCGAb_332_333_334_NSP_GenomeWideSNP_6_A03_1367374	12	44159670	44191739	15	-0.4954
FENCE_p_TCGAb_332_333_334_NSP_GenomeWideSNP_6_A03_1367374	12	44197402	44234885	35	0.4725
FENCE_p_TCGAb_332_333_334_NSP_GenomeWideSNP_6_A03_1367374	12	44237667	45113759	501	-0.4656
FENCE_p_TCGAb_332_333_334_NSP_GenomeWideSNP_6_A03_1367374	12	45113794	48330855	1864	0.464
FENCE_p_TCGAb_332_333_334_NSP_GenomeWideSNP_6_A03_1367374	12	48330893	54212222	3003	0.4256
FENCE_p_TCGAb_332_333_334_NSP_GenomeWideSNP_6_A03_1367374	12	54214012	54414433	58	0.6562
FENCE_p_TCGAb_332_333_334_NSP_GenomeWideSNP_6_A03_1367374	12	54417924	57801279	1748	0.4243
FENCE_p_TCGAb_332_333_334_NSP_GenomeWideSNP_6_A03_1367374	12	57806572	65481965	4622	0.4804
FENCE_p_TCGAb_332_333_334_NSP_GenomeWideSNP_6_A03_1367374	12	65486177	66474195	616	-0.4687
FENCE_p_TCGAb_332_333_334_NSP_GenomeWideSNP_6_A03_1367374	12	66482424	71778991	3630	0.4743
FENCE_p_TCGAb_332_333_334_NSP_GenomeWideSNP_6_A03_1367374	12	71779110	71889499	62	0.9546
FENCE_p_TCGAb_332_333_334_NSP_GenomeWideSNP_6_A03_1367374	12	71894982	73014896	572	0.4834
FENCE_p_TCGAb_332_333_334_NSP_GenomeWideSNP_6_A03_1367374	12	73016488	73016529	3	-0.6256
FENCE_p_TCGAb_332_333_334_NSP_GenomeWideSNP_6_A03_1367374	12	73016794	73050810	32	0.4363
FENCE_p_TCGAb_332_333_334_NSP_GenomeWideSNP_6_A03_1367374	12	73054484	73137933	51	-0.4599
FENCE_p_TCGAb_332_333_334_NSP_GenomeWideSNP_6_A03_1367374	12	73142089	73183758	23	0.5933
FENCE_p_TCGAb_332_333_334_NSP_GenomeWideSNP_6_A03_1367374	12	73192206	74194671	473	-0.4551
FENCE_p_TCGAb_332_333_334_NSP_GenomeWideSNP_6_A03_1367374	12	74195039	74271155	28	0.4863
FENCE_p_TCGAb_332_333_334_NSP_GenomeWideSNP_6_A03_1367374	12	74280965	74326248	19	-0.4159
FENCE_p_TCGAb_332_333_334_NSP_GenomeWideSNP_6_A03_1367374	12	74328762	74523773	144	0.4916
FENCE_p_TCGAb_332_333_334_NSP_GenomeWideSNP_6_A03_1367374	12	74527667	77329129	1807	-0.4451
FENCE_p_TCGAb_332_333_334_NSP_GenomeWideSNP_6_A03_1367374	12	77334945	78719834	1022	0.5024
FENCE_p_TCGAb_332_333_334_NSP_GenomeWideSNP_6_A03_1367374	12	78722255	110739865	19728	-0.4749
FENCE_p_TCGAb_332_333_334_NSP_GenomeWideSNP_6_A03_1367374	12	110749035	119826880	5748	-0.0627
FENCE_p_TCGAb_332_333_334_NSP_GenomeWideSNP_6_A03_1367374	12	119827935	123819538	1694	-0.1227
FENCE_p_TCGAb_332_333_334_NSP_GenomeWideSNP_6_A03_1367374	12	123825985	132605822	4289	-0.0721
FENCE_p_TCGAb_332_333_334_NSP_GenomeWideSNP_6_A03_1367374	13	18874255	31432752	7651	-0.076
FENCE_p_TCGAb_332_333_334_NSP_GenomeWideSNP_6_A03_1367374	13	31435803	46399646	9821	-0.0423
FENCE_p_TCGAb_332_333_334_NSP_GenomeWideSNP_6_A03_1367374	13	46400417	46671856	156	0.1906
FENCE_p_TCGAb_332_333_334_NSP_GenomeWideSNP_6_A03_1367374	13	46671914	98074599	28706	-0.0465
FENCE_p_TCGAb_332_333_334_NSP_GenomeWideSNP_6_A03_1367374	13	98074798	114226675	10764	-0.0725
FENCE_p_TCGAb_332_333_334_NSP_GenomeWideSNP_6_A03_1367374	14	20033191	25090617	2185	-0.0838
FENCE_p_TCGAb_332_333_334_NSP_GenomeWideSNP_6_A03_1367374	14	25091471	25092197	2	-1.2145
FENCE_p_TCGAb_332_333_334_NSP_GenomeWideSNP_6_A03_1367374	14	25094880	25790783	457	-0.0459
FENCE_p_TCGAb_332_333_334_NSP_GenomeWideSNP_6_A03_1367374	14	25790845	26844770	681	-0.4538
FENCE_p_TCGAb_332_333_334_NSP_GenomeWideSNP_6_A03_1367374	14	26846757	26891099	26	0.026
FENCE_p_TCGAb_332_333_334_NSP_GenomeWideSNP_6_A03_1367374	14	26894768	26910837	13	-0.5802
FENCE_p_TCGAb_332_333_334_NSP_GenomeWideSNP_6_A03_1367374	14	26912523	27398580	284	0.0698
FENCE_p_TCGAb_332_333_334_NSP_GenomeWideSNP_6_A03_1367374	14	27399274	27507409	51	-1.1502
FENCE_p_TCGAb_332_333_334_NSP_GenomeWideSNP_6_A03_1367374	14	27507968	27764475	55	0.0514
FENCE_p_TCGAb_332_333_334_NSP_GenomeWideSNP_6_A03_1367374	14	27765828	28515829	347	-0.4418
FENCE_p_TCGAb_332_333_334_NSP_GenomeWideSNP_6_A03_1367374	14	28520026	28737386	159	0.0808
FENCE_p_TCGAb_332_333_334_NSP_GenomeWideSNP_6_A03_1367374	14	28737708	50266229	11343	-0.4584
FENCE_p_TCGAb_332_333_334_NSP_GenomeWideSNP_6_A03_1367374	14	50268413	50430565	102	-0.1027
FENCE_p_TCGAb_332_333_334_NSP_GenomeWideSNP_6_A03_1367374	14	50433218	56336925	3965	-0.4733
FENCE_p_TCGAb_332_333_334_NSP_GenomeWideSNP_6_A03_1367374	14	56336957	56337046	2	-2.0939
FENCE_p_TCGAb_332_333_334_NSP_GenomeWideSNP_6_A03_1367374	14	56338721	68621147	7374	-0.4776
FENCE_p_TCGAb_332_333_334_NSP_GenomeWideSNP_6_A03_1367374	14	68621468	78414512	6207	-0.5086
FENCE_p_TCGAb_332_333_334_NSP_GenomeWideSNP_6_A03_1367374	14	78416578	88090181	6210	-0.4607
FENCE_p_TCGAb_332_333_334_NSP_GenomeWideSNP_6_A03_1367374	14	88090632	105533894	10330	-0.5245
FENCE_p_TCGAb_332_333_334_NSP_GenomeWideSNP_6_A03_1367374	15	23437561	25538953	1036	0.8085
FENCE_p_TCGAb_332_333_334_NSP_GenomeWideSNP_6_A03_1367374	15	25541291	32929590	2539	-0.1027
FENCE_p_TCGAb_332_333_334_NSP_GenomeWideSNP_6_A03_1367374	15	32937141	33200743	207	0.2289
FENCE_p_TCGAb_332_333_334_NSP_GenomeWideSNP_6_A03_1367374	15	33204616	41416574	5255	-0.0812
FENCE_p_TCGAb_332_333_334_NSP_GenomeWideSNP_6_A03_1367374	15	41434292	41825058	196	-1.0822
FENCE_p_TCGAb_332_333_334_NSP_GenomeWideSNP_6_A03_1367374	15	41829595	43722057	857	-0.1019
FENCE_p_TCGAb_332_333_334_NSP_GenomeWideSNP_6_A03_1367374	15	43732292	46096525	1078	0.1915
FENCE_p_TCGAb_332_333_334_NSP_GenomeWideSNP_6_A03_1367374	15	46097249	49977276	2471	0.2455
FENCE_p_TCGAb_332_333_334_NSP_GenomeWideSNP_6_A03_1367374	15	49978338	56005129	3928	0.205
FENCE_p_TCGAb_332_333_334_NSP_GenomeWideSNP_6_A03_1367374	15	56006205	58697002	1664	0.2422
FENCE_p_TCGAb_332_333_334_NSP_GenomeWideSNP_6_A03_1367374	15	58698442	63699289	3713	0.1987
FENCE_p_TCGAb_332_333_334_NSP_GenomeWideSNP_6_A03_1367374	15	63699368	65788973	943	0.143
FENCE_p_TCGAb_332_333_334_NSP_GenomeWideSNP_6_A03_1367374	15	65793756	70487252	3103	0.2003
FENCE_p_TCGAb_332_333_334_NSP_GenomeWideSNP_6_A03_1367374	15	70489190	101344124	17870	-0.1042
FENCE_p_TCGAb_332_333_334_NSP_GenomeWideSNP_6_A03_1367374	16	603333	5030085	1675	0.1216
FENCE_p_TCGAb_332_333_334_NSP_GenomeWideSNP_6_A03_1367374	16	5030120	6229305	873	0.1901
FENCE_p_TCGAb_332_333_334_NSP_GenomeWideSNP_6_A03_1367374	16	6375599	6582887	246	-0.2538
FENCE_p_TCGAb_332_333_334_NSP_GenomeWideSNP_6_A03_1367374	16	6583259	50375229	13460	0.1781
FENCE_p_TCGAb_332_333_334_NSP_GenomeWideSNP_6_A03_1367374	16	50379321	56335253	4476	0.2303
FENCE_p_TCGAb_332_333_334_NSP_GenomeWideSNP_6_A03_1367374	16	56337609	58929674	1526	0.1795
FENCE_p_TCGAb_332_333_334_NSP_GenomeWideSNP_6_A03_1367374	16	58929716	65327838	4115	0.2288
FENCE_p_TCGAb_332_333_334_NSP_GenomeWideSNP_6_A03_1367374	16	65331332	88459366	14890	0.1887
FENCE_p_TCGAb_332_333_334_NSP_GenomeWideSNP_6_A03_1367374	16	88459423	89317317	38	0.6134
FENCE_p_TCGAb_332_333_334_NSP_GenomeWideSNP_6_A03_1367374	17	1074619	10177520	4723	0.1338
FENCE_p_TCGAb_332_333_334_NSP_GenomeWideSNP_6_A03_1367374	17	10177712	17114315	3402	0.1835
FENCE_p_TCGAb_332_333_334_NSP_GenomeWideSNP_6_A03_1367374	17	17116970	19661321	1060	0.1548
FENCE_p_TCGAb_332_333_334_NSP_GenomeWideSNP_6_A03_1367374	17	19662539	19942080	163	-0.5089
FENCE_p_TCGAb_332_333_334_NSP_GenomeWideSNP_6_A03_1367374	17	19945938	20025646	34	2.3434
FENCE_p_TCGAb_332_333_334_NSP_GenomeWideSNP_6_A03_1367374	17	20034530	20387400	71	1.5823
FENCE_p_TCGAb_332_333_334_NSP_GenomeWideSNP_6_A03_1367374	17	20389632	20403746	4	0.1782
FENCE_p_TCGAb_332_333_334_NSP_GenomeWideSNP_6_A03_1367374	17	20420322	21402080	327	1.8074
FENCE_p_TCGAb_332_333_334_NSP_GenomeWideSNP_6_A03_1367374	17	21403258	50768481	10338	0.1626
FENCE_p_TCGAb_332_333_334_NSP_GenomeWideSNP_6_A03_1367374	17	50769254	57003057	3899	0.2216
FENCE_p_TCGAb_332_333_334_NSP_GenomeWideSNP_6_A03_1367374	17	57008100	63375307	3228	0.1665
FENCE_p_TCGAb_332_333_334_NSP_GenomeWideSNP_6_A03_1367374	17	63378791	63594463	102	0.3918
FENCE_p_TCGAb_332_333_334_NSP_GenomeWideSNP_6_A03_1367374	17	63599307	65292970	811	0.1467
FENCE_p_TCGAb_332_333_334_NSP_GenomeWideSNP_6_A03_1367374	17	65297521	67252611	1260	0.2186
FENCE_p_TCGAb_332_333_334_NSP_GenomeWideSNP_6_A03_1367374	17	67260778	68391720	529	0.1567
FENCE_p_TCGAb_332_333_334_NSP_GenomeWideSNP_6_A03_1367374	17	68391913	68674431	181	0.4034
FENCE_p_TCGAb_332_333_334_NSP_GenomeWideSNP_6_A03_1367374	17	68675183	72775588	3045	0.2314
FENCE_p_TCGAb_332_333_334_NSP_GenomeWideSNP_6_A03_1367374	17	72775640	82959812	4200	0.1457
FENCE_p_TCGAb_332_333_334_NSP_GenomeWideSNP_6_A03_1367374	18	326691	21109102	8291	0.2256
FENCE_p_TCGAb_332_333_334_NSP_GenomeWideSNP_6_A03_1367374	18	21109786	30118621	5362	-0.0718
FENCE_p_TCGAb_332_333_334_NSP_GenomeWideSNP_6_A03_1367374	18	30129605	30130165	2	-1.373
FENCE_p_TCGAb_332_333_334_NSP_GenomeWideSNP_6_A03_1367374	18	30132656	37782789	4789	-0.0655
FENCE_p_TCGAb_332_333_334_NSP_GenomeWideSNP_6_A03_1367374	18	37785477	38113635	207	-0.5012
FENCE_p_TCGAb_332_333_334_NSP_GenomeWideSNP_6_A03_1367374	18	38117469	79349796	24372	-0.0768
FENCE_p_TCGAb_332_333_334_NSP_GenomeWideSNP_6_A03_1367374	19	283868	11756811	4115	-0.1958
FENCE_p_TCGAb_332_333_334_NSP_GenomeWideSNP_6_A03_1367374	19	11756841	23650066	4835	0.116
FENCE_p_TCGAb_332_333_334_NSP_GenomeWideSNP_6_A03_1367374	19	23650773	35639838	5644	0.1783
FENCE_p_TCGAb_332_333_334_NSP_GenomeWideSNP_6_A03_1367374	19	35646707	58370362	9662	0.1198
FENCE_p_TCGAb_332_333_334_NSP_GenomeWideSNP_6_A03_1367374	20	472817	2219410	1129	0.9056
FENCE_p_TCGAb_332_333_334_NSP_GenomeWideSNP_6_A03_1367374	20	2223878	3478322	850	0.1505
FENCE_p_TCGAb_332_333_334_NSP_GenomeWideSNP_6_A03_1367374	20	3478615	3539923	21	0.9105
FENCE_p_TCGAb_332_333_334_NSP_GenomeWideSNP_6_A03_1367374	20	3543400	3621413	49	0.4297
FENCE_p_TCGAb_332_333_334_NSP_GenomeWideSNP_6_A03_1367374	20	3624412	3822799	104	0.7482
FENCE_p_TCGAb_332_333_334_NSP_GenomeWideSNP_6_A03_1367374	20	3823017	5737655	959	0.1873
FENCE_p_TCGAb_332_333_334_NSP_GenomeWideSNP_6_A03_1367374	20	5742731	13476495	5350	0.4539
FENCE_p_TCGAb_332_333_334_NSP_GenomeWideSNP_6_A03_1367374	20	13478910	16367082	1722	0.2255
FENCE_p_TCGAb_332_333_334_NSP_GenomeWideSNP_6_A03_1367374	20	16368375	16991427	541	0.4729
FENCE_p_TCGAb_332_333_334_NSP_GenomeWideSNP_6_A03_1367374	20	16994845	17378065	336	0.2277
FENCE_p_TCGAb_332_333_334_NSP_GenomeWideSNP_6_A03_1367374	20	17379653	17383559	11	0.943
FENCE_p_TCGAb_332_333_334_NSP_GenomeWideSNP_6_A03_1367374	20	17387518	19447145	1595	0.1999
FENCE_p_TCGAb_332_333_334_NSP_GenomeWideSNP_6_A03_1367374	20	19447974	21637769	1621	0.4417
FENCE_p_TCGAb_332_333_334_NSP_GenomeWideSNP_6_A03_1367374	20	21638635	26217295	2703	0.2084
FENCE_p_TCGAb_332_333_334_NSP_GenomeWideSNP_6_A03_1367374	20	31247668	36972730	2667	-0.5484
FENCE_p_TCGAb_332_333_334_NSP_GenomeWideSNP_6_A03_1367374	20	36975321	37094427	164	-0.332
FENCE_p_TCGAb_332_333_334_NSP_GenomeWideSNP_6_A03_1367374	20	37097999	45863495	5753	-0.5355
FENCE_p_TCGAb_332_333_334_NSP_GenomeWideSNP_6_A03_1367374	20	45866403	47615095	1201	2.3224
FENCE_p_TCGAb_332_333_334_NSP_GenomeWideSNP_6_A03_1367374	20	47616516	48074624	357	2.537
FENCE_p_TCGAb_332_333_334_NSP_GenomeWideSNP_6_A03_1367374	20	48075899	49088699	742	2.329
FENCE_p_TCGAb_332_333_334_NSP_GenomeWideSNP_6_A03_1367374	20	49088831	49213871	60	2.7143
FENCE_p_TCGAb_332_333_334_NSP_GenomeWideSNP_6_A03_1367374	20	49215367	49904753	288	2.3581
FENCE_p_TCGAb_332_333_334_NSP_GenomeWideSNP_6_A03_1367374	20	49908290	50186457	96	1.9542
FENCE_p_TCGAb_332_333_334_NSP_GenomeWideSNP_6_A03_1367374	20	50187866	50545704	286	2.2339
FENCE_p_TCGAb_332_333_334_NSP_GenomeWideSNP_6_A03_1367374	20	50545958	50546005	3	0.4772
FENCE_p_TCGAb_332_333_334_NSP_GenomeWideSNP_6_A03_1367374	20	50546040	50687161	111	2.3818
FENCE_p_TCGAb_332_333_334_NSP_GenomeWideSNP_6_A03_1367374	20	50687225	50863226	89	2.0723
FENCE_p_TCGAb_332_333_334_NSP_GenomeWideSNP_6_A03_1367374	20	50865422	51634299	587	1.8907
FENCE_p_TCGAb_332_333_334_NSP_GenomeWideSNP_6_A03_1367374	20	51634522	53527801	1256	2.1216
FENCE_p_TCGAb_332_333_334_NSP_GenomeWideSNP_6_A03_1367374	20	53529335	53969580	292	1.9463
FENCE_p_TCGAb_332_333_334_NSP_GenomeWideSNP_6_A03_1367374	20	53969742	54058649	63	2.2417
FENCE_p_TCGAb_332_333_334_NSP_GenomeWideSNP_6_A03_1367374	20	54059508	54061607	7	1.5214
FENCE_p_TCGAb_332_333_334_NSP_GenomeWideSNP_6_A03_1367374	20	54061871	54077075	26	2.1704
FENCE_p_TCGAb_332_333_334_NSP_GenomeWideSNP_6_A03_1367374	20	54085397	54303391	202	2.2966
FENCE_p_TCGAb_332_333_334_NSP_GenomeWideSNP_6_A03_1367374	20	54303568	54471905	119	0.621
FENCE_p_TCGAb_332_333_334_NSP_GenomeWideSNP_6_A03_1367374	20	54476490	54508452	20	1.8188
FENCE_p_TCGAb_332_333_334_NSP_GenomeWideSNP_6_A03_1367374	20	54512909	57044082	1915	0.6089
FENCE_p_TCGAb_332_333_334_NSP_GenomeWideSNP_6_A03_1367374	20	57046542	57158246	109	1.7792
FENCE_p_TCGAb_332_333_334_NSP_GenomeWideSNP_6_A03_1367374	20	57158533	57358984	126	0.6013
FENCE_p_TCGAb_332_333_334_NSP_GenomeWideSNP_6_A03_1367374	20	57360982	58982597	1192	0.1798
FENCE_p_TCGAb_332_333_334_NSP_GenomeWideSNP_6_A03_1367374	20	58984575	58989015	5	1.5519
FENCE_p_TCGAb_332_333_334_NSP_GenomeWideSNP_6_A03_1367374	20	58990083	59014069	15	2.1236
FENCE_p_TCGAb_332_333_334_NSP_GenomeWideSNP_6_A03_1367374	20	59019375	59082794	39	1.7132
FENCE_p_TCGAb_332_333_334_NSP_GenomeWideSNP_6_A03_1367374	20	59083713	59085809	3	0.0353
FENCE_p_TCGAb_332_333_334_NSP_GenomeWideSNP_6_A03_1367374	20	59089533	59310803	157	1.6928
FENCE_p_TCGAb_332_333_334_NSP_GenomeWideSNP_6_A03_1367374	20	59312004	59586998	242	0.1712
FENCE_p_TCGAb_332_333_334_NSP_GenomeWideSNP_6_A03_1367374	20	59589992	59694973	71	1.9872
FENCE_p_TCGAb_332_333_334_NSP_GenomeWideSNP_6_A03_1367374	20	59696466	60623029	783	0.1748
FENCE_p_TCGAb_332_333_334_NSP_GenomeWideSNP_6_A03_1367374	20	60625433	60756284	96	1.8067
FENCE_p_TCGAb_332_333_334_NSP_GenomeWideSNP_6_A03_1367374	20	60758229	60819963	65	0.2062
FENCE_p_TCGAb_332_333_334_NSP_GenomeWideSNP_6_A03_1367374	20	60834755	61120147	223	1.552
FENCE_p_TCGAb_332_333_334_NSP_GenomeWideSNP_6_A03_1367374	20	61120405	61175538	52	2.0878
FENCE_p_TCGAb_332_333_334_NSP_GenomeWideSNP_6_A03_1367374	20	61176586	62202099	678	1.6048
FENCE_p_TCGAb_332_333_334_NSP_GenomeWideSNP_6_A03_1367374	20	62203135	62463266	103	2.2253
FENCE_p_TCGAb_332_333_334_NSP_GenomeWideSNP_6_A03_1367374	20	62464287	62980048	217	1.9043
FENCE_p_TCGAb_332_333_334_NSP_GenomeWideSNP_6_A03_1367374	20	62982512	63588502	158	2.1392
FENCE_p_TCGAb_332_333_334_NSP_GenomeWideSNP_6_A03_1367374	21	13974127	21172826	4626	0.2312
FENCE_p_TCGAb_332_333_334_NSP_GenomeWideSNP_6_A03_1367374	21	21175618	21178592	2	-1.1396
FENCE_p_TCGAb_332_333_334_NSP_GenomeWideSNP_6_A03_1367374	21	21178848	21399788	149	0.1924
FENCE_p_TCGAb_332_333_334_NSP_GenomeWideSNP_6_A03_1367374	21	21401457	21402705	2	-1.422
FENCE_p_TCGAb_332_333_334_NSP_GenomeWideSNP_6_A03_1367374	21	21412418	24716801	1833	0.2149
FENCE_p_TCGAb_332_333_334_NSP_GenomeWideSNP_6_A03_1367374	21	24717803	31067072	4339	0.2477
FENCE_p_TCGAb_332_333_334_NSP_GenomeWideSNP_6_A03_1367374	21	31069392	37816484	4392	0.2034
FENCE_p_TCGAb_332_333_334_NSP_GenomeWideSNP_6_A03_1367374	21	37816526	38037348	197	0.4358
FENCE_p_TCGAb_332_333_334_NSP_GenomeWideSNP_6_A03_1367374	21	38038070	45227667	4948	0.1877
FENCE_p_TCGAb_332_333_334_NSP_GenomeWideSNP_6_A03_1367374	21	45670561	46262057	322	-0.1265
FENCE_p_TCGAb_332_333_334_NSP_GenomeWideSNP_6_A03_1367374	22	16934932	38383394	10532	0.1744
FENCE_p_TCGAb_332_333_334_NSP_GenomeWideSNP_6_A03_1367374	22	38393931	38394126	2	1.6822
FENCE_p_TCGAb_332_333_334_NSP_GenomeWideSNP_6_A03_1367374	22	38394179	48940621	6575	0.1549
FENCE_p_TCGAb_332_333_334_NSP_GenomeWideSNP_6_A03_1367374	X	3236359	6279612	616	-0.0094
FENCE_p_TCGAb_332_333_334_NSP_GenomeWideSNP_6_A03_1367374	X	6280882	8173048	180	0.7165
FENCE_p_TCGAb_332_333_334_NSP_GenomeWideSNP_6_A03_1367374	X	8175291	15709117	4120	0.0036
FENCE_p_TCGAb_332_333_334_NSP_GenomeWideSNP_6_A03_1367374	X	15709854	15713217	3	1.7562
FENCE_p_TCGAb_332_333_334_NSP_GenomeWideSNP_6_A03_1367374	X	15716762	17150657	778	-0.0011
FENCE_p_TCGAb_332_333_334_NSP_GenomeWideSNP_6_A03_1367374	X	17152114	19413410	856	-0.4849
FENCE_p_TCGAb_332_333_334_NSP_GenomeWideSNP_6_A03_1367374	X	19421553	44018788	11877	0.0148
FENCE_p_TCGAb_332_333_334_NSP_GenomeWideSNP_6_A03_1367374	X	44019004	44019217	2	1.8529
FENCE_p_TCGAb_332_333_334_NSP_GenomeWideSNP_6_A03_1367374	X	44019791	44232582	127	0.039
FENCE_p_TCGAb_332_333_334_NSP_GenomeWideSNP_6_A03_1367374	X	44232868	100109496	20198	-0.0263
FENCE_p_TCGAb_332_333_334_NSP_GenomeWideSNP_6_A03_1367374	X	100113349	155677414	25607	0.0033
