Sample	Chromosome	Start	End	Num_Probes	Segment_Mean
VIBES_p_TCGA_290_291_292_293_S_GenomeWideSNP_6_H04_1362404	1	3301765	5647403	1677	0.3209
VIBES_p_TCGA_290_291_292_293_S_GenomeWideSNP_6_H04_1362404	1	5647439	46792547	21651	0.3588
VIBES_p_TCGA_290_291_292_293_S_GenomeWideSNP_6_H04_1362404	1	46792585	51067956	2237	0.3132
VIBES_p_TCGA_290_291_292_293_S_GenomeWideSNP_6_H04_1362404	1	51073136	55499526	2525	0.3581
VIBES_p_TCGA_290_291_292_293_S_GenomeWideSNP_6_H04_1362404	1	55499740	58205262	2223	0.2713
VIBES_p_TCGA_290_291_292_293_S_GenomeWideSNP_6_H04_1362404	1	58205357	72273881	9286	0.3182
VIBES_p_TCGA_290_291_292_293_S_GenomeWideSNP_6_H04_1362404	1	72274270	75237463	1549	0.2861
VIBES_p_TCGA_290_291_292_293_S_GenomeWideSNP_6_H04_1362404	1	75240463	75279565	33	0.9653
VIBES_p_TCGA_290_291_292_293_S_GenomeWideSNP_6_H04_1362404	1	75282630	82849077	4571	0.3089
VIBES_p_TCGA_290_291_292_293_S_GenomeWideSNP_6_H04_1362404	1	82849651	96248955	8433	0.3338
VIBES_p_TCGA_290_291_292_293_S_GenomeWideSNP_6_H04_1362404	1	96250242	102479016	3737	0.304
VIBES_p_TCGA_290_291_292_293_S_GenomeWideSNP_6_H04_1362404	1	102480786	102487529	5	1.2329
VIBES_p_TCGA_290_291_292_293_S_GenomeWideSNP_6_H04_1362404	1	102492584	108056719	2976	0.2959
VIBES_p_TCGA_290_291_292_293_S_GenomeWideSNP_6_H04_1362404	1	108057313	161851412	13588	0.3517
VIBES_p_TCGA_290_291_292_293_S_GenomeWideSNP_6_H04_1362404	1	161853013	188227636	17620	0.3178
VIBES_p_TCGA_290_291_292_293_S_GenomeWideSNP_6_H04_1362404	1	188231775	191520614	1791	0.2755
VIBES_p_TCGA_290_291_292_293_S_GenomeWideSNP_6_H04_1362404	1	191522832	194056322	1691	0.3163
VIBES_p_TCGA_290_291_292_293_S_GenomeWideSNP_6_H04_1362404	1	194056447	194056841	3	-0.9558
VIBES_p_TCGA_290_291_292_293_S_GenomeWideSNP_6_H04_1362404	1	194057302	200586144	3665	0.2997
VIBES_p_TCGA_290_291_292_293_S_GenomeWideSNP_6_H04_1362404	1	200586497	207193959	4166	0.3623
VIBES_p_TCGA_290_291_292_293_S_GenomeWideSNP_6_H04_1362404	1	207195565	222941801	10792	0.3139
VIBES_p_TCGA_290_291_292_293_S_GenomeWideSNP_6_H04_1362404	1	222943232	236646941	8579	0.3401
VIBES_p_TCGA_290_291_292_293_S_GenomeWideSNP_6_H04_1362404	1	236648100	239090306	2011	0.2872
VIBES_p_TCGA_290_291_292_293_S_GenomeWideSNP_6_H04_1362404	1	239091110	239092087	2	-1.4942
VIBES_p_TCGA_290_291_292_293_S_GenomeWideSNP_6_H04_1362404	1	239095100	239101104	13	0.2113
VIBES_p_TCGA_290_291_292_293_S_GenomeWideSNP_6_H04_1362404	1	239104595	239105980	2	-1.0829
VIBES_p_TCGA_290_291_292_293_S_GenomeWideSNP_6_H04_1362404	1	239112279	247650984	4998	0.3046
VIBES_p_TCGA_290_291_292_293_S_GenomeWideSNP_6_H04_1362404	2	480597	2187790	362	-0.0209
VIBES_p_TCGA_290_291_292_293_S_GenomeWideSNP_6_H04_1362404	2	2188544	2188898	2	-1.4737
VIBES_p_TCGA_290_291_292_293_S_GenomeWideSNP_6_H04_1362404	2	2191299	8056433	4226	0.0225
VIBES_p_TCGA_290_291_292_293_S_GenomeWideSNP_6_H04_1362404	2	8056638	13731814	3895	0.0892
VIBES_p_TCGA_290_291_292_293_S_GenomeWideSNP_6_H04_1362404	2	13741372	20320334	4590	0.0347
VIBES_p_TCGA_290_291_292_293_S_GenomeWideSNP_6_H04_1362404	2	20324611	20393037	41	0.7191
VIBES_p_TCGA_290_291_292_293_S_GenomeWideSNP_6_H04_1362404	2	20399543	20420332	17	0.2091
VIBES_p_TCGA_290_291_292_293_S_GenomeWideSNP_6_H04_1362404	2	20422388	20455188	23	0.7141
VIBES_p_TCGA_290_291_292_293_S_GenomeWideSNP_6_H04_1362404	2	20464944	22013065	929	0.0377
VIBES_p_TCGA_290_291_292_293_S_GenomeWideSNP_6_H04_1362404	2	22017162	22043563	15	1.9613
VIBES_p_TCGA_290_291_292_293_S_GenomeWideSNP_6_H04_1362404	2	22048482	22097261	30	0.0553
VIBES_p_TCGA_290_291_292_293_S_GenomeWideSNP_6_H04_1362404	2	22220471	23240434	717	1.7644
VIBES_p_TCGA_290_291_292_293_S_GenomeWideSNP_6_H04_1362404	2	23241290	23865692	427	1.9315
VIBES_p_TCGA_290_291_292_293_S_GenomeWideSNP_6_H04_1362404	2	23866996	23992525	40	0.0321
VIBES_p_TCGA_290_291_292_293_S_GenomeWideSNP_6_H04_1362404	2	23994130	24005226	5	0.7975
VIBES_p_TCGA_290_291_292_293_S_GenomeWideSNP_6_H04_1362404	2	24007150	24753818	340	0.1037
VIBES_p_TCGA_290_291_292_293_S_GenomeWideSNP_6_H04_1362404	2	24758047	25029521	123	1.8128
VIBES_p_TCGA_290_291_292_293_S_GenomeWideSNP_6_H04_1362404	2	25029779	25567114	251	0.099
VIBES_p_TCGA_290_291_292_293_S_GenomeWideSNP_6_H04_1362404	2	25574613	25647128	41	1.7797
VIBES_p_TCGA_290_291_292_293_S_GenomeWideSNP_6_H04_1362404	2	25650199	25655528	4	0.6949
VIBES_p_TCGA_290_291_292_293_S_GenomeWideSNP_6_H04_1362404	2	25659113	25766046	49	1.8121
VIBES_p_TCGA_290_291_292_293_S_GenomeWideSNP_6_H04_1362404	2	25767771	27126652	640	0.0935
VIBES_p_TCGA_290_291_292_293_S_GenomeWideSNP_6_H04_1362404	2	27130639	27296386	80	1.8469
VIBES_p_TCGA_290_291_292_293_S_GenomeWideSNP_6_H04_1362404	2	27299971	27976597	248	0.0949
VIBES_p_TCGA_290_291_292_293_S_GenomeWideSNP_6_H04_1362404	2	27978770	27982105	2	-2.5285
VIBES_p_TCGA_290_291_292_293_S_GenomeWideSNP_6_H04_1362404	2	27982714	53012640	14398	0.0673
VIBES_p_TCGA_290_291_292_293_S_GenomeWideSNP_6_H04_1362404	2	53016661	53116007	63	1.8845
VIBES_p_TCGA_290_291_292_293_S_GenomeWideSNP_6_H04_1362404	2	53119963	53607930	307	0.0912
VIBES_p_TCGA_290_291_292_293_S_GenomeWideSNP_6_H04_1362404	2	53607946	53634290	25	0.6507
VIBES_p_TCGA_290_291_292_293_S_GenomeWideSNP_6_H04_1362404	2	53634424	56533196	1462	0.0515
VIBES_p_TCGA_290_291_292_293_S_GenomeWideSNP_6_H04_1362404	2	56533992	56559868	26	0.6702
VIBES_p_TCGA_290_291_292_293_S_GenomeWideSNP_6_H04_1362404	2	56560976	56682056	88	0.0927
VIBES_p_TCGA_290_291_292_293_S_GenomeWideSNP_6_H04_1362404	2	56684390	57058464	172	1.7743
VIBES_p_TCGA_290_291_292_293_S_GenomeWideSNP_6_H04_1362404	2	57062067	57097542	22	0.0553
VIBES_p_TCGA_290_291_292_293_S_GenomeWideSNP_6_H04_1362404	2	57105538	57343533	117	1.9022
VIBES_p_TCGA_290_291_292_293_S_GenomeWideSNP_6_H04_1362404	2	57345318	57391426	31	0.0498
VIBES_p_TCGA_290_291_292_293_S_GenomeWideSNP_6_H04_1362404	2	57395949	57509144	60	1.8214
VIBES_p_TCGA_290_291_292_293_S_GenomeWideSNP_6_H04_1362404	2	57515762	57819596	149	0.0494
VIBES_p_TCGA_290_291_292_293_S_GenomeWideSNP_6_H04_1362404	2	57824634	58251267	248	1.8341
VIBES_p_TCGA_290_291_292_293_S_GenomeWideSNP_6_H04_1362404	2	58265210	58312750	29	0.0583
VIBES_p_TCGA_290_291_292_293_S_GenomeWideSNP_6_H04_1362404	2	58316762	58983935	408	1.7193
VIBES_p_TCGA_290_291_292_293_S_GenomeWideSNP_6_H04_1362404	2	58984703	59365021	256	0.0353
VIBES_p_TCGA_290_291_292_293_S_GenomeWideSNP_6_H04_1362404	2	59369017	59395287	24	2.1655
VIBES_p_TCGA_290_291_292_293_S_GenomeWideSNP_6_H04_1362404	2	59416363	59494466	53	1.3219
VIBES_p_TCGA_290_291_292_293_S_GenomeWideSNP_6_H04_1362404	2	59497356	59663895	122	0.0231
VIBES_p_TCGA_290_291_292_293_S_GenomeWideSNP_6_H04_1362404	2	59664878	61968691	1329	0.6718
VIBES_p_TCGA_290_291_292_293_S_GenomeWideSNP_6_H04_1362404	2	62005165	65871274	2073	0.076
VIBES_p_TCGA_290_291_292_293_S_GenomeWideSNP_6_H04_1362404	2	65872298	67602899	1254	0.0379
VIBES_p_TCGA_290_291_292_293_S_GenomeWideSNP_6_H04_1362404	2	67607247	75489181	4535	0.0906
VIBES_p_TCGA_290_291_292_293_S_GenomeWideSNP_6_H04_1362404	2	75492360	84424336	4773	0.0337
VIBES_p_TCGA_290_291_292_293_S_GenomeWideSNP_6_H04_1362404	2	84427729	110870975	9712	0.0743
VIBES_p_TCGA_290_291_292_293_S_GenomeWideSNP_6_H04_1362404	2	110875592	113783488	1354	0.1355
VIBES_p_TCGA_290_291_292_293_S_GenomeWideSNP_6_H04_1362404	2	113784913	155095579	22060	0.0808
VIBES_p_TCGA_290_291_292_293_S_GenomeWideSNP_6_H04_1362404	2	155096158	155096417	2	-1.7015
VIBES_p_TCGA_290_291_292_293_S_GenomeWideSNP_6_H04_1362404	2	155099897	155305880	99	0.0763
VIBES_p_TCGA_290_291_292_293_S_GenomeWideSNP_6_H04_1362404	2	155306474	241537572	49801	0.1023
VIBES_p_TCGA_290_291_292_293_S_GenomeWideSNP_6_H04_1362404	3	2170634	46473285	26535	0.0861
VIBES_p_TCGA_290_291_292_293_S_GenomeWideSNP_6_H04_1362404	3	46476733	53243918	2745	0.1415
VIBES_p_TCGA_290_291_292_293_S_GenomeWideSNP_6_H04_1362404	3	53244225	53634681	244	0.1004
VIBES_p_TCGA_290_291_292_293_S_GenomeWideSNP_6_H04_1362404	3	53634785	56524794	2220	0.0454
VIBES_p_TCGA_290_291_292_293_S_GenomeWideSNP_6_H04_1362404	3	56528064	64768356	4739	0.0944
VIBES_p_TCGA_290_291_292_293_S_GenomeWideSNP_6_H04_1362404	3	64768893	67133863	1740	0.044
VIBES_p_TCGA_290_291_292_293_S_GenomeWideSNP_6_H04_1362404	3	67135432	74496880	5240	0.0896
VIBES_p_TCGA_290_291_292_293_S_GenomeWideSNP_6_H04_1362404	3	74496950	94503716	7999	0.0473
VIBES_p_TCGA_290_291_292_293_S_GenomeWideSNP_6_H04_1362404	3	94506942	94507778	2	1.315
VIBES_p_TCGA_290_291_292_293_S_GenomeWideSNP_6_H04_1362404	3	94508250	111483280	9178	0.0698
VIBES_p_TCGA_290_291_292_293_S_GenomeWideSNP_6_H04_1362404	3	111483290	127684175	9751	0.0968
VIBES_p_TCGA_290_291_292_293_S_GenomeWideSNP_6_H04_1362404	3	127684196	129661485	1017	0.1605
VIBES_p_TCGA_290_291_292_293_S_GenomeWideSNP_6_H04_1362404	3	129662405	133582140	2342	0.1115
VIBES_p_TCGA_290_291_292_293_S_GenomeWideSNP_6_H04_1362404	3	133582664	137308837	2081	0.0726
VIBES_p_TCGA_290_291_292_293_S_GenomeWideSNP_6_H04_1362404	3	137328718	139469207	1011	0.1224
VIBES_p_TCGA_290_291_292_293_S_GenomeWideSNP_6_H04_1362404	3	139469276	140906570	1113	0.0618
VIBES_p_TCGA_290_291_292_293_S_GenomeWideSNP_6_H04_1362404	3	140907024	150471117	4683	0.1155
VIBES_p_TCGA_290_291_292_293_S_GenomeWideSNP_6_H04_1362404	3	150471591	168629189	9241	0.0315
VIBES_p_TCGA_290_291_292_293_S_GenomeWideSNP_6_H04_1362404	3	168629325	189342721	11134	0.0567
VIBES_p_TCGA_290_291_292_293_S_GenomeWideSNP_6_H04_1362404	3	189343287	193702968	2701	0.0299
VIBES_p_TCGA_290_291_292_293_S_GenomeWideSNP_6_H04_1362404	3	193703068	194980191	773	0.0941
VIBES_p_TCGA_290_291_292_293_S_GenomeWideSNP_6_H04_1362404	3	194980425	194981108	2	1.2045
VIBES_p_TCGA_290_291_292_293_S_GenomeWideSNP_6_H04_1362404	3	194982025	197812401	660	0.098
VIBES_p_TCGA_290_291_292_293_S_GenomeWideSNP_6_H04_1362404	4	1059384	8654666	4324	0.113
VIBES_p_TCGA_290_291_292_293_S_GenomeWideSNP_6_H04_1362404	4	8654920	16539097	5184	0.0828
VIBES_p_TCGA_290_291_292_293_S_GenomeWideSNP_6_H04_1362404	4	16539809	22349786	3841	0.0491
VIBES_p_TCGA_290_291_292_293_S_GenomeWideSNP_6_H04_1362404	4	22349972	22619871	182	0.0911
VIBES_p_TCGA_290_291_292_293_S_GenomeWideSNP_6_H04_1362404	4	22621827	22622003	2	1.4327
VIBES_p_TCGA_290_291_292_293_S_GenomeWideSNP_6_H04_1362404	4	22626179	36503546	8425	0.0695
VIBES_p_TCGA_290_291_292_293_S_GenomeWideSNP_6_H04_1362404	4	36505659	40460177	2446	0.1094
VIBES_p_TCGA_290_291_292_293_S_GenomeWideSNP_6_H04_1362404	4	40460279	52855698	4512	0.0592
VIBES_p_TCGA_290_291_292_293_S_GenomeWideSNP_6_H04_1362404	4	52858856	52859208	2	-1.5984
VIBES_p_TCGA_290_291_292_293_S_GenomeWideSNP_6_H04_1362404	4	52859932	53876388	701	0.0673
VIBES_p_TCGA_290_291_292_293_S_GenomeWideSNP_6_H04_1362404	4	53891428	55783677	1406	-0.1952
VIBES_p_TCGA_290_291_292_293_S_GenomeWideSNP_6_H04_1362404	4	55789188	56016151	125	0.3607
VIBES_p_TCGA_290_291_292_293_S_GenomeWideSNP_6_H04_1362404	4	56019996	56022060	3	0.9593
VIBES_p_TCGA_290_291_292_293_S_GenomeWideSNP_6_H04_1362404	4	56028125	56175432	73	0.3706
VIBES_p_TCGA_290_291_292_293_S_GenomeWideSNP_6_H04_1362404	4	56182536	64643219	4575	-0.2023
VIBES_p_TCGA_290_291_292_293_S_GenomeWideSNP_6_H04_1362404	4	64643239	64912883	203	0.0521
VIBES_p_TCGA_290_291_292_293_S_GenomeWideSNP_6_H04_1362404	4	64916072	107199983	23611	-0.1878
VIBES_p_TCGA_290_291_292_293_S_GenomeWideSNP_6_H04_1362404	4	107204527	108163678	578	0.3623
VIBES_p_TCGA_290_291_292_293_S_GenomeWideSNP_6_H04_1362404	4	108182636	110272444	1230	-0.17
VIBES_p_TCGA_290_291_292_293_S_GenomeWideSNP_6_H04_1362404	4	110272621	110662178	216	0.3373
VIBES_p_TCGA_290_291_292_293_S_GenomeWideSNP_6_H04_1362404	4	110662511	112621316	1108	-0.1962
VIBES_p_TCGA_290_291_292_293_S_GenomeWideSNP_6_H04_1362404	4	112623526	114380164	1139	0.366
VIBES_p_TCGA_290_291_292_293_S_GenomeWideSNP_6_H04_1362404	4	114381248	187842528	39559	-0.1877
VIBES_p_TCGA_290_291_292_293_S_GenomeWideSNP_6_H04_1362404	5	913983	1021104	52	1.4254
VIBES_p_TCGA_290_291_292_293_S_GenomeWideSNP_6_H04_1362404	5	1287276	1287904	4	0.6077
VIBES_p_TCGA_290_291_292_293_S_GenomeWideSNP_6_H04_1362404	5	1288500	1315228	11	1.4528
VIBES_p_TCGA_290_291_292_293_S_GenomeWideSNP_6_H04_1362404	5	1321758	2229784	291	-0.5948
VIBES_p_TCGA_290_291_292_293_S_GenomeWideSNP_6_H04_1362404	5	2232829	2233234	2	-2.4779
VIBES_p_TCGA_290_291_292_293_S_GenomeWideSNP_6_H04_1362404	5	2237187	6790157	3861	-0.566
VIBES_p_TCGA_290_291_292_293_S_GenomeWideSNP_6_H04_1362404	5	6796485	20672810	8166	-0.5014
VIBES_p_TCGA_290_291_292_293_S_GenomeWideSNP_6_H04_1362404	5	20672890	20896498	33	-0.0691
VIBES_p_TCGA_290_291_292_293_S_GenomeWideSNP_6_H04_1362404	5	20898302	31412355	5847	-0.5003
VIBES_p_TCGA_290_291_292_293_S_GenomeWideSNP_6_H04_1362404	5	31415697	45383300	7837	1.3323
VIBES_p_TCGA_290_291_292_293_S_GenomeWideSNP_6_H04_1362404	5	50828231	52198459	721	-0.5193
VIBES_p_TCGA_290_291_292_293_S_GenomeWideSNP_6_H04_1362404	5	52198805	65190018	7681	-0.4659
VIBES_p_TCGA_290_291_292_293_S_GenomeWideSNP_6_H04_1362404	5	65191544	65191915	2	-2.2476
VIBES_p_TCGA_290_291_292_293_S_GenomeWideSNP_6_H04_1362404	5	65193824	115420758	26854	-0.4677
VIBES_p_TCGA_290_291_292_293_S_GenomeWideSNP_6_H04_1362404	5	115420940	115421165	5	0.7
VIBES_p_TCGA_290_291_292_293_S_GenomeWideSNP_6_H04_1362404	5	115423381	147393723	18642	-0.462
VIBES_p_TCGA_290_291_292_293_S_GenomeWideSNP_6_H04_1362404	5	147395814	147395912	2	-2.5348
VIBES_p_TCGA_290_291_292_293_S_GenomeWideSNP_6_H04_1362404	5	147395936	166912050	12637	-0.4743
VIBES_p_TCGA_290_291_292_293_S_GenomeWideSNP_6_H04_1362404	5	166913211	180934240	8309	-0.5203
VIBES_p_TCGA_290_291_292_293_S_GenomeWideSNP_6_H04_1362404	6	1011760	2348274	983	-0.1667
VIBES_p_TCGA_290_291_292_293_S_GenomeWideSNP_6_H04_1362404	6	2355079	4097744	1351	0.5895
VIBES_p_TCGA_290_291_292_293_S_GenomeWideSNP_6_H04_1362404	6	4100306	29551177	16454	-0.1326
VIBES_p_TCGA_290_291_292_293_S_GenomeWideSNP_6_H04_1362404	6	29552071	37665248	3195	-0.0724
VIBES_p_TCGA_290_291_292_293_S_GenomeWideSNP_6_H04_1362404	6	37665296	38685989	660	-0.1184
VIBES_p_TCGA_290_291_292_293_S_GenomeWideSNP_6_H04_1362404	6	38690363	41230684	1953	-0.1949
VIBES_p_TCGA_290_291_292_293_S_GenomeWideSNP_6_H04_1362404	6	41231364	44366086	1729	-0.1241
VIBES_p_TCGA_290_291_292_293_S_GenomeWideSNP_6_H04_1362404	6	44366515	64507111	9192	-0.1795
VIBES_p_TCGA_290_291_292_293_S_GenomeWideSNP_6_H04_1362404	6	64513771	64656428	88	0.371
VIBES_p_TCGA_290_291_292_293_S_GenomeWideSNP_6_H04_1362404	6	64665263	96279881	17437	-0.1743
VIBES_p_TCGA_290_291_292_293_S_GenomeWideSNP_6_H04_1362404	6	96280551	96293584	6	-0.0087
VIBES_p_TCGA_290_291_292_293_S_GenomeWideSNP_6_H04_1362404	6	96296048	96384250	38	0.5243
VIBES_p_TCGA_290_291_292_293_S_GenomeWideSNP_6_H04_1362404	6	96384452	97270675	530	-0.1801
VIBES_p_TCGA_290_291_292_293_S_GenomeWideSNP_6_H04_1362404	6	97276730	98888134	920	-1.0156
VIBES_p_TCGA_290_291_292_293_S_GenomeWideSNP_6_H04_1362404	6	98889221	102982621	2386	0.0659
VIBES_p_TCGA_290_291_292_293_S_GenomeWideSNP_6_H04_1362404	6	102982998	159122583	33889	-1.0412
VIBES_p_TCGA_290_291_292_293_S_GenomeWideSNP_6_H04_1362404	6	159123400	159123566	3	-4.5967
VIBES_p_TCGA_290_291_292_293_S_GenomeWideSNP_6_H04_1362404	6	159124931	166856491	4962	-1.1056
VIBES_p_TCGA_290_291_292_293_S_GenomeWideSNP_6_H04_1362404	6	166857565	166857651	2	-6.1313
VIBES_p_TCGA_290_291_292_293_S_GenomeWideSNP_6_H04_1362404	6	166857896	169280647	418	-1.2132
VIBES_p_TCGA_290_291_292_293_S_GenomeWideSNP_6_H04_1362404	6	169280998	169288486	3	-5.2398
VIBES_p_TCGA_290_291_292_293_S_GenomeWideSNP_6_H04_1362404	6	169289367	170596889	570	-1.1125
VIBES_p_TCGA_290_291_292_293_S_GenomeWideSNP_6_H04_1362404	7	664936	8093799	3152	0.9219
VIBES_p_TCGA_290_291_292_293_S_GenomeWideSNP_6_H04_1362404	7	8093998	23995508	9176	0.8491
VIBES_p_TCGA_290_291_292_293_S_GenomeWideSNP_6_H04_1362404	7	24000259	24000764	2	3.0978
VIBES_p_TCGA_290_291_292_293_S_GenomeWideSNP_6_H04_1362404	7	24001198	48695739	15897	0.8635
VIBES_p_TCGA_290_291_292_293_S_GenomeWideSNP_6_H04_1362404	7	48696135	70508586	8309	0.8239
VIBES_p_TCGA_290_291_292_293_S_GenomeWideSNP_6_H04_1362404	7	70508707	74002112	1465	0.8525
VIBES_p_TCGA_290_291_292_293_S_GenomeWideSNP_6_H04_1362404	7	74004244	78151898	1328	0.9102
VIBES_p_TCGA_290_291_292_293_S_GenomeWideSNP_6_H04_1362404	7	78152095	98483662	11058	0.8498
VIBES_p_TCGA_290_291_292_293_S_GenomeWideSNP_6_H04_1362404	7	98486672	101848492	1213	0.9147
VIBES_p_TCGA_290_291_292_293_S_GenomeWideSNP_6_H04_1362404	7	101849886	128058351	14118	0.8525
VIBES_p_TCGA_290_291_292_293_S_GenomeWideSNP_6_H04_1362404	7	128058434	141715302	7906	0.8838
VIBES_p_TCGA_290_291_292_293_S_GenomeWideSNP_6_H04_1362404	7	141720464	148479726	3309	0.8327
VIBES_p_TCGA_290_291_292_293_S_GenomeWideSNP_6_H04_1362404	7	148479751	152195840	1764	0.9083
VIBES_p_TCGA_290_291_292_293_S_GenomeWideSNP_6_H04_1362404	7	152198017	158592540	3343	0.8416
VIBES_p_TCGA_290_291_292_293_S_GenomeWideSNP_6_H04_1362404	8	667625	2125146	752	0.4713
VIBES_p_TCGA_290_291_292_293_S_GenomeWideSNP_6_H04_1362404	8	2126018	6944254	2448	0.442
VIBES_p_TCGA_290_291_292_293_S_GenomeWideSNP_6_H04_1362404	8	6944307	17225457	5324	0.4896
VIBES_p_TCGA_290_291_292_293_S_GenomeWideSNP_6_H04_1362404	8	17226387	20582136	2821	0.5131
VIBES_p_TCGA_290_291_292_293_S_GenomeWideSNP_6_H04_1362404	8	20582188	20582250	2	-1.2348
VIBES_p_TCGA_290_291_292_293_S_GenomeWideSNP_6_H04_1362404	8	20584409	23587351	1926	0.5313
VIBES_p_TCGA_290_291_292_293_S_GenomeWideSNP_6_H04_1362404	8	23588109	26838100	2317	0.4873
VIBES_p_TCGA_290_291_292_293_S_GenomeWideSNP_6_H04_1362404	8	26839855	30952241	2659	0.5239
VIBES_p_TCGA_290_291_292_293_S_GenomeWideSNP_6_H04_1362404	8	30953152	43045774	6845	0.4815
VIBES_p_TCGA_290_291_292_293_S_GenomeWideSNP_6_H04_1362404	8	43050855	47392348	320	0.2318
VIBES_p_TCGA_290_291_292_293_S_GenomeWideSNP_6_H04_1362404	8	47397027	47583545	83	0.6922
VIBES_p_TCGA_290_291_292_293_S_GenomeWideSNP_6_H04_1362404	8	47594066	48968416	655	0.282
VIBES_p_TCGA_290_291_292_293_S_GenomeWideSNP_6_H04_1362404	8	48969428	48977573	12	0.9759
VIBES_p_TCGA_290_291_292_293_S_GenomeWideSNP_6_H04_1362404	8	48980929	51712357	1516	0.2575
VIBES_p_TCGA_290_291_292_293_S_GenomeWideSNP_6_H04_1362404	8	51719878	51784606	43	0.7788
VIBES_p_TCGA_290_291_292_293_S_GenomeWideSNP_6_H04_1362404	8	51785668	54803299	1743	0.2779
VIBES_p_TCGA_290_291_292_293_S_GenomeWideSNP_6_H04_1362404	8	54805935	54827964	18	0.8374
VIBES_p_TCGA_290_291_292_293_S_GenomeWideSNP_6_H04_1362404	8	54833399	79322196	14508	0.2786
VIBES_p_TCGA_290_291_292_293_S_GenomeWideSNP_6_H04_1362404	8	79323227	82823020	1957	0.6874
VIBES_p_TCGA_290_291_292_293_S_GenomeWideSNP_6_H04_1362404	8	82863191	83123648	142	0.2595
VIBES_p_TCGA_290_291_292_293_S_GenomeWideSNP_6_H04_1362404	8	83130384	85145768	1052	0.6483
VIBES_p_TCGA_290_291_292_293_S_GenomeWideSNP_6_H04_1362404	8	85146616	86994968	875	0.2631
VIBES_p_TCGA_290_291_292_293_S_GenomeWideSNP_6_H04_1362404	8	86998158	91993340	2770	0.6894
VIBES_p_TCGA_290_291_292_293_S_GenomeWideSNP_6_H04_1362404	8	91993355	92420820	237	0.5751
VIBES_p_TCGA_290_291_292_293_S_GenomeWideSNP_6_H04_1362404	8	92422618	105783724	7967	0.6885
VIBES_p_TCGA_290_291_292_293_S_GenomeWideSNP_6_H04_1362404	8	105785151	105971462	79	0.2298
VIBES_p_TCGA_290_291_292_293_S_GenomeWideSNP_6_H04_1362404	8	106483031	108496719	1287	0.6801
VIBES_p_TCGA_290_291_292_293_S_GenomeWideSNP_6_H04_1362404	8	108497264	111914892	1717	0.2757
VIBES_p_TCGA_290_291_292_293_S_GenomeWideSNP_6_H04_1362404	8	111915351	112001453	50	0.6988
VIBES_p_TCGA_290_291_292_293_S_GenomeWideSNP_6_H04_1362404	8	112003636	114063715	1113	0.262
VIBES_p_TCGA_290_291_292_293_S_GenomeWideSNP_6_H04_1362404	8	114066845	114232446	103	0.6119
VIBES_p_TCGA_290_291_292_293_S_GenomeWideSNP_6_H04_1362404	8	114233138	124083276	6255	0.2859
VIBES_p_TCGA_290_291_292_293_S_GenomeWideSNP_6_H04_1362404	8	124099560	124298724	138	1.197
VIBES_p_TCGA_290_291_292_293_S_GenomeWideSNP_6_H04_1362404	8	124304152	126499617	1506	0.7135
VIBES_p_TCGA_290_291_292_293_S_GenomeWideSNP_6_H04_1362404	8	126500388	126902161	316	1.1921
VIBES_p_TCGA_290_291_292_293_S_GenomeWideSNP_6_H04_1362404	8	126905826	126910723	2	2.3964
VIBES_p_TCGA_290_291_292_293_S_GenomeWideSNP_6_H04_1362404	8	126910819	129901884	2077	1.203
VIBES_p_TCGA_290_291_292_293_S_GenomeWideSNP_6_H04_1362404	8	129906289	132923847	2122	0.68
VIBES_p_TCGA_290_291_292_293_S_GenomeWideSNP_6_H04_1362404	8	132928350	133718634	738	0.7577
VIBES_p_TCGA_290_291_292_293_S_GenomeWideSNP_6_H04_1362404	8	133722577	138784553	3769	0.6719
VIBES_p_TCGA_290_291_292_293_S_GenomeWideSNP_6_H04_1362404	8	138784739	138784806	2	2.0579
VIBES_p_TCGA_290_291_292_293_S_GenomeWideSNP_6_H04_1362404	8	138785298	143064987	1674	0.6969
VIBES_p_TCGA_290_291_292_293_S_GenomeWideSNP_6_H04_1362404	8	143070953	143209006	47	0.814
VIBES_p_TCGA_290_291_292_293_S_GenomeWideSNP_6_H04_1362404	8	143228432	143228447	2	-0.2837
VIBES_p_TCGA_290_291_292_293_S_GenomeWideSNP_6_H04_1362404	8	143232207	144059740	187	0.8395
VIBES_p_TCGA_290_291_292_293_S_GenomeWideSNP_6_H04_1362404	8	144067190	144182542	39	0.6629
VIBES_p_TCGA_290_291_292_293_S_GenomeWideSNP_6_H04_1362404	9	789794	5639823	3372	-0.2319
VIBES_p_TCGA_290_291_292_293_S_GenomeWideSNP_6_H04_1362404	9	5644555	6202383	289	0.5539
VIBES_p_TCGA_290_291_292_293_S_GenomeWideSNP_6_H04_1362404	9	6203264	6241078	25	-0.4171
VIBES_p_TCGA_290_291_292_293_S_GenomeWideSNP_6_H04_1362404	9	6242473	6256586	13	0.5867
VIBES_p_TCGA_290_291_292_293_S_GenomeWideSNP_6_H04_1362404	9	7055236	69260669	20638	-0.2325
VIBES_p_TCGA_290_291_292_293_S_GenomeWideSNP_6_H04_1362404	9	69262663	69269620	11	0.5995
VIBES_p_TCGA_290_291_292_293_S_GenomeWideSNP_6_H04_1362404	9	69273446	70833139	1076	-0.2142
VIBES_p_TCGA_290_291_292_293_S_GenomeWideSNP_6_H04_1362404	9	70836876	70837172	2	-1.5296
VIBES_p_TCGA_290_291_292_293_S_GenomeWideSNP_6_H04_1362404	9	70839367	74470566	2344	-0.2001
VIBES_p_TCGA_290_291_292_293_S_GenomeWideSNP_6_H04_1362404	9	74472751	91341008	11836	-0.2351
VIBES_p_TCGA_290_291_292_293_S_GenomeWideSNP_6_H04_1362404	9	91341978	116203470	16064	-0.2115
VIBES_p_TCGA_290_291_292_293_S_GenomeWideSNP_6_H04_1362404	9	116203695	119616812	2695	-0.2618
VIBES_p_TCGA_290_291_292_293_S_GenomeWideSNP_6_H04_1362404	9	119617667	120700025	836	-0.2194
VIBES_p_TCGA_290_291_292_293_S_GenomeWideSNP_6_H04_1362404	9	120705402	134324562	7934	-0.1726
VIBES_p_TCGA_290_291_292_293_S_GenomeWideSNP_6_H04_1362404	9	134333257	134949100	347	-0.251
VIBES_p_TCGA_290_291_292_293_S_GenomeWideSNP_6_H04_1362404	9	134950654	134950782	2	-1.9057
VIBES_p_TCGA_290_291_292_293_S_GenomeWideSNP_6_H04_1362404	9	134955019	135519926	258	-0.2326
VIBES_p_TCGA_290_291_292_293_S_GenomeWideSNP_6_H04_1362404	9	135520280	135537526	9	-0.7563
VIBES_p_TCGA_290_291_292_293_S_GenomeWideSNP_6_H04_1362404	9	135538252	135931192	166	-0.2013
VIBES_p_TCGA_290_291_292_293_S_GenomeWideSNP_6_H04_1362404	9	135933385	137427153	339	-0.111
VIBES_p_TCGA_290_291_292_293_S_GenomeWideSNP_6_H04_1362404	9	137427329	138044505	219	-0.2378
VIBES_p_TCGA_290_291_292_293_S_GenomeWideSNP_6_H04_1362404	10	366509	4441184	2570	-0.2271
VIBES_p_TCGA_290_291_292_293_S_GenomeWideSNP_6_H04_1362404	10	4444377	33594156	20853	-0.1953
VIBES_p_TCGA_290_291_292_293_S_GenomeWideSNP_6_H04_1362404	10	33598598	45612554	4901	-0.2232
VIBES_p_TCGA_290_291_292_293_S_GenomeWideSNP_6_H04_1362404	10	45619418	54394157	4059	-0.584
VIBES_p_TCGA_290_291_292_293_S_GenomeWideSNP_6_H04_1362404	10	54394251	72027422	10513	-0.5479
VIBES_p_TCGA_290_291_292_293_S_GenomeWideSNP_6_H04_1362404	10	72032510	75551464	1555	-0.4875
VIBES_p_TCGA_290_291_292_293_S_GenomeWideSNP_6_H04_1362404	10	75552342	78366948	2159	-0.5634
VIBES_p_TCGA_290_291_292_293_S_GenomeWideSNP_6_H04_1362404	10	78368812	78369960	2	-2.1431
VIBES_p_TCGA_290_291_292_293_S_GenomeWideSNP_6_H04_1362404	10	78370835	78831073	435	-0.5692
VIBES_p_TCGA_290_291_292_293_S_GenomeWideSNP_6_H04_1362404	10	78831307	78832740	3	-2.974
VIBES_p_TCGA_290_291_292_293_S_GenomeWideSNP_6_H04_1362404	10	78833186	87671303	5323	-0.5658
VIBES_p_TCGA_290_291_292_293_S_GenomeWideSNP_6_H04_1362404	10	87671583	87868363	151	-0.5033
VIBES_p_TCGA_290_291_292_293_S_GenomeWideSNP_6_H04_1362404	10	87868551	87966113	169	-0.348
VIBES_p_TCGA_290_291_292_293_S_GenomeWideSNP_6_H04_1362404	10	87966384	98530214	6418	-0.5183
VIBES_p_TCGA_290_291_292_293_S_GenomeWideSNP_6_H04_1362404	10	98533747	98533943	2	-2.6857
VIBES_p_TCGA_290_291_292_293_S_GenomeWideSNP_6_H04_1362404	10	98534760	104024365	2803	-0.5028
VIBES_p_TCGA_290_291_292_293_S_GenomeWideSNP_6_H04_1362404	10	104024545	120326648	11035	-0.5526
VIBES_p_TCGA_290_291_292_293_S_GenomeWideSNP_6_H04_1362404	10	120327002	132183057	7989	-0.596
VIBES_p_TCGA_290_291_292_293_S_GenomeWideSNP_6_H04_1362404	10	132183081	132212754	11	-1.364
VIBES_p_TCGA_290_291_292_293_S_GenomeWideSNP_6_H04_1362404	10	132212836	133411599	298	-0.5968
VIBES_p_TCGA_290_291_292_293_S_GenomeWideSNP_6_H04_1362404	11	456012	8213947	4133	-0.5448
VIBES_p_TCGA_290_291_292_293_S_GenomeWideSNP_6_H04_1362404	11	8216398	8387445	146	-0.7071
VIBES_p_TCGA_290_291_292_293_S_GenomeWideSNP_6_H04_1362404	11	8388076	10414489	1171	-0.521
VIBES_p_TCGA_290_291_292_293_S_GenomeWideSNP_6_H04_1362404	11	10415792	10415954	2	-2.8485
VIBES_p_TCGA_290_291_292_293_S_GenomeWideSNP_6_H04_1362404	11	10416806	61492279	28173	-0.5557
VIBES_p_TCGA_290_291_292_293_S_GenomeWideSNP_6_H04_1362404	11	61492316	68545969	2363	-0.4849
VIBES_p_TCGA_290_291_292_293_S_GenomeWideSNP_6_H04_1362404	11	68547096	70315221	987	-0.577
VIBES_p_TCGA_290_291_292_293_S_GenomeWideSNP_6_H04_1362404	11	70316928	71479847	675	-0.6662
VIBES_p_TCGA_290_291_292_293_S_GenomeWideSNP_6_H04_1362404	11	71480492	71582841	79	-0.5948
VIBES_p_TCGA_290_291_292_293_S_GenomeWideSNP_6_H04_1362404	11	71588129	75448463	1847	-0.4923
VIBES_p_TCGA_290_291_292_293_S_GenomeWideSNP_6_H04_1362404	11	75449530	75598563	86	-0.6379
VIBES_p_TCGA_290_291_292_293_S_GenomeWideSNP_6_H04_1362404	11	75601815	78209284	1367	-0.524
VIBES_p_TCGA_290_291_292_293_S_GenomeWideSNP_6_H04_1362404	11	78211053	83799223	3771	-0.5885
VIBES_p_TCGA_290_291_292_293_S_GenomeWideSNP_6_H04_1362404	11	83801111	91655481	4586	-0.5328
VIBES_p_TCGA_290_291_292_293_S_GenomeWideSNP_6_H04_1362404	11	91660954	93978532	1241	-0.609
VIBES_p_TCGA_290_291_292_293_S_GenomeWideSNP_6_H04_1362404	11	93978666	109936261	10027	-0.5368
VIBES_p_TCGA_290_291_292_293_S_GenomeWideSNP_6_H04_1362404	11	109936688	118295497	5866	-0.5737
VIBES_p_TCGA_290_291_292_293_S_GenomeWideSNP_6_H04_1362404	11	118295570	119043496	468	-0.4268
VIBES_p_TCGA_290_291_292_293_S_GenomeWideSNP_6_H04_1362404	11	119046413	131161569	8556	-0.5629
VIBES_p_TCGA_290_291_292_293_S_GenomeWideSNP_6_H04_1362404	11	131161922	131831825	595	-0.6618
VIBES_p_TCGA_290_291_292_293_S_GenomeWideSNP_6_H04_1362404	11	131832072	131832116	2	-2.8101
VIBES_p_TCGA_290_291_292_293_S_GenomeWideSNP_6_H04_1362404	11	131833130	134272740	1359	-0.6296
VIBES_p_TCGA_290_291_292_293_S_GenomeWideSNP_6_H04_1362404	12	780472	3039074	950	-0.2335
VIBES_p_TCGA_290_291_292_293_S_GenomeWideSNP_6_H04_1362404	12	3040128	5383189	1865	-0.625
VIBES_p_TCGA_290_291_292_293_S_GenomeWideSNP_6_H04_1362404	12	5383294	5383669	2	-3.0043
VIBES_p_TCGA_290_291_292_293_S_GenomeWideSNP_6_H04_1362404	12	5385114	6337074	718	-0.6157
VIBES_p_TCGA_290_291_292_293_S_GenomeWideSNP_6_H04_1362404	12	6337611	7582629	547	-0.477
VIBES_p_TCGA_290_291_292_293_S_GenomeWideSNP_6_H04_1362404	12	7582645	8651850	334	-0.5861
VIBES_p_TCGA_290_291_292_293_S_GenomeWideSNP_6_H04_1362404	12	8651976	11000226	1178	-0.1936
VIBES_p_TCGA_290_291_292_293_S_GenomeWideSNP_6_H04_1362404	12	11200674	12134026	699	-0.5485
VIBES_p_TCGA_290_291_292_293_S_GenomeWideSNP_6_H04_1362404	12	12136222	25461455	8287	0.5372
VIBES_p_TCGA_290_291_292_293_S_GenomeWideSNP_6_H04_1362404	12	25464729	38827290	5147	0.106
VIBES_p_TCGA_290_291_292_293_S_GenomeWideSNP_6_H04_1362404	12	38829764	47321595	4739	-0.1625
VIBES_p_TCGA_290_291_292_293_S_GenomeWideSNP_6_H04_1362404	12	47321619	52981050	3007	-0.1111
VIBES_p_TCGA_290_291_292_293_S_GenomeWideSNP_6_H04_1362404	12	52983361	52984569	2	-1.9994
VIBES_p_TCGA_290_291_292_293_S_GenomeWideSNP_6_H04_1362404	12	52989863	57828056	2380	-0.1002
VIBES_p_TCGA_290_291_292_293_S_GenomeWideSNP_6_H04_1362404	12	57828889	96514194	23799	-0.1615
VIBES_p_TCGA_290_291_292_293_S_GenomeWideSNP_6_H04_1362404	12	96518820	96518921	2	-2.6557
VIBES_p_TCGA_290_291_292_293_S_GenomeWideSNP_6_H04_1362404	12	96519015	99417243	1999	-0.1651
VIBES_p_TCGA_290_291_292_293_S_GenomeWideSNP_6_H04_1362404	12	99417270	99417781	3	-1.2292
VIBES_p_TCGA_290_291_292_293_S_GenomeWideSNP_6_H04_1362404	12	99422664	104660087	3236	-0.1432
VIBES_p_TCGA_290_291_292_293_S_GenomeWideSNP_6_H04_1362404	12	104661006	104661076	2	-1.7262
VIBES_p_TCGA_290_291_292_293_S_GenomeWideSNP_6_H04_1362404	12	104661098	113649119	5321	-0.1456
VIBES_p_TCGA_290_291_292_293_S_GenomeWideSNP_6_H04_1362404	12	113649775	115782745	1494	-0.2157
VIBES_p_TCGA_290_291_292_293_S_GenomeWideSNP_6_H04_1362404	12	115783069	120149177	2782	-0.1679
VIBES_p_TCGA_290_291_292_293_S_GenomeWideSNP_6_H04_1362404	12	120151048	124278673	1889	-0.09
VIBES_p_TCGA_290_291_292_293_S_GenomeWideSNP_6_H04_1362404	12	124279139	125387263	698	-0.1479
VIBES_p_TCGA_290_291_292_293_S_GenomeWideSNP_6_H04_1362404	12	125388728	131068546	2679	-0.2342
VIBES_p_TCGA_290_291_292_293_S_GenomeWideSNP_6_H04_1362404	12	131070240	132605822	581	-0.1444
VIBES_p_TCGA_290_291_292_293_S_GenomeWideSNP_6_H04_1362404	13	18874255	27261833	4640	0.3136
VIBES_p_TCGA_290_291_292_293_S_GenomeWideSNP_6_H04_1362404	13	27263546	27280684	13	-1.0756
VIBES_p_TCGA_290_291_292_293_S_GenomeWideSNP_6_H04_1362404	13	27283405	48163545	13999	0.5058
VIBES_p_TCGA_290_291_292_293_S_GenomeWideSNP_6_H04_1362404	13	48164957	48206663	18	-0.9443
VIBES_p_TCGA_290_291_292_293_S_GenomeWideSNP_6_H04_1362404	13	48208369	48259630	30	0.5612
VIBES_p_TCGA_290_291_292_293_S_GenomeWideSNP_6_H04_1362404	13	48264676	48270007	4	-0.9436
VIBES_p_TCGA_290_291_292_293_S_GenomeWideSNP_6_H04_1362404	13	48270752	48344059	84	0.4965
VIBES_p_TCGA_290_291_292_293_S_GenomeWideSNP_6_H04_1362404	13	48347322	48363156	31	-0.889
VIBES_p_TCGA_290_291_292_293_S_GenomeWideSNP_6_H04_1362404	13	48363355	49611774	799	0.5115
VIBES_p_TCGA_290_291_292_293_S_GenomeWideSNP_6_H04_1362404	13	49615177	49617266	3	-1.0965
VIBES_p_TCGA_290_291_292_293_S_GenomeWideSNP_6_H04_1362404	13	49618746	49709683	30	0.5859
VIBES_p_TCGA_290_291_292_293_S_GenomeWideSNP_6_H04_1362404	13	49715741	49748197	12	-0.8869
VIBES_p_TCGA_290_291_292_293_S_GenomeWideSNP_6_H04_1362404	13	49757891	67198582	7905	0.2904
VIBES_p_TCGA_290_291_292_293_S_GenomeWideSNP_6_H04_1362404	13	67287864	67323418	6	-0.4802
VIBES_p_TCGA_290_291_292_293_S_GenomeWideSNP_6_H04_1362404	13	67323548	72196908	2753	0.2864
VIBES_p_TCGA_290_291_292_293_S_GenomeWideSNP_6_H04_1362404	13	72197576	72197913	2	-0.6796
VIBES_p_TCGA_290_291_292_293_S_GenomeWideSNP_6_H04_1362404	13	72199997	73078638	539	0.2879
VIBES_p_TCGA_290_291_292_293_S_GenomeWideSNP_6_H04_1362404	13	73079743	79981297	4691	0.3238
VIBES_p_TCGA_290_291_292_293_S_GenomeWideSNP_6_H04_1362404	13	79981470	79981687	3	-0.8438
VIBES_p_TCGA_290_291_292_293_S_GenomeWideSNP_6_H04_1362404	13	79989677	80688592	454	0.317
VIBES_p_TCGA_290_291_292_293_S_GenomeWideSNP_6_H04_1362404	13	80689044	88688175	4442	0.2883
VIBES_p_TCGA_290_291_292_293_S_GenomeWideSNP_6_H04_1362404	13	88691526	88691561	2	-0.7793
VIBES_p_TCGA_290_291_292_293_S_GenomeWideSNP_6_H04_1362404	13	88692123	93422201	2921	0.2771
VIBES_p_TCGA_290_291_292_293_S_GenomeWideSNP_6_H04_1362404	13	93422850	93423619	3	-0.7541
VIBES_p_TCGA_290_291_292_293_S_GenomeWideSNP_6_H04_1362404	13	93427841	93695737	222	0.292
VIBES_p_TCGA_290_291_292_293_S_GenomeWideSNP_6_H04_1362404	13	93695836	100476313	4247	0.3287
VIBES_p_TCGA_290_291_292_293_S_GenomeWideSNP_6_H04_1362404	13	100476506	114226675	9183	0.2934
VIBES_p_TCGA_290_291_292_293_S_GenomeWideSNP_6_H04_1362404	14	20033191	63105549	23860	-0.6924
VIBES_p_TCGA_290_291_292_293_S_GenomeWideSNP_6_H04_1362404	14	63106685	75970785	7558	-0.6421
VIBES_p_TCGA_290_291_292_293_S_GenomeWideSNP_6_H04_1362404	14	75971420	105533894	18194	-0.6831
VIBES_p_TCGA_290_291_292_293_S_GenomeWideSNP_6_H04_1362404	15	23437561	33158494	3753	0.0276
VIBES_p_TCGA_290_291_292_293_S_GenomeWideSNP_6_H04_1362404	15	33158691	34319101	931	0.0703
VIBES_p_TCGA_290_291_292_293_S_GenomeWideSNP_6_H04_1362404	15	34326065	34326254	2	-1.1885
VIBES_p_TCGA_290_291_292_293_S_GenomeWideSNP_6_H04_1362404	15	34327030	39932907	3658	0.0644
VIBES_p_TCGA_290_291_292_293_S_GenomeWideSNP_6_H04_1362404	15	39934294	42157004	1064	0.1221
VIBES_p_TCGA_290_291_292_293_S_GenomeWideSNP_6_H04_1362404	15	42159614	62810002	12885	0.0653
VIBES_p_TCGA_290_291_292_293_S_GenomeWideSNP_6_H04_1362404	15	62811619	67523530	2741	0.1111
VIBES_p_TCGA_290_291_292_293_S_GenomeWideSNP_6_H04_1362404	15	67525139	74117370	4047	0.0802
VIBES_p_TCGA_290_291_292_293_S_GenomeWideSNP_6_H04_1362404	15	74118014	76328231	920	0.1404
VIBES_p_TCGA_290_291_292_293_S_GenomeWideSNP_6_H04_1362404	15	76328866	87895900	6494	0.0654
VIBES_p_TCGA_290_291_292_293_S_GenomeWideSNP_6_H04_1362404	15	87897157	91218770	1953	0.1124
VIBES_p_TCGA_290_291_292_293_S_GenomeWideSNP_6_H04_1362404	15	91219918	93856243	1692	0.0763
VIBES_p_TCGA_290_291_292_293_S_GenomeWideSNP_6_H04_1362404	15	93856557	97666434	2576	0.0154
VIBES_p_TCGA_290_291_292_293_S_GenomeWideSNP_6_H04_1362404	15	97666505	101344124	2073	0.0621
VIBES_p_TCGA_290_291_292_293_S_GenomeWideSNP_6_H04_1362404	16	603333	3222363	715	0.1903
VIBES_p_TCGA_290_291_292_293_S_GenomeWideSNP_6_H04_1362404	16	3232320	5196929	1001	1.1391
VIBES_p_TCGA_290_291_292_293_S_GenomeWideSNP_6_H04_1362404	16	5197683	8710402	2180	0.997
VIBES_p_TCGA_290_291_292_293_S_GenomeWideSNP_6_H04_1362404	16	8712564	9263570	212	1.0907
VIBES_p_TCGA_290_291_292_293_S_GenomeWideSNP_6_H04_1362404	16	9267933	20602420	5134	0.0718
VIBES_p_TCGA_290_291_292_293_S_GenomeWideSNP_6_H04_1362404	16	20604353	20624663	3	-1.0835
VIBES_p_TCGA_290_291_292_293_S_GenomeWideSNP_6_H04_1362404	16	20625234	26801594	3179	0.0578
VIBES_p_TCGA_290_291_292_293_S_GenomeWideSNP_6_H04_1362404	16	26801949	26802022	3	-1.0364
VIBES_p_TCGA_290_291_292_293_S_GenomeWideSNP_6_H04_1362404	16	26805364	27894873	620	0.0505
VIBES_p_TCGA_290_291_292_293_S_GenomeWideSNP_6_H04_1362404	16	27895885	31841585	1014	0.1303
VIBES_p_TCGA_290_291_292_293_S_GenomeWideSNP_6_H04_1362404	16	46470502	52571184	3732	-1.0896
VIBES_p_TCGA_290_291_292_293_S_GenomeWideSNP_6_H04_1362404	16	52571388	52574760	2	-6.7402
VIBES_p_TCGA_290_291_292_293_S_GenomeWideSNP_6_H04_1362404	16	52575004	86223502	21574	-1.0886
VIBES_p_TCGA_290_291_292_293_S_GenomeWideSNP_6_H04_1362404	16	86223607	86227158	2	-6.9194
VIBES_p_TCGA_290_291_292_293_S_GenomeWideSNP_6_H04_1362404	16	86228127	86708140	528	-1.2228
VIBES_p_TCGA_290_291_292_293_S_GenomeWideSNP_6_H04_1362404	16	86708617	86710757	2	-7.0306
VIBES_p_TCGA_290_291_292_293_S_GenomeWideSNP_6_H04_1362404	16	86710783	87026877	262	-1.1739
VIBES_p_TCGA_290_291_292_293_S_GenomeWideSNP_6_H04_1362404	16	87027478	87028639	3	-4.9465
VIBES_p_TCGA_290_291_292_293_S_GenomeWideSNP_6_H04_1362404	16	87029613	88003722	588	-1.1686
VIBES_p_TCGA_290_291_292_293_S_GenomeWideSNP_6_H04_1362404	16	88005544	88018555	5	-5.0862
VIBES_p_TCGA_290_291_292_293_S_GenomeWideSNP_6_H04_1362404	16	88019517	89317317	183	-1.1076
VIBES_p_TCGA_290_291_292_293_S_GenomeWideSNP_6_H04_1362404	17	1074619	2785812	725	-0.1036
VIBES_p_TCGA_290_291_292_293_S_GenomeWideSNP_6_H04_1362404	17	2787549	3262682	194	-0.1991
VIBES_p_TCGA_290_291_292_293_S_GenomeWideSNP_6_H04_1362404	17	3266339	5301256	933	-0.1209
VIBES_p_TCGA_290_291_292_293_S_GenomeWideSNP_6_H04_1362404	17	5306234	7190765	1161	-0.2015
VIBES_p_TCGA_290_291_292_293_S_GenomeWideSNP_6_H04_1362404	17	7202080	9031314	920	-0.1106
VIBES_p_TCGA_290_291_292_293_S_GenomeWideSNP_6_H04_1362404	17	9031446	17078897	4156	-0.2282
VIBES_p_TCGA_290_291_292_293_S_GenomeWideSNP_6_H04_1362404	17	17079439	32468005	4081	-0.1442
VIBES_p_TCGA_290_291_292_293_S_GenomeWideSNP_6_H04_1362404	17	32471586	37699111	2480	-0.1876
VIBES_p_TCGA_290_291_292_293_S_GenomeWideSNP_6_H04_1362404	17	37699741	44255219	2879	-0.1274
VIBES_p_TCGA_290_291_292_293_S_GenomeWideSNP_6_H04_1362404	17	44255435	44255446	2	-1.7845
VIBES_p_TCGA_290_291_292_293_S_GenomeWideSNP_6_H04_1362404	17	44256591	50891577	2610	-0.1264
VIBES_p_TCGA_290_291_292_293_S_GenomeWideSNP_6_H04_1362404	17	50892014	56025708	3050	-0.2167
VIBES_p_TCGA_290_291_292_293_S_GenomeWideSNP_6_H04_1362404	17	56025888	56025898	2	-1.933
VIBES_p_TCGA_290_291_292_293_S_GenomeWideSNP_6_H04_1362404	17	56026441	57089330	828	-0.2128
VIBES_p_TCGA_290_291_292_293_S_GenomeWideSNP_6_H04_1362404	17	57092120	70071981	6934	-0.1635
VIBES_p_TCGA_290_291_292_293_S_GenomeWideSNP_6_H04_1362404	17	70072884	72251376	1707	-0.2144
VIBES_p_TCGA_290_291_292_293_S_GenomeWideSNP_6_H04_1362404	17	72255028	72255416	3	0.7899
VIBES_p_TCGA_290_291_292_293_S_GenomeWideSNP_6_H04_1362404	17	72255700	72737384	388	-0.2067
VIBES_p_TCGA_290_291_292_293_S_GenomeWideSNP_6_H04_1362404	17	72737541	82959812	4234	-0.0855
VIBES_p_TCGA_290_291_292_293_S_GenomeWideSNP_6_H04_1362404	18	326691	13649543	7953	0.6722
VIBES_p_TCGA_290_291_292_293_S_GenomeWideSNP_6_H04_1362404	18	13650278	47915591	16650	0.6538
VIBES_p_TCGA_290_291_292_293_S_GenomeWideSNP_6_H04_1362404	18	47918735	50082252	1466	0.7021
VIBES_p_TCGA_290_291_292_293_S_GenomeWideSNP_6_H04_1362404	18	50082302	57283703	4702	0.629
VIBES_p_TCGA_290_291_292_293_S_GenomeWideSNP_6_H04_1362404	18	57288132	61614715	2905	0.6728
VIBES_p_TCGA_290_291_292_293_S_GenomeWideSNP_6_H04_1362404	18	61614923	61615076	3	-0.3352
VIBES_p_TCGA_290_291_292_293_S_GenomeWideSNP_6_H04_1362404	18	61617632	79349796	9292	0.6655
VIBES_p_TCGA_290_291_292_293_S_GenomeWideSNP_6_H04_1362404	19	283868	21255811	7837	-0.4564
VIBES_p_TCGA_290_291_292_293_S_GenomeWideSNP_6_H04_1362404	19	21258726	34144845	5768	-0.5829
VIBES_p_TCGA_290_291_292_293_S_GenomeWideSNP_6_H04_1362404	19	34146663	58370362	10549	-0.4873
VIBES_p_TCGA_290_291_292_293_S_GenomeWideSNP_6_H04_1362404	20	472817	740710	186	0.876
VIBES_p_TCGA_290_291_292_293_S_GenomeWideSNP_6_H04_1362404	20	742416	5787891	2946	0.9368
VIBES_p_TCGA_290_291_292_293_S_GenomeWideSNP_6_H04_1362404	20	5788082	9384594	2224	0.8833
VIBES_p_TCGA_290_291_292_293_S_GenomeWideSNP_6_H04_1362404	20	9384732	9388326	2	-0.6098
VIBES_p_TCGA_290_291_292_293_S_GenomeWideSNP_6_H04_1362404	20	9389584	31259789	11631	0.8866
VIBES_p_TCGA_290_291_292_293_S_GenomeWideSNP_6_H04_1362404	20	31259815	36978502	2658	0.7765
VIBES_p_TCGA_290_291_292_293_S_GenomeWideSNP_6_H04_1362404	20	36984415	37094427	162	0.5654
VIBES_p_TCGA_290_291_292_293_S_GenomeWideSNP_6_H04_1362404	20	37097999	39333779	1362	0.7686
VIBES_p_TCGA_290_291_292_293_S_GenomeWideSNP_6_H04_1362404	20	39333856	41730880	1598	0.7098
VIBES_p_TCGA_290_291_292_293_S_GenomeWideSNP_6_H04_1362404	20	41731384	41731388	5	0.0222
VIBES_p_TCGA_290_291_292_293_S_GenomeWideSNP_6_H04_1362404	20	41732145	43467963	1316	0.6887
VIBES_p_TCGA_290_291_292_293_S_GenomeWideSNP_6_H04_1362404	20	43468584	51393014	5106	0.7661
VIBES_p_TCGA_290_291_292_293_S_GenomeWideSNP_6_H04_1362404	20	51395323	56876552	3899	0.7183
VIBES_p_TCGA_290_291_292_293_S_GenomeWideSNP_6_H04_1362404	20	56877341	59767075	2190	0.7617
VIBES_p_TCGA_290_291_292_293_S_GenomeWideSNP_6_H04_1362404	20	59767213	61604506	1475	0.6595
VIBES_p_TCGA_290_291_292_293_S_GenomeWideSNP_6_H04_1362404	20	61604615	62153711	340	0.7327
VIBES_p_TCGA_290_291_292_293_S_GenomeWideSNP_6_H04_1362404	20	62161807	62856891	291	0.8398
VIBES_p_TCGA_290_291_292_293_S_GenomeWideSNP_6_H04_1362404	20	62857164	63413455	164	0.7549
VIBES_p_TCGA_290_291_292_293_S_GenomeWideSNP_6_H04_1362404	20	63417301	63588502	50	0.8413
VIBES_p_TCGA_290_291_292_293_S_GenomeWideSNP_6_H04_1362404	21	13974127	18741916	2940	0.6694
VIBES_p_TCGA_290_291_292_293_S_GenomeWideSNP_6_H04_1362404	21	18741980	25465103	4190	0.6288
VIBES_p_TCGA_290_291_292_293_S_GenomeWideSNP_6_H04_1362404	21	25465171	31814841	4322	0.6882
VIBES_p_TCGA_290_291_292_293_S_GenomeWideSNP_6_H04_1362404	21	31822270	31932387	71	1.2521
VIBES_p_TCGA_290_291_292_293_S_GenomeWideSNP_6_H04_1362404	21	31935142	36267229	2837	0.7003
VIBES_p_TCGA_290_291_292_293_S_GenomeWideSNP_6_H04_1362404	21	36274124	36291697	10	-0.5251
VIBES_p_TCGA_290_291_292_293_S_GenomeWideSNP_6_H04_1362404	21	36293078	37031612	442	0.7028
VIBES_p_TCGA_290_291_292_293_S_GenomeWideSNP_6_H04_1362404	21	37036208	37069144	21	-0.552
VIBES_p_TCGA_290_291_292_293_S_GenomeWideSNP_6_H04_1362404	21	37074764	38810253	1327	0.6675
VIBES_p_TCGA_290_291_292_293_S_GenomeWideSNP_6_H04_1362404	21	38815826	38815837	4	-0.2212
VIBES_p_TCGA_290_291_292_293_S_GenomeWideSNP_6_H04_1362404	21	38818597	41499476	2227	0.6549
VIBES_p_TCGA_290_291_292_293_S_GenomeWideSNP_6_H04_1362404	21	41499524	42962716	1057	0.7393
VIBES_p_TCGA_290_291_292_293_S_GenomeWideSNP_6_H04_1362404	21	42963142	42967363	2	-0.5784
VIBES_p_TCGA_290_291_292_293_S_GenomeWideSNP_6_H04_1362404	21	42971065	46262057	1344	0.7537
VIBES_p_TCGA_290_291_292_293_S_GenomeWideSNP_6_H04_1362404	22	16934932	25186409	1670	0.1467
VIBES_p_TCGA_290_291_292_293_S_GenomeWideSNP_6_H04_1362404	22	25186998	27188354	1609	0.0913
VIBES_p_TCGA_290_291_292_293_S_GenomeWideSNP_6_H04_1362404	22	27188401	27191039	3	-1.0588
VIBES_p_TCGA_290_291_292_293_S_GenomeWideSNP_6_H04_1362404	22	27191114	29090791	1294	0.0988
VIBES_p_TCGA_290_291_292_293_S_GenomeWideSNP_6_H04_1362404	22	29090943	33109512	2397	0.1568
VIBES_p_TCGA_290_291_292_293_S_GenomeWideSNP_6_H04_1362404	22	33112332	36105210	2353	0.0946
VIBES_p_TCGA_290_291_292_293_S_GenomeWideSNP_6_H04_1362404	22	36108528	43420705	3676	0.187
VIBES_p_TCGA_290_291_292_293_S_GenomeWideSNP_6_H04_1362404	22	43421025	48940621	4086	0.125
VIBES_p_TCGA_290_291_292_293_S_GenomeWideSNP_6_H04_1362404	X	3236359	12648230	3366	-0.0053
VIBES_p_TCGA_290_291_292_293_S_GenomeWideSNP_6_H04_1362404	X	12648395	25022001	6090	0.0228
VIBES_p_TCGA_290_291_292_293_S_GenomeWideSNP_6_H04_1362404	X	25024912	38922538	6541	-0.0144
VIBES_p_TCGA_290_291_292_293_S_GenomeWideSNP_6_H04_1362404	X	38923299	50118117	5077	0.0326
VIBES_p_TCGA_290_291_292_293_S_GenomeWideSNP_6_H04_1362404	X	50119805	51905371	861	-0.0206
VIBES_p_TCGA_290_291_292_293_S_GenomeWideSNP_6_H04_1362404	X	51905483	51917243	12	-0.4618
VIBES_p_TCGA_290_291_292_293_S_GenomeWideSNP_6_H04_1362404	X	51917528	68170968	4115	-0.0134
VIBES_p_TCGA_290_291_292_293_S_GenomeWideSNP_6_H04_1362404	X	68171354	73158870	2041	0.0282
VIBES_p_TCGA_290_291_292_293_S_GenomeWideSNP_6_H04_1362404	X	73160580	86995921	5553	-0.0143
VIBES_p_TCGA_290_291_292_293_S_GenomeWideSNP_6_H04_1362404	X	87001463	89719208	1396	0.0518
VIBES_p_TCGA_290_291_292_293_S_GenomeWideSNP_6_H04_1362404	X	89721825	89726410	2	-1.3094
VIBES_p_TCGA_290_291_292_293_S_GenomeWideSNP_6_H04_1362404	X	89728272	90052096	115	0.0834
VIBES_p_TCGA_290_291_292_293_S_GenomeWideSNP_6_H04_1362404	X	90055524	90067301	5	-0.2203
VIBES_p_TCGA_290_291_292_293_S_GenomeWideSNP_6_H04_1362404	X	90067793	90068285	2	-3.0094
VIBES_p_TCGA_290_291_292_293_S_GenomeWideSNP_6_H04_1362404	X	90074807	92224078	336	0.1276
VIBES_p_TCGA_290_291_292_293_S_GenomeWideSNP_6_H04_1362404	X	92224577	100773108	3631	-0.0268
VIBES_p_TCGA_290_291_292_293_S_GenomeWideSNP_6_H04_1362404	X	100773227	124869749	11588	0.0131
VIBES_p_TCGA_290_291_292_293_S_GenomeWideSNP_6_H04_1362404	X	124870335	127956356	1391	-0.0346
VIBES_p_TCGA_290_291_292_293_S_GenomeWideSNP_6_H04_1362404	X	127967984	131197967	1536	0.0234
VIBES_p_TCGA_290_291_292_293_S_GenomeWideSNP_6_H04_1362404	X	131202500	134190335	1208	-0.0253
VIBES_p_TCGA_290_291_292_293_S_GenomeWideSNP_6_H04_1362404	X	134191424	137245408	1174	0.0337
VIBES_p_TCGA_290_291_292_293_S_GenomeWideSNP_6_H04_1362404	X	137248502	149145060	6168	-0.0225
VIBES_p_TCGA_290_291_292_293_S_GenomeWideSNP_6_H04_1362404	X	149145493	151418148	1114	0.0419
VIBES_p_TCGA_290_291_292_293_S_GenomeWideSNP_6_H04_1362404	X	151418560	153442410	676	-0.0177
VIBES_p_TCGA_290_291_292_293_S_GenomeWideSNP_6_H04_1362404	X	153447695	155677414	395	0.1191
