Sample	Chromosome	Start	End	Num_Probes	Segment_Mean
AVANT_p_TCGA_180_SNP_4N_GenomeWideSNP_6_H10_895340	1	3301765	31244722	15095	-0.0037
AVANT_p_TCGA_180_SNP_4N_GenomeWideSNP_6_H10_895340	1	31249109	31249715	3	-1.4618
AVANT_p_TCGA_180_SNP_4N_GenomeWideSNP_6_H10_895340	1	31249774	40610099	4923	-0.0017
AVANT_p_TCGA_180_SNP_4N_GenomeWideSNP_6_H10_895340	1	40615682	119217451	47719	0.1386
AVANT_p_TCGA_180_SNP_4N_GenomeWideSNP_6_H10_895340	1	119218192	119984738	521	0.2438
AVANT_p_TCGA_180_SNP_4N_GenomeWideSNP_6_H10_895340	1	119984772	150017843	47	0.4055
AVANT_p_TCGA_180_SNP_4N_GenomeWideSNP_6_H10_895340	1	150018467	152377208	984	0.5023
AVANT_p_TCGA_180_SNP_4N_GenomeWideSNP_6_H10_895340	1	152380038	153509241	732	0.5818
AVANT_p_TCGA_180_SNP_4N_GenomeWideSNP_6_H10_895340	1	153510413	154972995	688	0.5123
AVANT_p_TCGA_180_SNP_4N_GenomeWideSNP_6_H10_895340	1	154977746	156216047	499	0.419
AVANT_p_TCGA_180_SNP_4N_GenomeWideSNP_6_H10_895340	1	156217762	158294045	1295	0.5162
AVANT_p_TCGA_180_SNP_4N_GenomeWideSNP_6_H10_895340	1	158295797	172551825	10077	0.3886
AVANT_p_TCGA_180_SNP_4N_GenomeWideSNP_6_H10_895340	1	172552374	172667327	63	0.338
AVANT_p_TCGA_180_SNP_4N_GenomeWideSNP_6_H10_895340	1	172668354	176995051	2231	0.242
AVANT_p_TCGA_180_SNP_4N_GenomeWideSNP_6_H10_895340	1	176995137	187196158	6683	0.2747
AVANT_p_TCGA_180_SNP_4N_GenomeWideSNP_6_H10_895340	1	187196712	191379544	2395	0.2489
AVANT_p_TCGA_180_SNP_4N_GenomeWideSNP_6_H10_895340	1	191379796	196522064	3140	0.3605
AVANT_p_TCGA_180_SNP_4N_GenomeWideSNP_6_H10_895340	1	196522375	204545827	4903	0.4815
AVANT_p_TCGA_180_SNP_4N_GenomeWideSNP_6_H10_895340	1	204545831	207171648	1569	0.5429
AVANT_p_TCGA_180_SNP_4N_GenomeWideSNP_6_H10_895340	1	207172397	211317788	3061	0.4911
AVANT_p_TCGA_180_SNP_4N_GenomeWideSNP_6_H10_895340	1	211317810	211988489	407	0.3676
AVANT_p_TCGA_180_SNP_4N_GenomeWideSNP_6_H10_895340	1	211988737	222640270	7200	0.5036
AVANT_p_TCGA_180_SNP_4N_GenomeWideSNP_6_H10_895340	1	222640411	222993436	192	0.3662
AVANT_p_TCGA_180_SNP_4N_GenomeWideSNP_6_H10_895340	1	222993822	227671201	2700	0.4905
AVANT_p_TCGA_180_SNP_4N_GenomeWideSNP_6_H10_895340	1	227671547	229915310	1185	0.3881
AVANT_p_TCGA_180_SNP_4N_GenomeWideSNP_6_H10_895340	1	229915744	237170216	5155	0.2732
AVANT_p_TCGA_180_SNP_4N_GenomeWideSNP_6_H10_895340	1	237170325	240322475	2487	0.2244
AVANT_p_TCGA_180_SNP_4N_GenomeWideSNP_6_H10_895340	1	240323421	240730299	297	0.3003
AVANT_p_TCGA_180_SNP_4N_GenomeWideSNP_6_H10_895340	1	240733978	246916699	3362	0.3816
AVANT_p_TCGA_180_SNP_4N_GenomeWideSNP_6_H10_895340	1	246917020	247275219	176	0.2509
AVANT_p_TCGA_180_SNP_4N_GenomeWideSNP_6_H10_895340	1	247277943	247650984	241	0.2179
AVANT_p_TCGA_180_SNP_4N_GenomeWideSNP_6_H10_895340	2	480597	663676	168	-0.0099
AVANT_p_TCGA_180_SNP_4N_GenomeWideSNP_6_H10_895340	2	664719	687775	19	0.3924
AVANT_p_TCGA_180_SNP_4N_GenomeWideSNP_6_H10_895340	2	1912858	74518118	43618	0.025
AVANT_p_TCGA_180_SNP_4N_GenomeWideSNP_6_H10_895340	2	74518854	76155249	975	0.0842
AVANT_p_TCGA_180_SNP_4N_GenomeWideSNP_6_H10_895340	2	76155332	100995310	8699	0.0227
AVANT_p_TCGA_180_SNP_4N_GenomeWideSNP_6_H10_895340	2	100996153	104209198	1926	-0.014
AVANT_p_TCGA_180_SNP_4N_GenomeWideSNP_6_H10_895340	2	104209567	137043729	16764	0.0252
AVANT_p_TCGA_180_SNP_4N_GenomeWideSNP_6_H10_895340	2	137044699	138837928	646	-0.0028
AVANT_p_TCGA_180_SNP_4N_GenomeWideSNP_6_H10_895340	2	138837980	138842112	4	-0.8363
AVANT_p_TCGA_180_SNP_4N_GenomeWideSNP_6_H10_895340	2	138844740	143332012	2767	-0.0131
AVANT_p_TCGA_180_SNP_4N_GenomeWideSNP_6_H10_895340	2	143332324	170071354	15491	0.0281
AVANT_p_TCGA_180_SNP_4N_GenomeWideSNP_6_H10_895340	2	170071499	170074066	3	-1.303
AVANT_p_TCGA_180_SNP_4N_GenomeWideSNP_6_H10_895340	2	170074101	178423963	5324	0.0347
AVANT_p_TCGA_180_SNP_4N_GenomeWideSNP_6_H10_895340	2	178429184	214875492	19561	0.0147
AVANT_p_TCGA_180_SNP_4N_GenomeWideSNP_6_H10_895340	2	214878621	228019705	8472	0.0368
AVANT_p_TCGA_180_SNP_4N_GenomeWideSNP_6_H10_895340	2	228019938	231418120	1919	-0.0087
AVANT_p_TCGA_180_SNP_4N_GenomeWideSNP_6_H10_895340	2	231418174	241537572	6004	0.0371
AVANT_p_TCGA_180_SNP_4N_GenomeWideSNP_6_H10_895340	3	2170634	4491276	1252	-0.0883
AVANT_p_TCGA_180_SNP_4N_GenomeWideSNP_6_H10_895340	3	4491474	6112738	638	0.0729
AVANT_p_TCGA_180_SNP_4N_GenomeWideSNP_6_H10_895340	3	6116948	7129349	569	-0.1024
AVANT_p_TCGA_180_SNP_4N_GenomeWideSNP_6_H10_895340	3	7129897	7376199	210	0.0497
AVANT_p_TCGA_180_SNP_4N_GenomeWideSNP_6_H10_895340	3	7377038	7802998	397	-0.1135
AVANT_p_TCGA_180_SNP_4N_GenomeWideSNP_6_H10_895340	3	7803452	10599136	1843	0.0723
AVANT_p_TCGA_180_SNP_4N_GenomeWideSNP_6_H10_895340	3	10601207	10618717	19	-0.7913
AVANT_p_TCGA_180_SNP_4N_GenomeWideSNP_6_H10_895340	3	10622394	17821103	4688	0.057
AVANT_p_TCGA_180_SNP_4N_GenomeWideSNP_6_H10_895340	3	17821454	19366087	806	-0.0629
AVANT_p_TCGA_180_SNP_4N_GenomeWideSNP_6_H10_895340	3	19368504	20472775	608	0.0562
AVANT_p_TCGA_180_SNP_4N_GenomeWideSNP_6_H10_895340	3	20472905	21512955	533	-0.0736
AVANT_p_TCGA_180_SNP_4N_GenomeWideSNP_6_H10_895340	3	21514035	21621779	78	0.0709
AVANT_p_TCGA_180_SNP_4N_GenomeWideSNP_6_H10_895340	3	21621999	21740672	88	-0.1462
AVANT_p_TCGA_180_SNP_4N_GenomeWideSNP_6_H10_895340	3	22176672	23108237	477	0.0482
AVANT_p_TCGA_180_SNP_4N_GenomeWideSNP_6_H10_895340	3	23108817	23419916	168	-0.0882
AVANT_p_TCGA_180_SNP_4N_GenomeWideSNP_6_H10_895340	3	23420809	24620737	784	0.0516
AVANT_p_TCGA_180_SNP_4N_GenomeWideSNP_6_H10_895340	3	24626213	25117399	422	-0.0667
AVANT_p_TCGA_180_SNP_4N_GenomeWideSNP_6_H10_895340	3	25119985	34641612	5920	0.0683
AVANT_p_TCGA_180_SNP_4N_GenomeWideSNP_6_H10_895340	3	34642506	35162214	294	-0.1036
AVANT_p_TCGA_180_SNP_4N_GenomeWideSNP_6_H10_895340	3	35162653	37157962	1244	0.0224
AVANT_p_TCGA_180_SNP_4N_GenomeWideSNP_6_H10_895340	3	37158314	39209650	1304	-0.0671
AVANT_p_TCGA_180_SNP_4N_GenomeWideSNP_6_H10_895340	3	39210285	40445584	789	0.0645
AVANT_p_TCGA_180_SNP_4N_GenomeWideSNP_6_H10_895340	3	40448512	41808789	870	-0.0705
AVANT_p_TCGA_180_SNP_4N_GenomeWideSNP_6_H10_895340	3	41809598	43962228	1098	0.0859
AVANT_p_TCGA_180_SNP_4N_GenomeWideSNP_6_H10_895340	3	43962745	47079114	1764	-0.0726
AVANT_p_TCGA_180_SNP_4N_GenomeWideSNP_6_H10_895340	3	47079904	55123085	3883	0.0488
AVANT_p_TCGA_180_SNP_4N_GenomeWideSNP_6_H10_895340	3	55127625	55791673	555	-0.1024
AVANT_p_TCGA_180_SNP_4N_GenomeWideSNP_6_H10_895340	3	55791950	56422765	436	0.0369
AVANT_p_TCGA_180_SNP_4N_GenomeWideSNP_6_H10_895340	3	56422942	58930269	1365	0.0787
AVANT_p_TCGA_180_SNP_4N_GenomeWideSNP_6_H10_895340	3	58945306	59339408	204	0.3479
AVANT_p_TCGA_180_SNP_4N_GenomeWideSNP_6_H10_895340	3	59341602	59706442	344	0.2116
AVANT_p_TCGA_180_SNP_4N_GenomeWideSNP_6_H10_895340	3	59706544	73640229	9240	0.0719
AVANT_p_TCGA_180_SNP_4N_GenomeWideSNP_6_H10_895340	3	73642505	73775747	126	-0.0178
AVANT_p_TCGA_180_SNP_4N_GenomeWideSNP_6_H10_895340	3	73775760	73783368	4	0.4883
AVANT_p_TCGA_180_SNP_4N_GenomeWideSNP_6_H10_895340	3	73786077	73933039	137	-0.0589
AVANT_p_TCGA_180_SNP_4N_GenomeWideSNP_6_H10_895340	3	73933446	74081217	105	0.1045
AVANT_p_TCGA_180_SNP_4N_GenomeWideSNP_6_H10_895340	3	74081452	74200465	77	0.0039
AVANT_p_TCGA_180_SNP_4N_GenomeWideSNP_6_H10_895340	3	74200796	74871555	412	-0.0912
AVANT_p_TCGA_180_SNP_4N_GenomeWideSNP_6_H10_895340	3	74880698	77019883	863	0.0608
AVANT_p_TCGA_180_SNP_4N_GenomeWideSNP_6_H10_895340	3	77020648	78235875	670	-0.0969
AVANT_p_TCGA_180_SNP_4N_GenomeWideSNP_6_H10_895340	3	78236538	79423968	648	0.0607
AVANT_p_TCGA_180_SNP_4N_GenomeWideSNP_6_H10_895340	3	79424361	79747175	187	-0.0636
AVANT_p_TCGA_180_SNP_4N_GenomeWideSNP_6_H10_895340	3	79749468	80192273	248	0.0607
AVANT_p_TCGA_180_SNP_4N_GenomeWideSNP_6_H10_895340	3	80199478	80745767	319	-0.0475
AVANT_p_TCGA_180_SNP_4N_GenomeWideSNP_6_H10_895340	3	80746019	81476742	405	0.0507
AVANT_p_TCGA_180_SNP_4N_GenomeWideSNP_6_H10_895340	3	81479432	82119163	340	-0.0689
AVANT_p_TCGA_180_SNP_4N_GenomeWideSNP_6_H10_895340	3	82126238	84320760	1033	0.0286
AVANT_p_TCGA_180_SNP_4N_GenomeWideSNP_6_H10_895340	3	84320998	86305264	933	-0.0786
AVANT_p_TCGA_180_SNP_4N_GenomeWideSNP_6_H10_895340	3	86307776	88432847	1001	0.0578
AVANT_p_TCGA_180_SNP_4N_GenomeWideSNP_6_H10_895340	3	88433002	89514724	674	-0.0673
AVANT_p_TCGA_180_SNP_4N_GenomeWideSNP_6_H10_895340	3	89521535	98219479	2404	0.0338
AVANT_p_TCGA_180_SNP_4N_GenomeWideSNP_6_H10_895340	3	98221888	99137543	522	-0.078
AVANT_p_TCGA_180_SNP_4N_GenomeWideSNP_6_H10_895340	3	99138260	103337028	2150	0.0589
AVANT_p_TCGA_180_SNP_4N_GenomeWideSNP_6_H10_895340	3	103337951	103818712	286	-0.1035
AVANT_p_TCGA_180_SNP_4N_GenomeWideSNP_6_H10_895340	3	103819245	104539820	437	0.0026
AVANT_p_TCGA_180_SNP_4N_GenomeWideSNP_6_H10_895340	3	104539834	105559561	713	-0.0993
AVANT_p_TCGA_180_SNP_4N_GenomeWideSNP_6_H10_895340	3	105560613	105835754	119	0.0594
AVANT_p_TCGA_180_SNP_4N_GenomeWideSNP_6_H10_895340	3	105840556	106024272	97	-0.0995
AVANT_p_TCGA_180_SNP_4N_GenomeWideSNP_6_H10_895340	3	106027910	107054828	624	0.0668
AVANT_p_TCGA_180_SNP_4N_GenomeWideSNP_6_H10_895340	3	107058830	107236590	76	-0.1122
AVANT_p_TCGA_180_SNP_4N_GenomeWideSNP_6_H10_895340	3	107244082	107559306	191	0.0292
AVANT_p_TCGA_180_SNP_4N_GenomeWideSNP_6_H10_895340	3	107560042	111518769	2077	-0.0792
AVANT_p_TCGA_180_SNP_4N_GenomeWideSNP_6_H10_895340	3	111518933	114470837	1789	0.0575
AVANT_p_TCGA_180_SNP_4N_GenomeWideSNP_6_H10_895340	3	114473016	115294039	447	-0.0945
AVANT_p_TCGA_180_SNP_4N_GenomeWideSNP_6_H10_895340	3	115295323	116908767	1154	0.0747
AVANT_p_TCGA_180_SNP_4N_GenomeWideSNP_6_H10_895340	3	116909003	116949081	26	-0.2433
AVANT_p_TCGA_180_SNP_4N_GenomeWideSNP_6_H10_895340	3	116951235	118047579	809	0.0496
AVANT_p_TCGA_180_SNP_4N_GenomeWideSNP_6_H10_895340	3	118047995	118557352	329	-0.0858
AVANT_p_TCGA_180_SNP_4N_GenomeWideSNP_6_H10_895340	3	118558674	121263654	1428	0.0734
AVANT_p_TCGA_180_SNP_4N_GenomeWideSNP_6_H10_895340	3	121268233	122679966	682	-0.0861
AVANT_p_TCGA_180_SNP_4N_GenomeWideSNP_6_H10_895340	3	122684954	123054479	233	0.0966
AVANT_p_TCGA_180_SNP_4N_GenomeWideSNP_6_H10_895340	3	123054524	123525446	296	-0.0779
AVANT_p_TCGA_180_SNP_4N_GenomeWideSNP_6_H10_895340	3	123526305	128633674	3115	0.0733
AVANT_p_TCGA_180_SNP_4N_GenomeWideSNP_6_H10_895340	3	128634475	132967249	2385	-0.0678
AVANT_p_TCGA_180_SNP_4N_GenomeWideSNP_6_H10_895340	3	132968086	133251471	197	0.0813
AVANT_p_TCGA_180_SNP_4N_GenomeWideSNP_6_H10_895340	3	133252353	133810223	367	-0.0691
AVANT_p_TCGA_180_SNP_4N_GenomeWideSNP_6_H10_895340	3	133815723	142883824	4889	0.0492
AVANT_p_TCGA_180_SNP_4N_GenomeWideSNP_6_H10_895340	3	142885073	143619874	363	-0.106
AVANT_p_TCGA_180_SNP_4N_GenomeWideSNP_6_H10_895340	3	143622959	145781960	1183	0.0467
AVANT_p_TCGA_180_SNP_4N_GenomeWideSNP_6_H10_895340	3	145783525	146240730	299	-0.077
AVANT_p_TCGA_180_SNP_4N_GenomeWideSNP_6_H10_895340	3	146242026	148470843	737	0.0692
AVANT_p_TCGA_180_SNP_4N_GenomeWideSNP_6_H10_895340	3	148472152	154384545	3636	-0.0735
AVANT_p_TCGA_180_SNP_4N_GenomeWideSNP_6_H10_895340	3	154385300	157360362	1489	0.0663
AVANT_p_TCGA_180_SNP_4N_GenomeWideSNP_6_H10_895340	3	157361836	159933133	1436	-0.0796
AVANT_p_TCGA_180_SNP_4N_GenomeWideSNP_6_H10_895340	3	159936465	161452789	832	0.0379
AVANT_p_TCGA_180_SNP_4N_GenomeWideSNP_6_H10_895340	3	161452823	161469988	10	-0.3358
AVANT_p_TCGA_180_SNP_4N_GenomeWideSNP_6_H10_895340	3	161470118	162148435	352	-0.0814
AVANT_p_TCGA_180_SNP_4N_GenomeWideSNP_6_H10_895340	3	162148453	163227393	369	0.0405
AVANT_p_TCGA_180_SNP_4N_GenomeWideSNP_6_H10_895340	3	163227611	166744085	1477	-0.077
AVANT_p_TCGA_180_SNP_4N_GenomeWideSNP_6_H10_895340	3	166745754	167389254	244	0.0464
AVANT_p_TCGA_180_SNP_4N_GenomeWideSNP_6_H10_895340	3	167393535	167507006	66	-0.1237
AVANT_p_TCGA_180_SNP_4N_GenomeWideSNP_6_H10_895340	3	167516166	167965831	243	0.0558
AVANT_p_TCGA_180_SNP_4N_GenomeWideSNP_6_H10_895340	3	167965952	169448509	882	-0.0816
AVANT_p_TCGA_180_SNP_4N_GenomeWideSNP_6_H10_895340	3	169449503	172326838	1570	0.0542
AVANT_p_TCGA_180_SNP_4N_GenomeWideSNP_6_H10_895340	3	172327824	172808590	336	-0.0776
AVANT_p_TCGA_180_SNP_4N_GenomeWideSNP_6_H10_895340	3	172809298	172995401	127	0.0896
AVANT_p_TCGA_180_SNP_4N_GenomeWideSNP_6_H10_895340	3	173000794	173912890	268	-0.0728
AVANT_p_TCGA_180_SNP_4N_GenomeWideSNP_6_H10_895340	3	173914127	175295896	940	0.0673
AVANT_p_TCGA_180_SNP_4N_GenomeWideSNP_6_H10_895340	3	175296216	178685307	1421	-0.0797
AVANT_p_TCGA_180_SNP_4N_GenomeWideSNP_6_H10_895340	3	178690429	179169658	301	0.0675
AVANT_p_TCGA_180_SNP_4N_GenomeWideSNP_6_H10_895340	3	179169801	181629149	1371	-0.0618
AVANT_p_TCGA_180_SNP_4N_GenomeWideSNP_6_H10_895340	3	181629701	188550824	3788	0.0681
AVANT_p_TCGA_180_SNP_4N_GenomeWideSNP_6_H10_895340	3	188551109	189241640	446	-0.0839
AVANT_p_TCGA_180_SNP_4N_GenomeWideSNP_6_H10_895340	3	189242169	189979031	515	0.0572
AVANT_p_TCGA_180_SNP_4N_GenomeWideSNP_6_H10_895340	3	189980146	191912032	1276	-0.0826
AVANT_p_TCGA_180_SNP_4N_GenomeWideSNP_6_H10_895340	3	191912200	192326155	189	0.0367
AVANT_p_TCGA_180_SNP_4N_GenomeWideSNP_6_H10_895340	3	192328193	193545226	698	-0.0762
AVANT_p_TCGA_180_SNP_4N_GenomeWideSNP_6_H10_895340	3	193546918	194195299	426	0.1151
AVANT_p_TCGA_180_SNP_4N_GenomeWideSNP_6_H10_895340	3	194195763	196640529	960	0.0379
AVANT_p_TCGA_180_SNP_4N_GenomeWideSNP_6_H10_895340	3	196641630	197812401	154	0.2041
AVANT_p_TCGA_180_SNP_4N_GenomeWideSNP_6_H10_895340	4	1059384	3150086	816	0.1683
AVANT_p_TCGA_180_SNP_4N_GenomeWideSNP_6_H10_895340	4	3150516	15426060	7910	0.2165
AVANT_p_TCGA_180_SNP_4N_GenomeWideSNP_6_H10_895340	4	15429847	21913496	4361	0.1758
AVANT_p_TCGA_180_SNP_4N_GenomeWideSNP_6_H10_895340	4	21913965	27278139	3429	0.2045
AVANT_p_TCGA_180_SNP_4N_GenomeWideSNP_6_H10_895340	4	27279146	30904070	2311	0.1601
AVANT_p_TCGA_180_SNP_4N_GenomeWideSNP_6_H10_895340	4	30904107	32294688	864	0.218
AVANT_p_TCGA_180_SNP_4N_GenomeWideSNP_6_H10_895340	4	32294845	36360305	2208	0.1619
AVANT_p_TCGA_180_SNP_4N_GenomeWideSNP_6_H10_895340	4	36360807	38162245	1293	0.2133
AVANT_p_TCGA_180_SNP_4N_GenomeWideSNP_6_H10_895340	4	38162809	52788707	5729	0.1623
AVANT_p_TCGA_180_SNP_4N_GenomeWideSNP_6_H10_895340	4	52788988	57898809	3462	0.2138
AVANT_p_TCGA_180_SNP_4N_GenomeWideSNP_6_H10_895340	4	57924340	125679623	37994	0.1809
AVANT_p_TCGA_180_SNP_4N_GenomeWideSNP_6_H10_895340	4	125679755	138184821	6066	0.1548
AVANT_p_TCGA_180_SNP_4N_GenomeWideSNP_6_H10_895340	4	138186233	143760836	3567	0.194
AVANT_p_TCGA_180_SNP_4N_GenomeWideSNP_6_H10_895340	4	143761006	157560463	7670	0.1666
AVANT_p_TCGA_180_SNP_4N_GenomeWideSNP_6_H10_895340	4	157563552	159865341	1313	0.2055
AVANT_p_TCGA_180_SNP_4N_GenomeWideSNP_6_H10_895340	4	159867794	168166497	4432	0.153
AVANT_p_TCGA_180_SNP_4N_GenomeWideSNP_6_H10_895340	4	168167754	187842528	10249	0.1918
AVANT_p_TCGA_180_SNP_4N_GenomeWideSNP_6_H10_895340	5	914118	180934240	101246	-0.0302
AVANT_p_TCGA_180_SNP_4N_GenomeWideSNP_6_H10_895340	6	1011760	24479617	16692	0.2729
AVANT_p_TCGA_180_SNP_4N_GenomeWideSNP_6_H10_895340	6	24480067	38683065	5999	0.2396
AVANT_p_TCGA_180_SNP_4N_GenomeWideSNP_6_H10_895340	6	38685989	57341687	11509	0.2626
AVANT_p_TCGA_180_SNP_4N_GenomeWideSNP_6_H10_895340	6	57347009	62026812	195	-0.0107
AVANT_p_TCGA_180_SNP_4N_GenomeWideSNP_6_H10_895340	6	62028458	62401244	163	0.2291
AVANT_p_TCGA_180_SNP_4N_GenomeWideSNP_6_H10_895340	6	62401893	62803555	186	-0.0166
AVANT_p_TCGA_180_SNP_4N_GenomeWideSNP_6_H10_895340	6	62803783	65772754	1530	0.4933
AVANT_p_TCGA_180_SNP_4N_GenomeWideSNP_6_H10_895340	6	65773932	66042187	161	-0.3618
AVANT_p_TCGA_180_SNP_4N_GenomeWideSNP_6_H10_895340	6	66043742	66998046	598	0.4976
AVANT_p_TCGA_180_SNP_4N_GenomeWideSNP_6_H10_895340	6	67002416	67451592	312	-0.363
AVANT_p_TCGA_180_SNP_4N_GenomeWideSNP_6_H10_895340	6	67457153	67457396	3	-1.6713
AVANT_p_TCGA_180_SNP_4N_GenomeWideSNP_6_H10_895340	6	67457837	70759028	1889	-0.3781
AVANT_p_TCGA_180_SNP_4N_GenomeWideSNP_6_H10_895340	6	70760667	70879806	68	-0.0206
AVANT_p_TCGA_180_SNP_4N_GenomeWideSNP_6_H10_895340	6	70881522	72599474	976	-0.3833
AVANT_p_TCGA_180_SNP_4N_GenomeWideSNP_6_H10_895340	6	72605519	72753033	93	0.5332
AVANT_p_TCGA_180_SNP_4N_GenomeWideSNP_6_H10_895340	6	72759684	84618022	6656	-0.373
AVANT_p_TCGA_180_SNP_4N_GenomeWideSNP_6_H10_895340	6	84618741	84684922	64	0.7853
AVANT_p_TCGA_180_SNP_4N_GenomeWideSNP_6_H10_895340	6	84687675	84963717	143	0.3014
AVANT_p_TCGA_180_SNP_4N_GenomeWideSNP_6_H10_895340	6	84963979	85038942	82	0.4519
AVANT_p_TCGA_180_SNP_4N_GenomeWideSNP_6_H10_895340	6	85040865	100100912	8124	-0.3849
AVANT_p_TCGA_180_SNP_4N_GenomeWideSNP_6_H10_895340	6	100102068	100185462	44	0.6711
AVANT_p_TCGA_180_SNP_4N_GenomeWideSNP_6_H10_895340	6	100188881	107378988	4080	-0.3796
AVANT_p_TCGA_180_SNP_4N_GenomeWideSNP_6_H10_895340	6	107386197	107540346	86	0.5453
AVANT_p_TCGA_180_SNP_4N_GenomeWideSNP_6_H10_895340	6	107541874	107928783	328	0.2658
AVANT_p_TCGA_180_SNP_4N_GenomeWideSNP_6_H10_895340	6	107937053	170596889	37248	-0.3842
AVANT_p_TCGA_180_SNP_4N_GenomeWideSNP_6_H10_895340	7	664936	32835563	18277	0.7221
AVANT_p_TCGA_180_SNP_4N_GenomeWideSNP_6_H10_895340	7	32836619	36913591	2695	0.4466
AVANT_p_TCGA_180_SNP_4N_GenomeWideSNP_6_H10_895340	7	36916236	37901595	723	0.3645
AVANT_p_TCGA_180_SNP_4N_GenomeWideSNP_6_H10_895340	7	37902377	40248799	1469	0.4194
AVANT_p_TCGA_180_SNP_4N_GenomeWideSNP_6_H10_895340	7	40251369	46992073	3940	0.4526
AVANT_p_TCGA_180_SNP_4N_GenomeWideSNP_6_H10_895340	7	46992627	47636545	485	0.524
AVANT_p_TCGA_180_SNP_4N_GenomeWideSNP_6_H10_895340	7	47637387	48353273	453	0.4689
AVANT_p_TCGA_180_SNP_4N_GenomeWideSNP_6_H10_895340	7	48353767	50407778	1374	0.4216
AVANT_p_TCGA_180_SNP_4N_GenomeWideSNP_6_H10_895340	7	50408411	51609100	913	0.478
AVANT_p_TCGA_180_SNP_4N_GenomeWideSNP_6_H10_895340	7	51611207	70487274	6242	0.4055
AVANT_p_TCGA_180_SNP_4N_GenomeWideSNP_6_H10_895340	7	70488924	78307316	2938	0.078
AVANT_p_TCGA_180_SNP_4N_GenomeWideSNP_6_H10_895340	7	78310679	78311217	2	-2.201
AVANT_p_TCGA_180_SNP_4N_GenomeWideSNP_6_H10_895340	7	78311460	86038509	4727	0.0871
AVANT_p_TCGA_180_SNP_4N_GenomeWideSNP_6_H10_895340	7	86042083	90961885	1679	0.0072
AVANT_p_TCGA_180_SNP_4N_GenomeWideSNP_6_H10_895340	7	90962805	129277034	20374	0.0826
AVANT_p_TCGA_180_SNP_4N_GenomeWideSNP_6_H10_895340	7	129281993	129282322	2	-1.3783
AVANT_p_TCGA_180_SNP_4N_GenomeWideSNP_6_H10_895340	7	129282378	141392007	7222	0.0881
AVANT_p_TCGA_180_SNP_4N_GenomeWideSNP_6_H10_895340	7	141392019	147404481	2686	0.0483
AVANT_p_TCGA_180_SNP_4N_GenomeWideSNP_6_H10_895340	7	147405400	158592540	5922	0.0823
AVANT_p_TCGA_180_SNP_4N_GenomeWideSNP_6_H10_895340	8	667625	1265166	173	-0.2026
AVANT_p_TCGA_180_SNP_4N_GenomeWideSNP_6_H10_895340	8	1265445	1270024	4	-1.2718
AVANT_p_TCGA_180_SNP_4N_GenomeWideSNP_6_H10_895340	8	1270581	51337298	27265	-0.1887
AVANT_p_TCGA_180_SNP_4N_GenomeWideSNP_6_H10_895340	8	51340906	56909039	3304	0.1091
AVANT_p_TCGA_180_SNP_4N_GenomeWideSNP_6_H10_895340	8	56909681	92683488	20522	0.0638
AVANT_p_TCGA_180_SNP_4N_GenomeWideSNP_6_H10_895340	8	92683505	105138621	7418	0.1346
AVANT_p_TCGA_180_SNP_4N_GenomeWideSNP_6_H10_895340	8	105140186	109601180	2286	0.1049
AVANT_p_TCGA_180_SNP_4N_GenomeWideSNP_6_H10_895340	8	109604123	109604765	3	-1.0126
AVANT_p_TCGA_180_SNP_4N_GenomeWideSNP_6_H10_895340	8	109604963	118201488	4752	0.0972
AVANT_p_TCGA_180_SNP_4N_GenomeWideSNP_6_H10_895340	8	118202135	132602012	9910	0.1347
AVANT_p_TCGA_180_SNP_4N_GenomeWideSNP_6_H10_895340	8	132602415	133911282	1081	0.0868
AVANT_p_TCGA_180_SNP_4N_GenomeWideSNP_6_H10_895340	8	133912035	139536840	4277	0.1405
AVANT_p_TCGA_180_SNP_4N_GenomeWideSNP_6_H10_895340	8	139537829	140080625	440	0.2709
AVANT_p_TCGA_180_SNP_4N_GenomeWideSNP_6_H10_895340	8	140082621	144182542	869	0.1337
AVANT_p_TCGA_180_SNP_4N_GenomeWideSNP_6_H10_895340	9	789794	34277810	20916	-0.1608
AVANT_p_TCGA_180_SNP_4N_GenomeWideSNP_6_H10_895340	9	34298012	34303924	6	-1.2749
AVANT_p_TCGA_180_SNP_4N_GenomeWideSNP_6_H10_895340	9	34307544	84794947	14181	-0.1606
AVANT_p_TCGA_180_SNP_4N_GenomeWideSNP_6_H10_895340	9	84795910	85664409	701	0.2966
AVANT_p_TCGA_180_SNP_4N_GenomeWideSNP_6_H10_895340	9	85664850	138044505	32789	-0.1654
AVANT_p_TCGA_180_SNP_4N_GenomeWideSNP_6_H10_895340	10	366509	710947	106	-0.0628
AVANT_p_TCGA_180_SNP_4N_GenomeWideSNP_6_H10_895340	10	715085	720927	2	-1.6001
AVANT_p_TCGA_180_SNP_4N_GenomeWideSNP_6_H10_895340	10	720969	133411599	81368	-0.1124
AVANT_p_TCGA_180_SNP_4N_GenomeWideSNP_6_H10_895340	11	456012	39435303	24796	-0.1088
AVANT_p_TCGA_180_SNP_4N_GenomeWideSNP_6_H10_895340	11	39435435	41369106	1326	-0.1788
AVANT_p_TCGA_180_SNP_4N_GenomeWideSNP_6_H10_895340	11	41369838	87601889	21152	-0.1164
AVANT_p_TCGA_180_SNP_4N_GenomeWideSNP_6_H10_895340	11	87604550	89648409	1253	-0.0678
AVANT_p_TCGA_180_SNP_4N_GenomeWideSNP_6_H10_895340	11	89650684	98934137	5570	-0.1187
AVANT_p_TCGA_180_SNP_4N_GenomeWideSNP_6_H10_895340	11	98934200	98934222	2	-2.1119
AVANT_p_TCGA_180_SNP_4N_GenomeWideSNP_6_H10_895340	11	98934438	134272740	23690	-0.1139
AVANT_p_TCGA_180_SNP_4N_GenomeWideSNP_6_H10_895340	12	780472	18876535	10427	-0.0652
AVANT_p_TCGA_180_SNP_4N_GenomeWideSNP_6_H10_895340	12	18876597	45972062	13284	-0.0484
AVANT_p_TCGA_180_SNP_4N_GenomeWideSNP_6_H10_895340	12	45980323	132605822	50776	-0.0689
AVANT_p_TCGA_180_SNP_4N_GenomeWideSNP_6_H10_895340	13	18874255	52827218	20571	-0.0112
AVANT_p_TCGA_180_SNP_4N_GenomeWideSNP_6_H10_895340	13	52827570	73204368	10406	-0.0308
AVANT_p_TCGA_180_SNP_4N_GenomeWideSNP_6_H10_895340	13	73205042	78656703	3773	8e-04
AVANT_p_TCGA_180_SNP_4N_GenomeWideSNP_6_H10_895340	13	78661057	82748133	2440	-0.0328
AVANT_p_TCGA_180_SNP_4N_GenomeWideSNP_6_H10_895340	13	82750482	82751632	4	-0.9177
AVANT_p_TCGA_180_SNP_4N_GenomeWideSNP_6_H10_895340	13	82751730	108420492	16389	-0.0307
AVANT_p_TCGA_180_SNP_4N_GenomeWideSNP_6_H10_895340	13	108420926	114226675	3506	-0.0014
AVANT_p_TCGA_180_SNP_4N_GenomeWideSNP_6_H10_895340	14	20033191	28797117	4286	-0.1731
AVANT_p_TCGA_180_SNP_4N_GenomeWideSNP_6_H10_895340	14	28799775	28799953	2	-2.5407
AVANT_p_TCGA_180_SNP_4N_GenomeWideSNP_6_H10_895340	14	28800412	105533894	45527	-0.1634
AVANT_p_TCGA_180_SNP_4N_GenomeWideSNP_6_H10_895340	15	23437561	36892835	6253	0.0191
AVANT_p_TCGA_180_SNP_4N_GenomeWideSNP_6_H10_895340	15	36894541	58684802	12958	-0.3601
AVANT_p_TCGA_180_SNP_4N_GenomeWideSNP_6_H10_895340	15	58690788	65891460	4702	-0.0084
AVANT_p_TCGA_180_SNP_4N_GenomeWideSNP_6_H10_895340	15	65891476	98688905	19611	0.0509
AVANT_p_TCGA_180_SNP_4N_GenomeWideSNP_6_H10_895340	15	98690570	98693273	2	-1.5524
AVANT_p_TCGA_180_SNP_4N_GenomeWideSNP_6_H10_895340	15	98700478	101344124	1323	0.0562
AVANT_p_TCGA_180_SNP_4N_GenomeWideSNP_6_H10_895340	16	603333	4878462	1570	0.1024
AVANT_p_TCGA_180_SNP_4N_GenomeWideSNP_6_H10_895340	16	4881512	28224030	11744	0.1402
AVANT_p_TCGA_180_SNP_4N_GenomeWideSNP_6_H10_895340	16	28228152	46470502	776	0.0922
AVANT_p_TCGA_180_SNP_4N_GenomeWideSNP_6_H10_895340	16	46473753	89317317	27192	-0.1829
AVANT_p_TCGA_180_SNP_4N_GenomeWideSNP_6_H10_895340	17	1074619	75718883	34367	-0.0149
AVANT_p_TCGA_180_SNP_4N_GenomeWideSNP_6_H10_895340	17	75734402	76318692	210	0.2274
AVANT_p_TCGA_180_SNP_4N_GenomeWideSNP_6_H10_895340	17	76319948	82959812	2793	-0.0233
AVANT_p_TCGA_180_SNP_4N_GenomeWideSNP_6_H10_895340	18	326691	4275624	1932	-0.1607
AVANT_p_TCGA_180_SNP_4N_GenomeWideSNP_6_H10_895340	18	4276256	8440359	2471	-0.1093
AVANT_p_TCGA_180_SNP_4N_GenomeWideSNP_6_H10_895340	18	8446523	59934231	28276	-0.1529
AVANT_p_TCGA_180_SNP_4N_GenomeWideSNP_6_H10_895340	18	59938005	62205504	1423	-0.0966
AVANT_p_TCGA_180_SNP_4N_GenomeWideSNP_6_H10_895340	18	62208077	79349796	8913	-0.1574
AVANT_p_TCGA_180_SNP_4N_GenomeWideSNP_6_H10_895340	19	283868	13015157	4607	0.0971
AVANT_p_TCGA_180_SNP_4N_GenomeWideSNP_6_H10_895340	19	13015958	13020134	2	1.5085
AVANT_p_TCGA_180_SNP_4N_GenomeWideSNP_6_H10_895340	19	13020577	28685498	5217	0.0956
AVANT_p_TCGA_180_SNP_4N_GenomeWideSNP_6_H10_895340	19	28685887	35178878	4466	0.1289
AVANT_p_TCGA_180_SNP_4N_GenomeWideSNP_6_H10_895340	19	35178951	48512135	5964	0.0997
AVANT_p_TCGA_180_SNP_4N_GenomeWideSNP_6_H10_895340	19	48519569	58370362	4000	0.06
AVANT_p_TCGA_180_SNP_4N_GenomeWideSNP_6_H10_895340	20	472817	63588502	37652	0.053
AVANT_p_TCGA_180_SNP_4N_GenomeWideSNP_6_H10_895340	21	13974127	19293006	3361	-0.3594
AVANT_p_TCGA_180_SNP_4N_GenomeWideSNP_6_H10_895340	21	19293258	19404252	98	0.012
AVANT_p_TCGA_180_SNP_4N_GenomeWideSNP_6_H10_895340	21	19405077	27449574	5203	-0.3752
AVANT_p_TCGA_180_SNP_4N_GenomeWideSNP_6_H10_895340	21	27451836	27660774	143	0.064
AVANT_p_TCGA_180_SNP_4N_GenomeWideSNP_6_H10_895340	21	27660818	27865736	132	-0.3038
AVANT_p_TCGA_180_SNP_4N_GenomeWideSNP_6_H10_895340	21	27871070	28104759	127	0.0609
AVANT_p_TCGA_180_SNP_4N_GenomeWideSNP_6_H10_895340	21	28106047	31436743	2159	-0.3567
AVANT_p_TCGA_180_SNP_4N_GenomeWideSNP_6_H10_895340	21	31438709	32328157	579	0.0351
AVANT_p_TCGA_180_SNP_4N_GenomeWideSNP_6_H10_895340	21	32331727	32521808	134	-0.3731
AVANT_p_TCGA_180_SNP_4N_GenomeWideSNP_6_H10_895340	21	32524569	32539642	13	0.108
AVANT_p_TCGA_180_SNP_4N_GenomeWideSNP_6_H10_895340	21	32543056	33039237	315	-0.3541
AVANT_p_TCGA_180_SNP_4N_GenomeWideSNP_6_H10_895340	21	33039911	33796858	417	-0.033
AVANT_p_TCGA_180_SNP_4N_GenomeWideSNP_6_H10_895340	21	33798012	38732027	3471	-0.3596
AVANT_p_TCGA_180_SNP_4N_GenomeWideSNP_6_H10_895340	21	38783137	38948457	156	5e-04
AVANT_p_TCGA_180_SNP_4N_GenomeWideSNP_6_H10_895340	21	38949858	39005681	69	-0.4694
AVANT_p_TCGA_180_SNP_4N_GenomeWideSNP_6_H10_895340	21	39008323	39125635	105	0.0431
AVANT_p_TCGA_180_SNP_4N_GenomeWideSNP_6_H10_895340	21	39126130	41585763	1976	-0.3512
AVANT_p_TCGA_180_SNP_4N_GenomeWideSNP_6_H10_895340	21	41586156	41653529	66	0.0609
AVANT_p_TCGA_180_SNP_4N_GenomeWideSNP_6_H10_895340	21	41655527	41792381	91	-0.2459
AVANT_p_TCGA_180_SNP_4N_GenomeWideSNP_6_H10_895340	21	41792494	41918193	76	0.0298
AVANT_p_TCGA_180_SNP_4N_GenomeWideSNP_6_H10_895340	21	41918219	41958976	20	-0.364
AVANT_p_TCGA_180_SNP_4N_GenomeWideSNP_6_H10_895340	21	41960535	41995570	30	0.0431
AVANT_p_TCGA_180_SNP_4N_GenomeWideSNP_6_H10_895340	21	42000446	42200375	181	-0.3806
AVANT_p_TCGA_180_SNP_4N_GenomeWideSNP_6_H10_895340	21	42200888	42226515	21	-0.0108
AVANT_p_TCGA_180_SNP_4N_GenomeWideSNP_6_H10_895340	21	42230277	42328627	77	-0.4106
AVANT_p_TCGA_180_SNP_4N_GenomeWideSNP_6_H10_895340	21	42329341	46262057	1776	-0.0037
AVANT_p_TCGA_180_SNP_4N_GenomeWideSNP_6_H10_895340	22	16934932	17241646	177	-0.3923
AVANT_p_TCGA_180_SNP_4N_GenomeWideSNP_6_H10_895340	22	17251087	17330888	63	0.2968
AVANT_p_TCGA_180_SNP_4N_GenomeWideSNP_6_H10_895340	22	17340977	18090950	486	0.0062
AVANT_p_TCGA_180_SNP_4N_GenomeWideSNP_6_H10_895340	22	18091949	18131162	47	0.3429
AVANT_p_TCGA_180_SNP_4N_GenomeWideSNP_6_H10_895340	22	21741482	21939017	93	-0.0279
AVANT_p_TCGA_180_SNP_4N_GenomeWideSNP_6_H10_895340	22	21949041	24495387	381	0.243
AVANT_p_TCGA_180_SNP_4N_GenomeWideSNP_6_H10_895340	22	24496892	33088262	5717	-0.3706
AVANT_p_TCGA_180_SNP_4N_GenomeWideSNP_6_H10_895340	22	33092418	33355877	239	0.5098
AVANT_p_TCGA_180_SNP_4N_GenomeWideSNP_6_H10_895340	22	33364618	36374612	2231	-0.366
AVANT_p_TCGA_180_SNP_4N_GenomeWideSNP_6_H10_895340	22	36379706	36893681	347	0.4865
AVANT_p_TCGA_180_SNP_4N_GenomeWideSNP_6_H10_895340	22	36893827	36955198	38	0.2348
AVANT_p_TCGA_180_SNP_4N_GenomeWideSNP_6_H10_895340	22	36955280	37013754	67	0.4847
AVANT_p_TCGA_180_SNP_4N_GenomeWideSNP_6_H10_895340	22	37026349	37272537	146	0.2539
AVANT_p_TCGA_180_SNP_4N_GenomeWideSNP_6_H10_895340	22	37272592	39429456	955	0.483
AVANT_p_TCGA_180_SNP_4N_GenomeWideSNP_6_H10_895340	22	39430783	40271871	380	0.2723
AVANT_p_TCGA_180_SNP_4N_GenomeWideSNP_6_H10_895340	22	40280032	40313699	22	0.6992
AVANT_p_TCGA_180_SNP_4N_GenomeWideSNP_6_H10_895340	22	40321447	40361036	20	0.2808
AVANT_p_TCGA_180_SNP_4N_GenomeWideSNP_6_H10_895340	22	40361224	41398573	612	0.6466
AVANT_p_TCGA_180_SNP_4N_GenomeWideSNP_6_H10_895340	22	41398869	43197251	845	0.2679
AVANT_p_TCGA_180_SNP_4N_GenomeWideSNP_6_H10_895340	22	43197583	44719669	1176	-0.3866
AVANT_p_TCGA_180_SNP_4N_GenomeWideSNP_6_H10_895340	22	44719699	44721554	3	-1.5784
AVANT_p_TCGA_180_SNP_4N_GenomeWideSNP_6_H10_895340	22	44721714	48940621	3050	-0.3833
AVANT_p_TCGA_180_SNP_4N_GenomeWideSNP_6_H10_895340	X	3236359	155677414	64226	0.0092
