Sample	Chromosome	Start	End	Num_Probes	Segment_Mean
APRES_p_TCGAb_414_15_16_17_NSP_GenomeWideSNP_6_E09_1486268	1	3301765	39704052	19451	-0.7834
APRES_p_TCGAb_414_15_16_17_NSP_GenomeWideSNP_6_E09_1486268	1	39712596	119984738	48706	0.0135
APRES_p_TCGAb_414_15_16_17_NSP_GenomeWideSNP_6_E09_1486268	1	119984772	186545711	22882	0.4584
APRES_p_TCGAb_414_15_16_17_NSP_GenomeWideSNP_6_E09_1486268	1	186550160	199869374	7795	0.4867
APRES_p_TCGAb_414_15_16_17_NSP_GenomeWideSNP_6_E09_1486268	1	199869919	245840547	30525	0.4648
APRES_p_TCGAb_414_15_16_17_NSP_GenomeWideSNP_6_E09_1486268	1	245843137	246026700	158	0.0247
APRES_p_TCGAb_414_15_16_17_NSP_GenomeWideSNP_6_E09_1486268	1	246435044	247650984	438	0.4473
APRES_p_TCGAb_414_15_16_17_NSP_GenomeWideSNP_6_E09_1486268	2	480597	16664566	10472	0.3844
APRES_p_TCGAb_414_15_16_17_NSP_GenomeWideSNP_6_E09_1486268	2	16666498	18186522	1038	-0.0253
APRES_p_TCGAb_414_15_16_17_NSP_GenomeWideSNP_6_E09_1486268	2	18187089	88831240	39367	0.3794
APRES_p_TCGAb_414_15_16_17_NSP_GenomeWideSNP_6_E09_1486268	2	88831554	211204961	62947	-0.1127
APRES_p_TCGAb_414_15_16_17_NSP_GenomeWideSNP_6_E09_1486268	2	211212021	212375903	743	0.4151
APRES_p_TCGAb_414_15_16_17_NSP_GenomeWideSNP_6_E09_1486268	2	212376043	212475999	59	0.7219
APRES_p_TCGAb_414_15_16_17_NSP_GenomeWideSNP_6_E09_1486268	2	212476379	221473905	5676	0.3905
APRES_p_TCGAb_414_15_16_17_NSP_GenomeWideSNP_6_E09_1486268	2	221474691	238806291	10711	0.3692
APRES_p_TCGAb_414_15_16_17_NSP_GenomeWideSNP_6_E09_1486268	2	238807127	241537572	1427	0.4019
APRES_p_TCGAb_414_15_16_17_NSP_GenomeWideSNP_6_E09_1486268	3	2170634	12584248	6239	-0.7965
APRES_p_TCGAb_414_15_16_17_NSP_GenomeWideSNP_6_E09_1486268	3	12584369	12733766	127	-0.5457
APRES_p_TCGAb_414_15_16_17_NSP_GenomeWideSNP_6_E09_1486268	3	12734217	14913121	1429	-0.8232
APRES_p_TCGAb_414_15_16_17_NSP_GenomeWideSNP_6_E09_1486268	3	14915272	44892889	17630	-0.7549
APRES_p_TCGAb_414_15_16_17_NSP_GenomeWideSNP_6_E09_1486268	3	44894578	47029007	1328	-0.7811
APRES_p_TCGAb_414_15_16_17_NSP_GenomeWideSNP_6_E09_1486268	3	47034288	52169564	1980	-0.6707
APRES_p_TCGAb_414_15_16_17_NSP_GenomeWideSNP_6_E09_1486268	3	52174718	57012064	3246	-0.7801
APRES_p_TCGAb_414_15_16_17_NSP_GenomeWideSNP_6_E09_1486268	3	57015801	57170391	121	-3.7869
APRES_p_TCGAb_414_15_16_17_NSP_GenomeWideSNP_6_E09_1486268	3	57174047	74049750	10982	-0.7781
APRES_p_TCGAb_414_15_16_17_NSP_GenomeWideSNP_6_E09_1486268	3	74050404	121895642	23698	-0.7423
APRES_p_TCGAb_414_15_16_17_NSP_GenomeWideSNP_6_E09_1486268	3	121897104	126212907	2659	-0.7798
APRES_p_TCGAb_414_15_16_17_NSP_GenomeWideSNP_6_E09_1486268	3	126213418	126215273	2	-2.7216
APRES_p_TCGAb_414_15_16_17_NSP_GenomeWideSNP_6_E09_1486268	3	126215350	126377204	104	-0.778
APRES_p_TCGAb_414_15_16_17_NSP_GenomeWideSNP_6_E09_1486268	3	126379006	126380769	3	-3.3594
APRES_p_TCGAb_414_15_16_17_NSP_GenomeWideSNP_6_E09_1486268	3	126380822	197812401	37474	-0.7609
APRES_p_TCGAb_414_15_16_17_NSP_GenomeWideSNP_6_E09_1486268	4	1059384	23252070	13820	0.0022
APRES_p_TCGAb_414_15_16_17_NSP_GenomeWideSNP_6_E09_1486268	4	23252667	124538250	55873	0.0175
APRES_p_TCGAb_414_15_16_17_NSP_GenomeWideSNP_6_E09_1486268	4	124539196	124541780	3	-1.1268
APRES_p_TCGAb_414_15_16_17_NSP_GenomeWideSNP_6_E09_1486268	4	124541870	187842528	34031	0.0207
APRES_p_TCGAb_414_15_16_17_NSP_GenomeWideSNP_6_E09_1486268	5	914118	6759601	4233	-0.0203
APRES_p_TCGAb_414_15_16_17_NSP_GenomeWideSNP_6_E09_1486268	5	6759907	6760386	2	-1.1906
APRES_p_TCGAb_414_15_16_17_NSP_GenomeWideSNP_6_E09_1486268	5	6762657	58286147	26697	-5e-04
APRES_p_TCGAb_414_15_16_17_NSP_GenomeWideSNP_6_E09_1486268	5	58294644	58294876	2	-1.4992
APRES_p_TCGAb_414_15_16_17_NSP_GenomeWideSNP_6_E09_1486268	5	58295326	180934240	70394	0.0075
APRES_p_TCGAb_414_15_16_17_NSP_GenomeWideSNP_6_E09_1486268	6	1011760	27031673	17939	0.4764
APRES_p_TCGAb_414_15_16_17_NSP_GenomeWideSNP_6_E09_1486268	6	27031778	32970422	1523	0.5144
APRES_p_TCGAb_414_15_16_17_NSP_GenomeWideSNP_6_E09_1486268	6	32975568	61524632	14766	0.4762
APRES_p_TCGAb_414_15_16_17_NSP_GenomeWideSNP_6_E09_1486268	6	61527062	147655210	49278	-0.7641
APRES_p_TCGAb_414_15_16_17_NSP_GenomeWideSNP_6_E09_1486268	6	147658679	170596889	13682	-0.7991
APRES_p_TCGAb_414_15_16_17_NSP_GenomeWideSNP_6_E09_1486268	7	664936	5001092	1701	0.0496
APRES_p_TCGAb_414_15_16_17_NSP_GenomeWideSNP_6_E09_1486268	7	5001999	15985581	6111	0.0713
APRES_p_TCGAb_414_15_16_17_NSP_GenomeWideSNP_6_E09_1486268	7	15985715	158592540	74342	0.05
APRES_p_TCGAb_414_15_16_17_NSP_GenomeWideSNP_6_E09_1486268	8	667625	43080575	25149	-0.0119
APRES_p_TCGAb_414_15_16_17_NSP_GenomeWideSNP_6_E09_1486268	8	46547532	47081962	226	1.2719
APRES_p_TCGAb_414_15_16_17_NSP_GenomeWideSNP_6_E09_1486268	8	47082130	70040504	13260	1.3838
APRES_p_TCGAb_414_15_16_17_NSP_GenomeWideSNP_6_E09_1486268	8	70041692	70042599	7	0.2253
APRES_p_TCGAb_414_15_16_17_NSP_GenomeWideSNP_6_E09_1486268	8	70048926	75788962	3539	1.3689
APRES_p_TCGAb_414_15_16_17_NSP_GenomeWideSNP_6_E09_1486268	8	75789259	78619739	1525	1.4438
APRES_p_TCGAb_414_15_16_17_NSP_GenomeWideSNP_6_E09_1486268	8	78620495	92007104	7188	1.3944
APRES_p_TCGAb_414_15_16_17_NSP_GenomeWideSNP_6_E09_1486268	8	92007199	92007901	6	0.37
APRES_p_TCGAb_414_15_16_17_NSP_GenomeWideSNP_6_E09_1486268	8	92008360	94544322	1507	1.3761
APRES_p_TCGAb_414_15_16_17_NSP_GenomeWideSNP_6_E09_1486268	8	94544360	94558317	19	0.6915
APRES_p_TCGAb_414_15_16_17_NSP_GenomeWideSNP_6_E09_1486268	8	94564122	117201983	12623	1.3855
APRES_p_TCGAb_414_15_16_17_NSP_GenomeWideSNP_6_E09_1486268	8	117204156	144182542	17324	1.3508
APRES_p_TCGAb_414_15_16_17_NSP_GenomeWideSNP_6_E09_1486268	9	789794	116559389	56093	-0.0052
APRES_p_TCGAb_414_15_16_17_NSP_GenomeWideSNP_6_E09_1486268	9	116564435	116565819	3	-1.1099
APRES_p_TCGAb_414_15_16_17_NSP_GenomeWideSNP_6_E09_1486268	9	116567087	123745334	5117	-0.0182
APRES_p_TCGAb_414_15_16_17_NSP_GenomeWideSNP_6_E09_1486268	9	123747320	134245399	6080	0.0211
APRES_p_TCGAb_414_15_16_17_NSP_GenomeWideSNP_6_E09_1486268	9	134245782	138044505	1363	0.0017
APRES_p_TCGAb_414_15_16_17_NSP_GenomeWideSNP_6_E09_1486268	10	366509	133411599	81534	0.0036
APRES_p_TCGAb_414_15_16_17_NSP_GenomeWideSNP_6_E09_1486268	11	456012	20844024	13185	-0.0227
APRES_p_TCGAb_414_15_16_17_NSP_GenomeWideSNP_6_E09_1486268	11	20844364	20845012	3	-0.9587
APRES_p_TCGAb_414_15_16_17_NSP_GenomeWideSNP_6_E09_1486268	11	20848008	48096265	17005	-0.0205
APRES_p_TCGAb_414_15_16_17_NSP_GenomeWideSNP_6_E09_1486268	11	48097441	48115438	11	-0.7572
APRES_p_TCGAb_414_15_16_17_NSP_GenomeWideSNP_6_E09_1486268	11	48116503	58242287	1753	-0.0356
APRES_p_TCGAb_414_15_16_17_NSP_GenomeWideSNP_6_E09_1486268	11	58243239	130889328	43707	-0.0045
APRES_p_TCGAb_414_15_16_17_NSP_GenomeWideSNP_6_E09_1486268	11	130892162	132265134	1190	-0.0297
APRES_p_TCGAb_414_15_16_17_NSP_GenomeWideSNP_6_E09_1486268	11	132266225	132267185	4	-0.8653
APRES_p_TCGAb_414_15_16_17_NSP_GenomeWideSNP_6_E09_1486268	11	132271714	134272740	992	-0.0323
APRES_p_TCGAb_414_15_16_17_NSP_GenomeWideSNP_6_E09_1486268	12	780472	24240820	13867	0.0076
APRES_p_TCGAb_414_15_16_17_NSP_GenomeWideSNP_6_E09_1486268	12	24242268	24242288	2	-2.0903
APRES_p_TCGAb_414_15_16_17_NSP_GenomeWideSNP_6_E09_1486268	12	24242338	132605822	60671	0.0064
APRES_p_TCGAb_414_15_16_17_NSP_GenomeWideSNP_6_E09_1486268	13	18874255	22358923	1736	0.0036
APRES_p_TCGAb_414_15_16_17_NSP_GenomeWideSNP_6_E09_1486268	13	22358948	29697391	4709	-0.0148
APRES_p_TCGAb_414_15_16_17_NSP_GenomeWideSNP_6_E09_1486268	13	29700970	29703214	4	-0.8493
APRES_p_TCGAb_414_15_16_17_NSP_GenomeWideSNP_6_E09_1486268	13	29706439	40268355	7280	-0.0118
APRES_p_TCGAb_414_15_16_17_NSP_GenomeWideSNP_6_E09_1486268	13	40268913	114226675	43419	0.007
APRES_p_TCGAb_414_15_16_17_NSP_GenomeWideSNP_6_E09_1486268	14	20033191	80536543	34732	0.003
APRES_p_TCGAb_414_15_16_17_NSP_GenomeWideSNP_6_E09_1486268	14	80536759	80539777	3	-1.0522
APRES_p_TCGAb_414_15_16_17_NSP_GenomeWideSNP_6_E09_1486268	14	80541106	105533894	15131	0.0077
APRES_p_TCGAb_414_15_16_17_NSP_GenomeWideSNP_6_E09_1486268	15	23437561	101344124	44898	-0.0029
APRES_p_TCGAb_414_15_16_17_NSP_GenomeWideSNP_6_E09_1486268	16	603333	4981093	1629	0.0314
APRES_p_TCGAb_414_15_16_17_NSP_GenomeWideSNP_6_E09_1486268	16	4982087	8413464	2051	-0.0357
APRES_p_TCGAb_414_15_16_17_NSP_GenomeWideSNP_6_E09_1486268	16	8417726	8417783	2	-1.2379
APRES_p_TCGAb_414_15_16_17_NSP_GenomeWideSNP_6_E09_1486268	16	8419445	28065246	9527	-0.0159
APRES_p_TCGAb_414_15_16_17_NSP_GenomeWideSNP_6_E09_1486268	16	28065732	30574814	373	0.0244
APRES_p_TCGAb_414_15_16_17_NSP_GenomeWideSNP_6_E09_1486268	16	30578871	31838978	510	0.4338
APRES_p_TCGAb_414_15_16_17_NSP_GenomeWideSNP_6_E09_1486268	16	31841585	66351457	13104	-0.0045
APRES_p_TCGAb_414_15_16_17_NSP_GenomeWideSNP_6_E09_1486268	16	66352808	70420340	1732	0.0315
APRES_p_TCGAb_414_15_16_17_NSP_GenomeWideSNP_6_E09_1486268	16	70424297	86022104	10584	-0.0085
APRES_p_TCGAb_414_15_16_17_NSP_GenomeWideSNP_6_E09_1486268	16	86023531	86026006	3	-1.0871
APRES_p_TCGAb_414_15_16_17_NSP_GenomeWideSNP_6_E09_1486268	16	86027980	89317317	1792	-8e-04
APRES_p_TCGAb_414_15_16_17_NSP_GenomeWideSNP_6_E09_1486268	17	1074619	9626214	4352	0.0197
APRES_p_TCGAb_414_15_16_17_NSP_GenomeWideSNP_6_E09_1486268	17	9628729	13571435	2742	-0.0226
APRES_p_TCGAb_414_15_16_17_NSP_GenomeWideSNP_6_E09_1486268	17	13571555	44118534	10429	0.0097
APRES_p_TCGAb_414_15_16_17_NSP_GenomeWideSNP_6_E09_1486268	17	44120061	44153450	15	-0.6666
APRES_p_TCGAb_414_15_16_17_NSP_GenomeWideSNP_6_E09_1486268	17	44174782	50631561	2518	0.0275
APRES_p_TCGAb_414_15_16_17_NSP_GenomeWideSNP_6_E09_1486268	17	50631588	74716223	13887	-0.0069
APRES_p_TCGAb_414_15_16_17_NSP_GenomeWideSNP_6_E09_1486268	17	74716250	82959812	3442	0.0176
APRES_p_TCGAb_414_15_16_17_NSP_GenomeWideSNP_6_E09_1486268	18	326691	79349796	43045	0.0075
APRES_p_TCGAb_414_15_16_17_NSP_GenomeWideSNP_6_E09_1486268	19	283868	7359642	2083	0.0236
APRES_p_TCGAb_414_15_16_17_NSP_GenomeWideSNP_6_E09_1486268	19	7361522	7374863	8	-0.7759
APRES_p_TCGAb_414_15_16_17_NSP_GenomeWideSNP_6_E09_1486268	19	7375784	23640191	6847	0.0139
APRES_p_TCGAb_414_15_16_17_NSP_GenomeWideSNP_6_E09_1486268	19	23640204	34902439	5194	-0.0158
APRES_p_TCGAb_414_15_16_17_NSP_GenomeWideSNP_6_E09_1486268	19	34903063	58370362	10127	0.0131
APRES_p_TCGAb_414_15_16_17_NSP_GenomeWideSNP_6_E09_1486268	20	472817	63588502	37664	-0.0276
APRES_p_TCGAb_414_15_16_17_NSP_GenomeWideSNP_6_E09_1486268	21	13974127	46262057	20822	0.004
APRES_p_TCGAb_414_15_16_17_NSP_GenomeWideSNP_6_E09_1486268	22	16934932	35509297	9118	-0.005
APRES_p_TCGAb_414_15_16_17_NSP_GenomeWideSNP_6_E09_1486268	22	35509481	46901774	6320	0.0241
APRES_p_TCGAb_414_15_16_17_NSP_GenomeWideSNP_6_E09_1486268	22	46901883	48940621	1679	-0.011
APRES_p_TCGAb_414_15_16_17_NSP_GenomeWideSNP_6_E09_1486268	X	3236359	155677414	63993	0.0019
