Sample	Chromosome	Start	End	Num_Probes	Segment_Mean
FENCE_p_TCGAb_332_333_334_NSP_GenomeWideSNP_6_B04_1367314	1	3301765	6740891	2237	-0.0197
FENCE_p_TCGAb_332_333_334_NSP_GenomeWideSNP_6_B04_1367314	1	6743432	6767292	18	0.4579
FENCE_p_TCGAb_332_333_334_NSP_GenomeWideSNP_6_B04_1367314	1	6768567	8198230	884	-0.0203
FENCE_p_TCGAb_332_333_334_NSP_GenomeWideSNP_6_B04_1367314	1	8199265	10292903	963	-0.1042
FENCE_p_TCGAb_332_333_334_NSP_GenomeWideSNP_6_B04_1367314	1	10293054	23137255	7093	-0.035
FENCE_p_TCGAb_332_333_334_NSP_GenomeWideSNP_6_B04_1367314	1	23144686	28868306	2459	-0.0811
FENCE_p_TCGAb_332_333_334_NSP_GenomeWideSNP_6_B04_1367314	1	28868389	46670340	9632	-0.0428
FENCE_p_TCGAb_332_333_334_NSP_GenomeWideSNP_6_B04_1367314	1	46672546	50554610	2168	0.0107
FENCE_p_TCGAb_332_333_334_NSP_GenomeWideSNP_6_B04_1367314	1	50557731	53029207	1024	-0.0643
FENCE_p_TCGAb_332_333_334_NSP_GenomeWideSNP_6_B04_1367314	1	53032653	74711223	14480	-0.0111
FENCE_p_TCGAb_332_333_334_NSP_GenomeWideSNP_6_B04_1367314	1	74738224	74788922	20	0.4324
FENCE_p_TCGAb_332_333_334_NSP_GenomeWideSNP_6_B04_1367314	1	74790451	97266469	13874	-0.0086
FENCE_p_TCGAb_332_333_334_NSP_GenomeWideSNP_6_B04_1367314	1	97266713	102424791	3120	-0.0429
FENCE_p_TCGAb_332_333_334_NSP_GenomeWideSNP_6_B04_1367314	1	102424944	106303459	1808	-0.0012
FENCE_p_TCGAb_332_333_334_NSP_GenomeWideSNP_6_B04_1367314	1	106303531	106303532	2	-1.1583
FENCE_p_TCGAb_332_333_334_NSP_GenomeWideSNP_6_B04_1367314	1	106307224	108801429	1507	-0.0063
FENCE_p_TCGAb_332_333_334_NSP_GenomeWideSNP_6_B04_1367314	1	108803093	114692011	3595	-0.0478
FENCE_p_TCGAb_332_333_334_NSP_GenomeWideSNP_6_B04_1367314	1	114692112	117270716	1790	-0.0089
FENCE_p_TCGAb_332_333_334_NSP_GenomeWideSNP_6_B04_1367314	1	117272208	117275774	2	-2.2487
FENCE_p_TCGAb_332_333_334_NSP_GenomeWideSNP_6_B04_1367314	1	117278758	119984772	1581	0.0026
FENCE_p_TCGAb_332_333_334_NSP_GenomeWideSNP_6_B04_1367314	1	149906351	156278116	2980	0.3048
FENCE_p_TCGAb_332_333_334_NSP_GenomeWideSNP_6_B04_1367314	1	156278161	160035807	2382	0.3482
FENCE_p_TCGAb_332_333_334_NSP_GenomeWideSNP_6_B04_1367314	1	160036052	161832199	958	0.3064
FENCE_p_TCGAb_332_333_334_NSP_GenomeWideSNP_6_B04_1367314	1	161832259	165531483	2971	0.3788
FENCE_p_TCGAb_332_333_334_NSP_GenomeWideSNP_6_B04_1367314	1	165533048	176788145	7166	0.3455
FENCE_p_TCGAb_332_333_334_NSP_GenomeWideSNP_6_B04_1367314	1	176788686	192450875	9826	0.369
FENCE_p_TCGAb_332_333_334_NSP_GenomeWideSNP_6_B04_1367314	1	192450930	192451498	2	-1.9162
FENCE_p_TCGAb_332_333_334_NSP_GenomeWideSNP_6_B04_1367314	1	192451767	213719803	13582	0.342
FENCE_p_TCGAb_332_333_334_NSP_GenomeWideSNP_6_B04_1367314	1	213720158	223435162	6549	0.3828
FENCE_p_TCGAb_332_333_334_NSP_GenomeWideSNP_6_B04_1367314	1	223435284	232030572	5023	0.3408
FENCE_p_TCGAb_332_333_334_NSP_GenomeWideSNP_6_B04_1367314	1	232035003	232203821	152	0.6024
FENCE_p_TCGAb_332_333_334_NSP_GenomeWideSNP_6_B04_1367314	1	232214515	235187636	2258	0.349
FENCE_p_TCGAb_332_333_334_NSP_GenomeWideSNP_6_B04_1367314	1	235191240	235427244	108	0.1883
FENCE_p_TCGAb_332_333_334_NSP_GenomeWideSNP_6_B04_1367314	1	235427660	241620601	4717	0.3449
FENCE_p_TCGAb_332_333_334_NSP_GenomeWideSNP_6_B04_1367314	1	241627815	241727284	53	0.6065
FENCE_p_TCGAb_332_333_334_NSP_GenomeWideSNP_6_B04_1367314	1	241727738	247650984	3031	0.3463
FENCE_p_TCGAb_332_333_334_NSP_GenomeWideSNP_6_B04_1367314	2	480597	7547213	4299	0.0242
FENCE_p_TCGAb_332_333_334_NSP_GenomeWideSNP_6_B04_1367314	2	7551800	8383805	549	-0.0578
FENCE_p_TCGAb_332_333_334_NSP_GenomeWideSNP_6_B04_1367314	2	8384411	69527667	36214	0.0193
FENCE_p_TCGAb_332_333_334_NSP_GenomeWideSNP_6_B04_1367314	2	69529583	69873078	216	0.3757
FENCE_p_TCGAb_332_333_334_NSP_GenomeWideSNP_6_B04_1367314	2	69876372	241537572	91091	0.0196
FENCE_p_TCGAb_332_333_334_NSP_GenomeWideSNP_6_B04_1367314	3	2170634	45372115	25822	0.006
FENCE_p_TCGAb_332_333_334_NSP_GenomeWideSNP_6_B04_1367314	3	45372416	52671793	3192	-0.0347
FENCE_p_TCGAb_332_333_334_NSP_GenomeWideSNP_6_B04_1367314	3	52678517	176775879	67211	0.0173
FENCE_p_TCGAb_332_333_334_NSP_GenomeWideSNP_6_B04_1367314	3	176776362	176972093	102	0.4279
FENCE_p_TCGAb_332_333_334_NSP_GenomeWideSNP_6_B04_1367314	3	177177049	197812401	10966	0.0071
FENCE_p_TCGAb_332_333_334_NSP_GenomeWideSNP_6_B04_1367314	4	1059384	2924650	689	-0.1018
FENCE_p_TCGAb_332_333_334_NSP_GenomeWideSNP_6_B04_1367314	4	2926398	25034659	14438	-0.0386
FENCE_p_TCGAb_332_333_334_NSP_GenomeWideSNP_6_B04_1367314	4	25037197	25043844	10	-0.8185
FENCE_p_TCGAb_332_333_334_NSP_GenomeWideSNP_6_B04_1367314	4	25044273	27495853	1524	-0.0757
FENCE_p_TCGAb_332_333_334_NSP_GenomeWideSNP_6_B04_1367314	4	27495947	32378306	3081	-0.0178
FENCE_p_TCGAb_332_333_334_NSP_GenomeWideSNP_6_B04_1367314	4	32378591	38011672	3338	-0.0592
FENCE_p_TCGAb_332_333_334_NSP_GenomeWideSNP_6_B04_1367314	4	38014436	39205698	822	-0.1225
FENCE_p_TCGAb_332_333_334_NSP_GenomeWideSNP_6_B04_1367314	4	39208967	39210064	2	-1.5781
FENCE_p_TCGAb_332_333_334_NSP_GenomeWideSNP_6_B04_1367314	4	39210390	40937008	783	-0.1086
FENCE_p_TCGAb_332_333_334_NSP_GenomeWideSNP_6_B04_1367314	4	40937103	99543871	30776	-0.0487
FENCE_p_TCGAb_332_333_334_NSP_GenomeWideSNP_6_B04_1367314	4	99544016	99762897	147	0.112
FENCE_p_TCGAb_332_333_334_NSP_GenomeWideSNP_6_B04_1367314	4	99774206	120901430	12075	-0.0515
FENCE_p_TCGAb_332_333_334_NSP_GenomeWideSNP_6_B04_1367314	4	120904612	121249985	189	0.2809
FENCE_p_TCGAb_332_333_334_NSP_GenomeWideSNP_6_B04_1367314	4	121251781	144933452	12595	-0.0477
FENCE_p_TCGAb_332_333_334_NSP_GenomeWideSNP_6_B04_1367314	4	144937148	145212028	98	0.2423
FENCE_p_TCGAb_332_333_334_NSP_GenomeWideSNP_6_B04_1367314	4	145212217	169656097	13797	-0.0602
FENCE_p_TCGAb_332_333_334_NSP_GenomeWideSNP_6_B04_1367314	4	169656265	169656756	2	-1.3326
FENCE_p_TCGAb_332_333_334_NSP_GenomeWideSNP_6_B04_1367314	4	169657377	187842528	9278	-0.0551
FENCE_p_TCGAb_332_333_334_NSP_GenomeWideSNP_6_B04_1367314	5	913983	1325688	73	0.0556
FENCE_p_TCGAb_332_333_334_NSP_GenomeWideSNP_6_B04_1367314	5	1340343	17006296	10561	-0.6103
FENCE_p_TCGAb_332_333_334_NSP_GenomeWideSNP_6_B04_1367314	5	17011661	20654061	1778	0.0417
FENCE_p_TCGAb_332_333_334_NSP_GenomeWideSNP_6_B04_1367314	5	20659178	21393015	325	0.4543
FENCE_p_TCGAb_332_333_334_NSP_GenomeWideSNP_6_B04_1367314	5	21581370	29617924	4350	-0.5945
FENCE_p_TCGAb_332_333_334_NSP_GenomeWideSNP_6_B04_1367314	5	29640708	33944112	2944	0.0257
FENCE_p_TCGAb_332_333_334_NSP_GenomeWideSNP_6_B04_1367314	5	34754143	37165374	1574	0.4394
FENCE_p_TCGAb_332_333_334_NSP_GenomeWideSNP_6_B04_1367314	5	37169400	37439445	102	0.0109
FENCE_p_TCGAb_332_333_334_NSP_GenomeWideSNP_6_B04_1367314	5	37651330	37680428	8	0.3981
FENCE_p_TCGAb_332_333_334_NSP_GenomeWideSNP_6_B04_1367314	5	37685993	37882336	153	0.7811
FENCE_p_TCGAb_332_333_334_NSP_GenomeWideSNP_6_B04_1367314	5	37883001	37989777	72	0.9871
FENCE_p_TCGAb_332_333_334_NSP_GenomeWideSNP_6_B04_1367314	5	37990620	38838341	688	0.7793
FENCE_p_TCGAb_332_333_334_NSP_GenomeWideSNP_6_B04_1367314	5	38842308	39316320	309	1.192
FENCE_p_TCGAb_332_333_334_NSP_GenomeWideSNP_6_B04_1367314	5	39317238	39655241	242	1.3773
FENCE_p_TCGAb_332_333_334_NSP_GenomeWideSNP_6_B04_1367314	5	39656470	39732938	58	1.2563
FENCE_p_TCGAb_332_333_334_NSP_GenomeWideSNP_6_B04_1367314	5	39733749	39775093	26	0.9592
FENCE_p_TCGAb_332_333_334_NSP_GenomeWideSNP_6_B04_1367314	5	39776157	39776433	2	-1.0096
FENCE_p_TCGAb_332_333_334_NSP_GenomeWideSNP_6_B04_1367314	5	39777997	40281547	338	0.9979
FENCE_p_TCGAb_332_333_334_NSP_GenomeWideSNP_6_B04_1367314	5	40286308	45377176	2555	0.434
FENCE_p_TCGAb_332_333_334_NSP_GenomeWideSNP_6_B04_1367314	5	45378354	69444826	11188	0.0239
FENCE_p_TCGAb_332_333_334_NSP_GenomeWideSNP_6_B04_1367314	5	69448492	71484803	60	-0.4543
FENCE_p_TCGAb_332_333_334_NSP_GenomeWideSNP_6_B04_1367314	5	71484818	80948207	5798	0.0148
FENCE_p_TCGAb_332_333_334_NSP_GenomeWideSNP_6_B04_1367314	5	80949094	80965731	10	-0.7906
FENCE_p_TCGAb_332_333_334_NSP_GenomeWideSNP_6_B04_1367314	5	80967511	131002005	27297	0.0284
FENCE_p_TCGAb_332_333_334_NSP_GenomeWideSNP_6_B04_1367314	5	131002480	135111620	2376	-0.02
FENCE_p_TCGAb_332_333_334_NSP_GenomeWideSNP_6_B04_1367314	5	135111988	137813583	1921	0.06
FENCE_p_TCGAb_332_333_334_NSP_GenomeWideSNP_6_B04_1367314	5	137815248	143378829	2841	-0.0187
FENCE_p_TCGAb_332_333_334_NSP_GenomeWideSNP_6_B04_1367314	5	143382467	180934240	23591	0.0187
FENCE_p_TCGAb_332_333_334_NSP_GenomeWideSNP_6_B04_1367314	6	1011760	1562311	477	0.4697
FENCE_p_TCGAb_332_333_334_NSP_GenomeWideSNP_6_B04_1367314	6	1565293	1565362	2	-0.7711
FENCE_p_TCGAb_332_333_334_NSP_GenomeWideSNP_6_B04_1367314	6	1568783	1731458	132	0.4737
FENCE_p_TCGAb_332_333_334_NSP_GenomeWideSNP_6_B04_1367314	6	1731509	8077762	4660	0.4224
FENCE_p_TCGAb_332_333_334_NSP_GenomeWideSNP_6_B04_1367314	6	8078545	8109662	27	0.0805
FENCE_p_TCGAb_332_333_334_NSP_GenomeWideSNP_6_B04_1367314	6	8109698	8718530	414	0.4244
FENCE_p_TCGAb_332_333_334_NSP_GenomeWideSNP_6_B04_1367314	6	8718755	10841493	1266	0.4838
FENCE_p_TCGAb_332_333_334_NSP_GenomeWideSNP_6_B04_1367314	6	10842100	22220401	8046	0.4234
FENCE_p_TCGAb_332_333_334_NSP_GenomeWideSNP_6_B04_1367314	6	22220631	24340032	1556	0.4758
FENCE_p_TCGAb_332_333_334_NSP_GenomeWideSNP_6_B04_1367314	6	24341129	25896124	923	0.3722
FENCE_p_TCGAb_332_333_334_NSP_GenomeWideSNP_6_B04_1367314	6	25896485	26597696	330	0.3017
FENCE_p_TCGAb_332_333_334_NSP_GenomeWideSNP_6_B04_1367314	6	26597776	38761596	4934	0.3906
FENCE_p_TCGAb_332_333_334_NSP_GenomeWideSNP_6_B04_1367314	6	38765758	41724957	2233	0.4544
FENCE_p_TCGAb_332_333_334_NSP_GenomeWideSNP_6_B04_1367314	6	41725074	43713017	1006	0.3696
FENCE_p_TCGAb_332_333_334_NSP_GenomeWideSNP_6_B04_1367314	6	43715253	61524627	8199	0.4486
FENCE_p_TCGAb_332_333_334_NSP_GenomeWideSNP_6_B04_1367314	6	61524628	96103147	18823	-0.0435
FENCE_p_TCGAb_332_333_334_NSP_GenomeWideSNP_6_B04_1367314	6	96106342	96352708	146	0.3322
FENCE_p_TCGAb_332_333_334_NSP_GenomeWideSNP_6_B04_1367314	6	96354936	103355886	4019	-0.0333
FENCE_p_TCGAb_332_333_334_NSP_GenomeWideSNP_6_B04_1367314	6	103357881	103357936	2	-1.6835
FENCE_p_TCGAb_332_333_334_NSP_GenomeWideSNP_6_B04_1367314	6	103360362	118998378	8917	-0.0495
FENCE_p_TCGAb_332_333_334_NSP_GenomeWideSNP_6_B04_1367314	6	118999148	118999227	2	-1.8231
FENCE_p_TCGAb_332_333_334_NSP_GenomeWideSNP_6_B04_1367314	6	119000386	148043466	17761	-0.0456
FENCE_p_TCGAb_332_333_334_NSP_GenomeWideSNP_6_B04_1367314	6	148045404	148374613	226	0.375
FENCE_p_TCGAb_332_333_334_NSP_GenomeWideSNP_6_B04_1367314	6	148375525	160913382	8407	-0.0623
FENCE_p_TCGAb_332_333_334_NSP_GenomeWideSNP_6_B04_1367314	6	160913528	160913530	2	-1.6635
FENCE_p_TCGAb_332_333_334_NSP_GenomeWideSNP_6_B04_1367314	6	160913731	164142925	1863	-0.0458
FENCE_p_TCGAb_332_333_334_NSP_GenomeWideSNP_6_B04_1367314	6	164144122	166448745	1545	0.0084
FENCE_p_TCGAb_332_333_334_NSP_GenomeWideSNP_6_B04_1367314	6	166448844	170596889	1363	-0.0517
FENCE_p_TCGAb_332_333_334_NSP_GenomeWideSNP_6_B04_1367314	7	664936	3518889	1077	-0.0856
FENCE_p_TCGAb_332_333_334_NSP_GenomeWideSNP_6_B04_1367314	7	3519439	3520128	2	-1.1318
FENCE_p_TCGAb_332_333_334_NSP_GenomeWideSNP_6_B04_1367314	7	3520194	4428619	381	-0.0735
FENCE_p_TCGAb_332_333_334_NSP_GenomeWideSNP_6_B04_1367314	7	4437319	4860464	192	0.0547
FENCE_p_TCGAb_332_333_334_NSP_GenomeWideSNP_6_B04_1367314	7	4863365	8500606	1569	0.0096
FENCE_p_TCGAb_332_333_334_NSP_GenomeWideSNP_6_B04_1367314	7	8500665	35555997	16719	0.0613
FENCE_p_TCGAb_332_333_334_NSP_GenomeWideSNP_6_B04_1367314	7	35556468	37951315	1792	-0.0013
FENCE_p_TCGAb_332_333_334_NSP_GenomeWideSNP_6_B04_1367314	7	37952200	45891536	4472	0.0469
FENCE_p_TCGAb_332_333_334_NSP_GenomeWideSNP_6_B04_1367314	7	45892627	48633260	2011	0.0872
FENCE_p_TCGAb_332_333_334_NSP_GenomeWideSNP_6_B04_1367314	7	48633403	64060367	5562	0.0415
FENCE_p_TCGAb_332_333_334_NSP_GenomeWideSNP_6_B04_1367314	7	64330045	77720614	5303	0.5236
FENCE_p_TCGAb_332_333_334_NSP_GenomeWideSNP_6_B04_1367314	7	77722388	79242685	1097	0.6183
FENCE_p_TCGAb_332_333_334_NSP_GenomeWideSNP_6_B04_1367314	7	79243862	85886309	3969	0.655
FENCE_p_TCGAb_332_333_334_NSP_GenomeWideSNP_6_B04_1367314	7	85891062	97189479	5638	0.6207
FENCE_p_TCGAb_332_333_334_NSP_GenomeWideSNP_6_B04_1367314	7	97190707	103282133	2341	0.5597
FENCE_p_TCGAb_332_333_334_NSP_GenomeWideSNP_6_B04_1367314	7	103296374	104933542	1142	0.6392
FENCE_p_TCGAb_332_333_334_NSP_GenomeWideSNP_6_B04_1367314	7	104939484	107551992	1533	0.5194
FENCE_p_TCGAb_332_333_334_NSP_GenomeWideSNP_6_B04_1367314	7	107553297	138062177	16804	0.573
FENCE_p_TCGAb_332_333_334_NSP_GenomeWideSNP_6_B04_1367314	7	138064557	158592540	10516	0.5453
FENCE_p_TCGAb_332_333_334_NSP_GenomeWideSNP_6_B04_1367314	8	667625	14751193	6900	0.1504
FENCE_p_TCGAb_332_333_334_NSP_GenomeWideSNP_6_B04_1367314	8	14758443	26419561	8339	-0.4447
FENCE_p_TCGAb_332_333_334_NSP_GenomeWideSNP_6_B04_1367314	8	26427917	70601834	23668	0.1341
FENCE_p_TCGAb_332_333_334_NSP_GenomeWideSNP_6_B04_1367314	8	70605166	94431578	13400	0.156
FENCE_p_TCGAb_332_333_334_NSP_GenomeWideSNP_6_B04_1367314	8	94432354	103117518	5189	0.1254
FENCE_p_TCGAb_332_333_334_NSP_GenomeWideSNP_6_B04_1367314	8	103119047	123136919	11571	0.1532
FENCE_p_TCGAb_332_333_334_NSP_GenomeWideSNP_6_B04_1367314	8	123138750	123139313	2	-1.1748
FENCE_p_TCGAb_332_333_334_NSP_GenomeWideSNP_6_B04_1367314	8	123139577	134761063	8412	0.1497
FENCE_p_TCGAb_332_333_334_NSP_GenomeWideSNP_6_B04_1367314	8	134766888	138886737	2960	0.19
FENCE_p_TCGAb_332_333_334_NSP_GenomeWideSNP_6_B04_1367314	8	138886817	138888475	2	-1.1501
FENCE_p_TCGAb_332_333_334_NSP_GenomeWideSNP_6_B04_1367314	8	138888701	139858774	818	0.1956
FENCE_p_TCGAb_332_333_334_NSP_GenomeWideSNP_6_B04_1367314	8	139859827	144182542	1043	0.1521
FENCE_p_TCGAb_332_333_334_NSP_GenomeWideSNP_6_B04_1367314	9	789794	18132974	10712	-0.4299
FENCE_p_TCGAb_332_333_334_NSP_GenomeWideSNP_6_B04_1367314	9	18133590	19985054	1564	-0.5871
FENCE_p_TCGAb_332_333_334_NSP_GenomeWideSNP_6_B04_1367314	9	19988977	20287284	225	-1.8388
FENCE_p_TCGAb_332_333_334_NSP_GenomeWideSNP_6_B04_1367314	9	20287625	20337348	54	-2.7357
FENCE_p_TCGAb_332_333_334_NSP_GenomeWideSNP_6_B04_1367314	9	20338431	23177607	1880	-1.7447
FENCE_p_TCGAb_332_333_334_NSP_GenomeWideSNP_6_B04_1367314	9	23178442	32932196	5656	-0.5695
FENCE_p_TCGAb_332_333_334_NSP_GenomeWideSNP_6_B04_1367314	9	32934969	80144903	11807	0.0231
FENCE_p_TCGAb_332_333_334_NSP_GenomeWideSNP_6_B04_1367314	9	80145339	88061767	5534	0.049
FENCE_p_TCGAb_332_333_334_NSP_GenomeWideSNP_6_B04_1367314	9	88068316	105301766	10760	0.019
FENCE_p_TCGAb_332_333_334_NSP_GenomeWideSNP_6_B04_1367314	9	105302150	109842868	3375	0.066
FENCE_p_TCGAb_332_333_334_NSP_GenomeWideSNP_6_B04_1367314	9	109843178	123543801	9456	0.0347
FENCE_p_TCGAb_332_333_334_NSP_GenomeWideSNP_6_B04_1367314	9	123543886	133052198	5620	-0.0063
FENCE_p_TCGAb_332_333_334_NSP_GenomeWideSNP_6_B04_1367314	9	133054342	138044505	1954	0.0334
FENCE_p_TCGAb_332_333_334_NSP_GenomeWideSNP_6_B04_1367314	10	366509	5927252	3586	0.0251
FENCE_p_TCGAb_332_333_334_NSP_GenomeWideSNP_6_B04_1367314	10	5928112	8760949	2376	-0.0407
FENCE_p_TCGAb_332_333_334_NSP_GenomeWideSNP_6_B04_1367314	10	8760957	30401447	15333	-0.0045
FENCE_p_TCGAb_332_333_334_NSP_GenomeWideSNP_6_B04_1367314	10	30401678	32403560	1359	-0.0388
FENCE_p_TCGAb_332_333_334_NSP_GenomeWideSNP_6_B04_1367314	10	32403792	36280362	2388	0.0208
FENCE_p_TCGAb_332_333_334_NSP_GenomeWideSNP_6_B04_1367314	10	36281165	49575186	4640	-0.0083
FENCE_p_TCGAb_332_333_334_NSP_GenomeWideSNP_6_B04_1367314	10	49576007	66820187	10064	0.0235
FENCE_p_TCGAb_332_333_334_NSP_GenomeWideSNP_6_B04_1367314	10	66820913	75274305	4642	-0.0172
FENCE_p_TCGAb_332_333_334_NSP_GenomeWideSNP_6_B04_1367314	10	75274458	80413166	3335	0.0283
FENCE_p_TCGAb_332_333_334_NSP_GenomeWideSNP_6_B04_1367314	10	80414800	106184846	15845	3e-04
FENCE_p_TCGAb_332_333_334_NSP_GenomeWideSNP_6_B04_1367314	10	106189151	111494202	3518	0.0254
FENCE_p_TCGAb_332_333_334_NSP_GenomeWideSNP_6_B04_1367314	10	111497681	111497958	2	-1.3005
FENCE_p_TCGAb_332_333_334_NSP_GenomeWideSNP_6_B04_1367314	10	111503019	119488704	5506	0.0241
FENCE_p_TCGAb_332_333_334_NSP_GenomeWideSNP_6_B04_1367314	10	119490238	119533796	34	-0.5617
FENCE_p_TCGAb_332_333_334_NSP_GenomeWideSNP_6_B04_1367314	10	119536106	126499598	5133	0.0162
FENCE_p_TCGAb_332_333_334_NSP_GenomeWideSNP_6_B04_1367314	10	126502799	126567846	58	-0.8466
FENCE_p_TCGAb_332_333_334_NSP_GenomeWideSNP_6_B04_1367314	10	126573014	127590382	812	0.0663
FENCE_p_TCGAb_332_333_334_NSP_GenomeWideSNP_6_B04_1367314	10	127593819	133411599	2860	-0.0056
FENCE_p_TCGAb_332_333_334_NSP_GenomeWideSNP_6_B04_1367314	11	456012	22480151	14308	-0.5939
FENCE_p_TCGAb_332_333_334_NSP_GenomeWideSNP_6_B04_1367314	11	22481259	23955651	1043	0.0434
FENCE_p_TCGAb_332_333_334_NSP_GenomeWideSNP_6_B04_1367314	11	23957712	23969458	9	-0.5458
FENCE_p_TCGAb_332_333_334_NSP_GenomeWideSNP_6_B04_1367314	11	23970694	24003244	16	0.0388
FENCE_p_TCGAb_332_333_334_NSP_GenomeWideSNP_6_B04_1367314	11	24006488	24948752	583	-0.5977
FENCE_p_TCGAb_332_333_334_NSP_GenomeWideSNP_6_B04_1367314	11	24949711	35785233	7002	0.0447
FENCE_p_TCGAb_332_333_334_NSP_GenomeWideSNP_6_B04_1367314	11	35790684	36036572	173	0.5039
FENCE_p_TCGAb_332_333_334_NSP_GenomeWideSNP_6_B04_1367314	11	36041419	45969265	6130	0.0358
FENCE_p_TCGAb_332_333_334_NSP_GenomeWideSNP_6_B04_1367314	11	45972451	47932635	799	-0.0376
FENCE_p_TCGAb_332_333_334_NSP_GenomeWideSNP_6_B04_1367314	11	47933741	61052224	3460	0.0357
FENCE_p_TCGAb_332_333_334_NSP_GenomeWideSNP_6_B04_1367314	11	61052239	74531733	5662	-0.0035
FENCE_p_TCGAb_332_333_334_NSP_GenomeWideSNP_6_B04_1367314	11	74532322	92965261	11201	0.0404
FENCE_p_TCGAb_332_333_334_NSP_GenomeWideSNP_6_B04_1367314	11	92965996	93531514	105	-0.6925
FENCE_p_TCGAb_332_333_334_NSP_GenomeWideSNP_6_B04_1367314	11	93532318	119759709	17115	-0.5905
FENCE_p_TCGAb_332_333_334_NSP_GenomeWideSNP_6_B04_1367314	11	119759771	119759932	2	-2.6506
FENCE_p_TCGAb_332_333_334_NSP_GenomeWideSNP_6_B04_1367314	11	119760072	124080374	3208	-0.6134
FENCE_p_TCGAb_332_333_334_NSP_GenomeWideSNP_6_B04_1367314	11	124081911	127765342	2640	-0.6873
FENCE_p_TCGAb_332_333_334_NSP_GenomeWideSNP_6_B04_1367314	11	127767508	127767830	2	-2.8457
FENCE_p_TCGAb_332_333_334_NSP_GenomeWideSNP_6_B04_1367314	11	127768013	134272740	4284	-0.6858
FENCE_p_TCGAb_332_333_334_NSP_GenomeWideSNP_6_B04_1367314	12	780472	6417253	3594	0.0299
FENCE_p_TCGAb_332_333_334_NSP_GenomeWideSNP_6_B04_1367314	12	6418903	13187440	3198	-0.0019
FENCE_p_TCGAb_332_333_334_NSP_GenomeWideSNP_6_B04_1367314	12	13189672	30203282	10996	0.035
FENCE_p_TCGAb_332_333_334_NSP_GenomeWideSNP_6_B04_1367314	12	30203303	30203405	3	-1.1457
FENCE_p_TCGAb_332_333_334_NSP_GenomeWideSNP_6_B04_1367314	12	30205149	31774084	961	0.0223
FENCE_p_TCGAb_332_333_334_NSP_GenomeWideSNP_6_B04_1367314	12	31776363	38827290	1021	0.4085
FENCE_p_TCGAb_332_333_334_NSP_GenomeWideSNP_6_B04_1367314	12	38829764	45616496	3754	-0.0209
FENCE_p_TCGAb_332_333_334_NSP_GenomeWideSNP_6_B04_1367314	12	45616645	47132947	871	-0.0613
FENCE_p_TCGAb_332_333_334_NSP_GenomeWideSNP_6_B04_1367314	12	47133816	47134025	2	1.2733
FENCE_p_TCGAb_332_333_334_NSP_GenomeWideSNP_6_B04_1367314	12	47134590	57839029	5528	-0.0748
FENCE_p_TCGAb_332_333_334_NSP_GenomeWideSNP_6_B04_1367314	12	57839802	66809559	5457	-0.024
FENCE_p_TCGAb_332_333_334_NSP_GenomeWideSNP_6_B04_1367314	12	66812890	70404137	2574	-0.0613
FENCE_p_TCGAb_332_333_334_NSP_GenomeWideSNP_6_B04_1367314	12	70404563	70409474	5	-0.8287
FENCE_p_TCGAb_332_333_334_NSP_GenomeWideSNP_6_B04_1367314	12	70412899	70642610	175	-0.0691
FENCE_p_TCGAb_332_333_334_NSP_GenomeWideSNP_6_B04_1367314	12	70643573	91399835	12164	-0.0259
FENCE_p_TCGAb_332_333_334_NSP_GenomeWideSNP_6_B04_1367314	12	91401428	118499285	17318	-0.0485
FENCE_p_TCGAb_332_333_334_NSP_GenomeWideSNP_6_B04_1367314	12	118505863	120406601	1126	-0.0206
FENCE_p_TCGAb_332_333_334_NSP_GenomeWideSNP_6_B04_1367314	12	120411140	124045442	1609	-0.1045
FENCE_p_TCGAb_332_333_334_NSP_GenomeWideSNP_6_B04_1367314	12	124048054	132605822	4145	-0.038
FENCE_p_TCGAb_332_333_334_NSP_GenomeWideSNP_6_B04_1367314	13	18874255	32941285	8628	0.0176
FENCE_p_TCGAb_332_333_334_NSP_GenomeWideSNP_6_B04_1367314	13	32941301	39880568	4803	0.0534
FENCE_p_TCGAb_332_333_334_NSP_GenomeWideSNP_6_B04_1367314	13	39887926	53759485	7743	0.0161
FENCE_p_TCGAb_332_333_334_NSP_GenomeWideSNP_6_B04_1367314	13	53761634	60475497	3279	0.0523
FENCE_p_TCGAb_332_333_334_NSP_GenomeWideSNP_6_B04_1367314	13	60477800	70742356	4995	-0.4029
FENCE_p_TCGAb_332_333_334_NSP_GenomeWideSNP_6_B04_1367314	13	70742499	84677595	8823	-0.4485
FENCE_p_TCGAb_332_333_334_NSP_GenomeWideSNP_6_B04_1367314	13	84678533	90797508	3392	-0.407
FENCE_p_TCGAb_332_333_334_NSP_GenomeWideSNP_6_B04_1367314	13	90799086	114226675	15416	-0.4562
FENCE_p_TCGAb_332_333_334_NSP_GenomeWideSNP_6_B04_1367314	14	20033191	20139553	56	-0.0476
FENCE_p_TCGAb_332_333_334_NSP_GenomeWideSNP_6_B04_1367314	14	20142052	20149712	2	-2.735
FENCE_p_TCGAb_332_333_334_NSP_GenomeWideSNP_6_B04_1367314	14	20150256	24576538	1706	-0.0487
FENCE_p_TCGAb_332_333_334_NSP_GenomeWideSNP_6_B04_1367314	14	24577761	34232405	6042	0.0032
FENCE_p_TCGAb_332_333_334_NSP_GenomeWideSNP_6_B04_1367314	14	34232984	41498897	3929	-0.0363
FENCE_p_TCGAb_332_333_334_NSP_GenomeWideSNP_6_B04_1367314	14	41499531	48690663	3020	0.0156
FENCE_p_TCGAb_332_333_334_NSP_GenomeWideSNP_6_B04_1367314	14	48690905	70842880	13704	-0.0204
FENCE_p_TCGAb_332_333_334_NSP_GenomeWideSNP_6_B04_1367314	14	70842946	76923513	3717	-0.0699
FENCE_p_TCGAb_332_333_334_NSP_GenomeWideSNP_6_B04_1367314	14	76927114	77011487	45	0.3406
FENCE_p_TCGAb_332_333_334_NSP_GenomeWideSNP_6_B04_1367314	14	77013237	88355328	7482	0.017
FENCE_p_TCGAb_332_333_334_NSP_GenomeWideSNP_6_B04_1367314	14	88356527	93710240	3006	-0.0319
FENCE_p_TCGAb_332_333_334_NSP_GenomeWideSNP_6_B04_1367314	14	93711111	96359429	2163	0.0232
FENCE_p_TCGAb_332_333_334_NSP_GenomeWideSNP_6_B04_1367314	14	96359774	102757707	3959	-0.0181
FENCE_p_TCGAb_332_333_334_NSP_GenomeWideSNP_6_B04_1367314	14	102758421	105533894	1003	0.03
FENCE_p_TCGAb_332_333_334_NSP_GenomeWideSNP_6_B04_1367314	15	23437561	30902278	2771	-0.0056
FENCE_p_TCGAb_332_333_334_NSP_GenomeWideSNP_6_B04_1367314	15	30906726	37897340	4166	-0.0527
FENCE_p_TCGAb_332_333_334_NSP_GenomeWideSNP_6_B04_1367314	15	37899130	39103081	837	-0.0199
FENCE_p_TCGAb_332_333_334_NSP_GenomeWideSNP_6_B04_1367314	15	39105124	45564394	3052	-0.1014
FENCE_p_TCGAb_332_333_334_NSP_GenomeWideSNP_6_B04_1367314	15	45570254	58203771	8002	-0.0555
FENCE_p_TCGAb_332_333_334_NSP_GenomeWideSNP_6_B04_1367314	15	58204454	63251719	3852	-0.0823
FENCE_p_TCGAb_332_333_334_NSP_GenomeWideSNP_6_B04_1367314	15	63251907	68348046	2899	-0.1202
FENCE_p_TCGAb_332_333_334_NSP_GenomeWideSNP_6_B04_1367314	15	68348517	87640152	10785	-0.081
FENCE_p_TCGAb_332_333_334_NSP_GenomeWideSNP_6_B04_1367314	15	87640183	101344124	8497	-0.0254
FENCE_p_TCGAb_332_333_334_NSP_GenomeWideSNP_6_B04_1367314	16	603333	4587003	1426	-0.0357
FENCE_p_TCGAb_332_333_334_NSP_GenomeWideSNP_6_B04_1367314	16	4587341	6558620	1343	0.047
FENCE_p_TCGAb_332_333_334_NSP_GenomeWideSNP_6_B04_1367314	16	6559047	7694866	438	-0.0829
FENCE_p_TCGAb_332_333_334_NSP_GenomeWideSNP_6_B04_1367314	16	7695045	29090081	10219	0.0072
FENCE_p_TCGAb_332_333_334_NSP_GenomeWideSNP_6_B04_1367314	16	29091710	46470502	662	-0.0475
FENCE_p_TCGAb_332_333_334_NSP_GenomeWideSNP_6_B04_1367314	16	46473753	89317317	27174	-0.5964
FENCE_p_TCGAb_332_333_334_NSP_GenomeWideSNP_6_B04_1367314	17	1074619	1276729	23	0.3271
FENCE_p_TCGAb_332_333_334_NSP_GenomeWideSNP_6_B04_1367314	17	1277363	9581857	4304	-0.0715
FENCE_p_TCGAb_332_333_334_NSP_GenomeWideSNP_6_B04_1367314	17	9583764	10910841	832	-0.0104
FENCE_p_TCGAb_332_333_334_NSP_GenomeWideSNP_6_B04_1367314	17	10914217	10914676	2	-1.3421
FENCE_p_TCGAb_332_333_334_NSP_GenomeWideSNP_6_B04_1367314	17	10915444	12504730	1185	-0.0217
FENCE_p_TCGAb_332_333_334_NSP_GenomeWideSNP_6_B04_1367314	17	12509639	19960497	3009	-0.0877
FENCE_p_TCGAb_332_333_334_NSP_GenomeWideSNP_6_B04_1367314	17	19961118	28755692	1263	-0.0081
FENCE_p_TCGAb_332_333_334_NSP_GenomeWideSNP_6_B04_1367314	17	28760911	32191321	1440	-0.0491
FENCE_p_TCGAb_332_333_334_NSP_GenomeWideSNP_6_B04_1367314	17	32193366	34996077	1340	0.0128
FENCE_p_TCGAb_332_333_334_NSP_GenomeWideSNP_6_B04_1367314	17	34997659	49363824	6013	-0.0524
FENCE_p_TCGAb_332_333_334_NSP_GenomeWideSNP_6_B04_1367314	17	49366017	55846814	3711	-0.0079
FENCE_p_TCGAb_332_333_334_NSP_GenomeWideSNP_6_B04_1367314	17	55847640	55902914	43	0.7069
FENCE_p_TCGAb_332_333_334_NSP_GenomeWideSNP_6_B04_1367314	17	55903039	58834028	2029	0.409
FENCE_p_TCGAb_332_333_334_NSP_GenomeWideSNP_6_B04_1367314	17	58837080	58850431	2	-1.0397
FENCE_p_TCGAb_332_333_334_NSP_GenomeWideSNP_6_B04_1367314	17	58857443	65452373	3084	0.376
FENCE_p_TCGAb_332_333_334_NSP_GenomeWideSNP_6_B04_1367314	17	65452672	67182788	1107	0.4375
FENCE_p_TCGAb_332_333_334_NSP_GenomeWideSNP_6_B04_1367314	17	67183268	68278275	495	0.366
FENCE_p_TCGAb_332_333_334_NSP_GenomeWideSNP_6_B04_1367314	17	68280916	72985356	3478	0.4699
FENCE_p_TCGAb_332_333_334_NSP_GenomeWideSNP_6_B04_1367314	17	72985765	82959812	4020	0.3796
FENCE_p_TCGAb_332_333_334_NSP_GenomeWideSNP_6_B04_1367314	18	326691	11213284	6503	0.4194
FENCE_p_TCGAb_332_333_334_NSP_GenomeWideSNP_6_B04_1367314	18	11215065	11435303	155	0.7554
FENCE_p_TCGAb_332_333_334_NSP_GenomeWideSNP_6_B04_1367314	18	11435443	11485482	39	0.2911
FENCE_p_TCGAb_332_333_334_NSP_GenomeWideSNP_6_B04_1367314	18	11486229	27083627	5207	0.052
FENCE_p_TCGAb_332_333_334_NSP_GenomeWideSNP_6_B04_1367314	18	27085983	51748945	15440	-0.0141
FENCE_p_TCGAb_332_333_334_NSP_GenomeWideSNP_6_B04_1367314	18	51749325	54115568	1551	0.0705
FENCE_p_TCGAb_332_333_334_NSP_GenomeWideSNP_6_B04_1367314	18	54118726	55817575	983	0.0044
FENCE_p_TCGAb_332_333_334_NSP_GenomeWideSNP_6_B04_1367314	18	55822108	56309595	337	0.0922
FENCE_p_TCGAb_332_333_334_NSP_GenomeWideSNP_6_B04_1367314	18	56311963	79349796	12818	-0.0128
FENCE_p_TCGAb_332_333_334_NSP_GenomeWideSNP_6_B04_1367314	19	283868	18088640	7059	-0.0882
FENCE_p_TCGAb_332_333_334_NSP_GenomeWideSNP_6_B04_1367314	19	18089096	21898485	1123	-0.0443
FENCE_p_TCGAb_332_333_334_NSP_GenomeWideSNP_6_B04_1367314	19	21900420	34196904	5530	0.0098
FENCE_p_TCGAb_332_333_334_NSP_GenomeWideSNP_6_B04_1367314	19	34198604	45244986	5118	-0.0331
FENCE_p_TCGAb_332_333_334_NSP_GenomeWideSNP_6_B04_1367314	19	45245096	45245997	2	-1.5706
FENCE_p_TCGAb_332_333_334_NSP_GenomeWideSNP_6_B04_1367314	19	45253118	57003859	4711	-0.0385
FENCE_p_TCGAb_332_333_334_NSP_GenomeWideSNP_6_B04_1367314	19	57004702	58370362	713	-0.0827
FENCE_p_TCGAb_332_333_334_NSP_GenomeWideSNP_6_B04_1367314	20	472817	5937453	3266	0.013
FENCE_p_TCGAb_332_333_334_NSP_GenomeWideSNP_6_B04_1367314	20	5937550	17801599	8179	0.0581
FENCE_p_TCGAb_332_333_334_NSP_GenomeWideSNP_6_B04_1367314	20	17801632	31888418	5852	0.025
FENCE_p_TCGAb_332_333_334_NSP_GenomeWideSNP_6_B04_1367314	20	31894907	37452815	2707	-0.0229
FENCE_p_TCGAb_332_333_334_NSP_GenomeWideSNP_6_B04_1367314	20	37453393	43265498	3971	0.0463
FENCE_p_TCGAb_332_333_334_NSP_GenomeWideSNP_6_B04_1367314	20	43267349	53861371	6884	0.0029
FENCE_p_TCGAb_332_333_334_NSP_GenomeWideSNP_6_B04_1367314	20	53862936	63588502	6780	0.0298
FENCE_p_TCGAb_332_333_334_NSP_GenomeWideSNP_6_B04_1367314	21	13974127	30700322	10816	0.1115
FENCE_p_TCGAb_332_333_334_NSP_GenomeWideSNP_6_B04_1367314	21	30705096	38374343	4926	0.0025
FENCE_p_TCGAb_332_333_334_NSP_GenomeWideSNP_6_B04_1367314	21	38374716	43113961	3843	-0.0941
FENCE_p_TCGAb_332_333_334_NSP_GenomeWideSNP_6_B04_1367314	21	43119616	46262057	1228	-0.0036
FENCE_p_TCGAb_332_333_334_NSP_GenomeWideSNP_6_B04_1367314	22	16934932	28584475	4286	0.0599
FENCE_p_TCGAb_332_333_334_NSP_GenomeWideSNP_6_B04_1367314	22	28584879	32324938	2066	0.0254
FENCE_p_TCGAb_332_333_334_NSP_GenomeWideSNP_6_B04_1367314	22	32325637	35829712	2870	0.075
FENCE_p_TCGAb_332_333_334_NSP_GenomeWideSNP_6_B04_1367314	22	35830574	43096633	3587	0.0049
FENCE_p_TCGAb_332_333_334_NSP_GenomeWideSNP_6_B04_1367314	22	43096956	46540506	2385	0.0468
FENCE_p_TCGAb_332_333_334_NSP_GenomeWideSNP_6_B04_1367314	22	46540893	48940621	1918	0.1068
FENCE_p_TCGAb_332_333_334_NSP_GenomeWideSNP_6_B04_1367314	X	3236359	20709675	7132	0.6942
FENCE_p_TCGAb_332_333_334_NSP_GenomeWideSNP_6_B04_1367314	X	20710233	109991713	36085	-0.1258
FENCE_p_TCGAb_332_333_334_NSP_GenomeWideSNP_6_B04_1367314	X	109992979	114881734	2656	-0.0074
FENCE_p_TCGAb_332_333_334_NSP_GenomeWideSNP_6_B04_1367314	X	115470033	115892154	97	0.6041
FENCE_p_TCGAb_332_333_334_NSP_GenomeWideSNP_6_B04_1367314	X	115892986	125161181	4900	-0.0146
FENCE_p_TCGAb_332_333_334_NSP_GenomeWideSNP_6_B04_1367314	X	125163324	125164230	3	-1.7629
FENCE_p_TCGAb_332_333_334_NSP_GenomeWideSNP_6_B04_1367314	X	125165609	142146271	7074	-0.0174
FENCE_p_TCGAb_332_333_334_NSP_GenomeWideSNP_6_B04_1367314	X	142146474	142150834	5	-1.4321
FENCE_p_TCGAb_332_333_334_NSP_GenomeWideSNP_6_B04_1367314	X	142151264	155677414	6382	-0.0045
