Sample	Chromosome	Start	End	Num_Probes	Segment_Mean
RUNIC_p_2TCGA235_237_250_242_mN_GenomeWideSNP_6_F02_1231152	1	3301765	3321181	26	0.0311
RUNIC_p_2TCGA235_237_250_242_mN_GenomeWideSNP_6_F02_1231152	1	3324571	3371973	24	0.4542
RUNIC_p_2TCGA235_237_250_242_mN_GenomeWideSNP_6_F02_1231152	1	3375059	4193552	436	0.0612
RUNIC_p_2TCGA235_237_250_242_mN_GenomeWideSNP_6_F02_1231152	1	4199701	4222940	21	-0.3865
RUNIC_p_2TCGA235_237_250_242_mN_GenomeWideSNP_6_F02_1231152	1	4223255	5607429	1127	0.0484
RUNIC_p_2TCGA235_237_250_242_mN_GenomeWideSNP_6_F02_1231152	1	5610406	5616593	9	-0.5062
RUNIC_p_2TCGA235_237_250_242_mN_GenomeWideSNP_6_F02_1231152	1	5619381	5912629	233	0.337
RUNIC_p_2TCGA235_237_250_242_mN_GenomeWideSNP_6_F02_1231152	1	5914528	7557495	902	-0.0014
RUNIC_p_2TCGA235_237_250_242_mN_GenomeWideSNP_6_F02_1231152	1	7561529	8776680	635	0.3213
RUNIC_p_2TCGA235_237_250_242_mN_GenomeWideSNP_6_F02_1231152	1	8778450	19296937	5532	-0.4461
RUNIC_p_2TCGA235_237_250_242_mN_GenomeWideSNP_6_F02_1231152	1	19300512	22192274	1629	0.0429
RUNIC_p_2TCGA235_237_250_242_mN_GenomeWideSNP_6_F02_1231152	1	22192930	22289247	83	0.4051
RUNIC_p_2TCGA235_237_250_242_mN_GenomeWideSNP_6_F02_1231152	1	22289311	45829553	12290	0.0276
RUNIC_p_2TCGA235_237_250_242_mN_GenomeWideSNP_6_F02_1231152	1	45832235	45881707	27	0.3372
RUNIC_p_2TCGA235_237_250_242_mN_GenomeWideSNP_6_F02_1231152	1	45890476	62962163	10577	0.0324
RUNIC_p_2TCGA235_237_250_242_mN_GenomeWideSNP_6_F02_1231152	1	62965716	66302446	2438	0.0629
RUNIC_p_2TCGA235_237_250_242_mN_GenomeWideSNP_6_F02_1231152	1	66303417	93686467	16430	-0.4016
RUNIC_p_2TCGA235_237_250_242_mN_GenomeWideSNP_6_F02_1231152	1	93691951	119981332	15736	0.0507
RUNIC_p_2TCGA235_237_250_242_mN_GenomeWideSNP_6_F02_1231152	1	119984738	150370219	182	0.3242
RUNIC_p_2TCGA235_237_250_242_mN_GenomeWideSNP_6_F02_1231152	1	150372994	150648700	48	-0.0055
RUNIC_p_2TCGA235_237_250_242_mN_GenomeWideSNP_6_F02_1231152	1	150650144	151544952	369	0.3194
RUNIC_p_2TCGA235_237_250_242_mN_GenomeWideSNP_6_F02_1231152	1	151548255	151762214	102	0.5835
RUNIC_p_2TCGA235_237_250_242_mN_GenomeWideSNP_6_F02_1231152	1	151767227	156176935	2226	0.328
RUNIC_p_2TCGA235_237_250_242_mN_GenomeWideSNP_6_F02_1231152	1	156180434	156217762	20	-0.1281
RUNIC_p_2TCGA235_237_250_242_mN_GenomeWideSNP_6_F02_1231152	1	156220602	156226616	5	0.4002
RUNIC_p_2TCGA235_237_250_242_mN_GenomeWideSNP_6_F02_1231152	1	156226977	156244321	10	-0.0733
RUNIC_p_2TCGA235_237_250_242_mN_GenomeWideSNP_6_F02_1231152	1	156251756	156441358	87	0.3305
RUNIC_p_2TCGA235_237_250_242_mN_GenomeWideSNP_6_F02_1231152	1	156442642	159091842	1698	0.3665
RUNIC_p_2TCGA235_237_250_242_mN_GenomeWideSNP_6_F02_1231152	1	159092646	159192234	56	0.689
RUNIC_p_2TCGA235_237_250_242_mN_GenomeWideSNP_6_F02_1231152	1	159192345	161808904	1502	0.3619
RUNIC_p_2TCGA235_237_250_242_mN_GenomeWideSNP_6_F02_1231152	1	161811189	161811410	3	1.3465
RUNIC_p_2TCGA235_237_250_242_mN_GenomeWideSNP_6_F02_1231152	1	161816359	161973412	106	0.3474
RUNIC_p_2TCGA235_237_250_242_mN_GenomeWideSNP_6_F02_1231152	1	161974963	162057422	77	0.6462
RUNIC_p_2TCGA235_237_250_242_mN_GenomeWideSNP_6_F02_1231152	1	162058202	183772435	14651	0.3725
RUNIC_p_2TCGA235_237_250_242_mN_GenomeWideSNP_6_F02_1231152	1	183774464	192960054	5450	0.4021
RUNIC_p_2TCGA235_237_250_242_mN_GenomeWideSNP_6_F02_1231152	1	192960528	195673786	1680	0.3756
RUNIC_p_2TCGA235_237_250_242_mN_GenomeWideSNP_6_F02_1231152	1	195675499	195677918	2	-1.3457
RUNIC_p_2TCGA235_237_250_242_mN_GenomeWideSNP_6_F02_1231152	1	195680112	209059099	8388	0.3732
RUNIC_p_2TCGA235_237_250_242_mN_GenomeWideSNP_6_F02_1231152	1	209059856	209091697	28	0.3926
RUNIC_p_2TCGA235_237_250_242_mN_GenomeWideSNP_6_F02_1231152	1	209094015	209159539	55	0.6717
RUNIC_p_2TCGA235_237_250_242_mN_GenomeWideSNP_6_F02_1231152	1	209159835	214582781	3750	0.3988
RUNIC_p_2TCGA235_237_250_242_mN_GenomeWideSNP_6_F02_1231152	1	214583499	217626366	2069	0.4427
RUNIC_p_2TCGA235_237_250_242_mN_GenomeWideSNP_6_F02_1231152	1	217626428	220806595	2120	0.4059
RUNIC_p_2TCGA235_237_250_242_mN_GenomeWideSNP_6_F02_1231152	1	220808016	220882121	51	0.6691
RUNIC_p_2TCGA235_237_250_242_mN_GenomeWideSNP_6_F02_1231152	1	220884320	222529589	1108	0.4133
RUNIC_p_2TCGA235_237_250_242_mN_GenomeWideSNP_6_F02_1231152	1	222530139	222598797	37	0.7525
RUNIC_p_2TCGA235_237_250_242_mN_GenomeWideSNP_6_F02_1231152	1	222605397	225588448	1702	0.3918
RUNIC_p_2TCGA235_237_250_242_mN_GenomeWideSNP_6_F02_1231152	1	225592789	225695713	40	0.6779
RUNIC_p_2TCGA235_237_250_242_mN_GenomeWideSNP_6_F02_1231152	1	225698616	242662771	11677	0.4022
RUNIC_p_2TCGA235_237_250_242_mN_GenomeWideSNP_6_F02_1231152	1	242664030	247650984	2359	0.3876
RUNIC_p_2TCGA235_237_250_242_mN_GenomeWideSNP_6_F02_1231152	2	480597	15228842	9453	0.0535
RUNIC_p_2TCGA235_237_250_242_mN_GenomeWideSNP_6_F02_1231152	2	15229868	140857288	64445	0.0401
RUNIC_p_2TCGA235_237_250_242_mN_GenomeWideSNP_6_F02_1231152	2	140859186	198325329	32253	0.0509
RUNIC_p_2TCGA235_237_250_242_mN_GenomeWideSNP_6_F02_1231152	2	198330081	198404091	57	-0.2949
RUNIC_p_2TCGA235_237_250_242_mN_GenomeWideSNP_6_F02_1231152	2	198406569	220295243	13032	0.047
RUNIC_p_2TCGA235_237_250_242_mN_GenomeWideSNP_6_F02_1231152	2	220295424	227361683	4647	0.0756
RUNIC_p_2TCGA235_237_250_242_mN_GenomeWideSNP_6_F02_1231152	2	227365993	228753468	851	-0.393
RUNIC_p_2TCGA235_237_250_242_mN_GenomeWideSNP_6_F02_1231152	2	228761859	239237236	6146	0.0686
RUNIC_p_2TCGA235_237_250_242_mN_GenomeWideSNP_6_F02_1231152	2	239238990	241537572	1313	0.0215
RUNIC_p_2TCGA235_237_250_242_mN_GenomeWideSNP_6_F02_1231152	3	2170634	58825271	33026	0.0378
RUNIC_p_2TCGA235_237_250_242_mN_GenomeWideSNP_6_F02_1231152	3	58827965	118018030	31871	0.0561
RUNIC_p_2TCGA235_237_250_242_mN_GenomeWideSNP_6_F02_1231152	3	118018170	197812401	42286	0.0434
RUNIC_p_2TCGA235_237_250_242_mN_GenomeWideSNP_6_F02_1231152	4	1059384	37707354	22813	0.0539
RUNIC_p_2TCGA235_237_250_242_mN_GenomeWideSNP_6_F02_1231152	4	37708992	37727244	21	0.5178
RUNIC_p_2TCGA235_237_250_242_mN_GenomeWideSNP_6_F02_1231152	4	37728106	44776299	3875	0.0371
RUNIC_p_2TCGA235_237_250_242_mN_GenomeWideSNP_6_F02_1231152	4	44776331	120450427	40630	0.0615
RUNIC_p_2TCGA235_237_250_242_mN_GenomeWideSNP_6_F02_1231152	4	120450639	170430690	27380	0.0503
RUNIC_p_2TCGA235_237_250_242_mN_GenomeWideSNP_6_F02_1231152	4	170443097	187842528	8822	-0.4482
RUNIC_p_2TCGA235_237_250_242_mN_GenomeWideSNP_6_F02_1231152	5	914118	55401576	28987	0.0562
RUNIC_p_2TCGA235_237_250_242_mN_GenomeWideSNP_6_F02_1231152	5	55401609	56476418	646	-0.4301
RUNIC_p_2TCGA235_237_250_242_mN_GenomeWideSNP_6_F02_1231152	5	56481568	168107841	64045	0.0442
RUNIC_p_2TCGA235_237_250_242_mN_GenomeWideSNP_6_F02_1231152	5	168109480	180934240	7469	0.0234
RUNIC_p_2TCGA235_237_250_242_mN_GenomeWideSNP_6_F02_1231152	6	1011760	22563659	15296	0.034
RUNIC_p_2TCGA235_237_250_242_mN_GenomeWideSNP_6_F02_1231152	6	22564861	22564923	3	-1.0524
RUNIC_p_2TCGA235_237_250_242_mN_GenomeWideSNP_6_F02_1231152	6	22567834	24066995	1095	0.0576
RUNIC_p_2TCGA235_237_250_242_mN_GenomeWideSNP_6_F02_1231152	6	24067320	37476485	5462	0.0067
RUNIC_p_2TCGA235_237_250_242_mN_GenomeWideSNP_6_F02_1231152	6	37479299	38261823	521	0.0396
RUNIC_p_2TCGA235_237_250_242_mN_GenomeWideSNP_6_F02_1231152	6	38262453	38615111	235	-0.321
RUNIC_p_2TCGA235_237_250_242_mN_GenomeWideSNP_6_F02_1231152	6	38615592	46140346	4728	0.0191
RUNIC_p_2TCGA235_237_250_242_mN_GenomeWideSNP_6_F02_1231152	6	46140579	72888630	13107	0.0415
RUNIC_p_2TCGA235_237_250_242_mN_GenomeWideSNP_6_F02_1231152	6	72889137	113478754	22879	0.0191
RUNIC_p_2TCGA235_237_250_242_mN_GenomeWideSNP_6_F02_1231152	6	113483577	120304257	3475	-0.3937
RUNIC_p_2TCGA235_237_250_242_mN_GenomeWideSNP_6_F02_1231152	6	120311952	123868234	1972	0.0246
RUNIC_p_2TCGA235_237_250_242_mN_GenomeWideSNP_6_F02_1231152	6	123870951	170596889	28405	-0.398
RUNIC_p_2TCGA235_237_250_242_mN_GenomeWideSNP_6_F02_1231152	7	664936	7309002	2484	0.0345
RUNIC_p_2TCGA235_237_250_242_mN_GenomeWideSNP_6_F02_1231152	7	7309147	9669221	1186	0.0734
RUNIC_p_2TCGA235_237_250_242_mN_GenomeWideSNP_6_F02_1231152	7	9669754	9670121	2	-1.1212
RUNIC_p_2TCGA235_237_250_242_mN_GenomeWideSNP_6_F02_1231152	7	9670541	20746709	6364	0.0772
RUNIC_p_2TCGA235_237_250_242_mN_GenomeWideSNP_6_F02_1231152	7	20747650	77740530	29018	0.0435
RUNIC_p_2TCGA235_237_250_242_mN_GenomeWideSNP_6_F02_1231152	7	77742471	158592540	42976	0.0782
RUNIC_p_2TCGA235_237_250_242_mN_GenomeWideSNP_6_F02_1231152	8	667625	5372953	2629	0.0647
RUNIC_p_2TCGA235_237_250_242_mN_GenomeWideSNP_6_F02_1231152	8	5373970	71272684	36608	0.0481
RUNIC_p_2TCGA235_237_250_242_mN_GenomeWideSNP_6_F02_1231152	8	71276485	144182542	42989	0.0644
RUNIC_p_2TCGA235_237_250_242_mN_GenomeWideSNP_6_F02_1231152	9	789794	71846697	26220	0.0199
RUNIC_p_2TCGA235_237_250_242_mN_GenomeWideSNP_6_F02_1231152	9	71847100	71847168	2	-1.466
RUNIC_p_2TCGA235_237_250_242_mN_GenomeWideSNP_6_F02_1231152	9	71847444	106588216	22641	0.0212
RUNIC_p_2TCGA235_237_250_242_mN_GenomeWideSNP_6_F02_1231152	9	106590667	106592746	6	-1.6616
RUNIC_p_2TCGA235_237_250_242_mN_GenomeWideSNP_6_F02_1231152	9	106596631	138044505	19673	0.0165
RUNIC_p_2TCGA235_237_250_242_mN_GenomeWideSNP_6_F02_1231152	10	366509	72192703	43014	0.0518
RUNIC_p_2TCGA235_237_250_242_mN_GenomeWideSNP_6_F02_1231152	10	72193205	75241575	1303	0.0064
RUNIC_p_2TCGA235_237_250_242_mN_GenomeWideSNP_6_F02_1231152	10	75251361	97936536	14480	0.056
RUNIC_p_2TCGA235_237_250_242_mN_GenomeWideSNP_6_F02_1231152	10	97936559	98162655	159	0.4004
RUNIC_p_2TCGA235_237_250_242_mN_GenomeWideSNP_6_F02_1231152	10	98163335	101526143	1922	0.0518
RUNIC_p_2TCGA235_237_250_242_mN_GenomeWideSNP_6_F02_1231152	10	101528508	101563809	19	0.6044
RUNIC_p_2TCGA235_237_250_242_mN_GenomeWideSNP_6_F02_1231152	10	101571370	133411599	20504	0.0582
RUNIC_p_2TCGA235_237_250_242_mN_GenomeWideSNP_6_F02_1231152	11	456012	63883564	34866	-0.4067
RUNIC_p_2TCGA235_237_250_242_mN_GenomeWideSNP_6_F02_1231152	11	63896536	71456403	2856	-0.4432
RUNIC_p_2TCGA235_237_250_242_mN_GenomeWideSNP_6_F02_1231152	11	71456774	115671547	27048	-0.4014
RUNIC_p_2TCGA235_237_250_242_mN_GenomeWideSNP_6_F02_1231152	11	115672721	115674638	2	-2.466
RUNIC_p_2TCGA235_237_250_242_mN_GenomeWideSNP_6_F02_1231152	11	115675442	132725940	12268	-0.4174
RUNIC_p_2TCGA235_237_250_242_mN_GenomeWideSNP_6_F02_1231152	11	132726056	134272740	651	0.0054
RUNIC_p_2TCGA235_237_250_242_mN_GenomeWideSNP_6_F02_1231152	12	780472	14920072	8048	0.0482
RUNIC_p_2TCGA235_237_250_242_mN_GenomeWideSNP_6_F02_1231152	12	14920711	30463113	9962	0.0738
RUNIC_p_2TCGA235_237_250_242_mN_GenomeWideSNP_6_F02_1231152	12	30463660	39171956	1913	0.0397
RUNIC_p_2TCGA235_237_250_242_mN_GenomeWideSNP_6_F02_1231152	12	39172044	39172374	2	-1.4944
RUNIC_p_2TCGA235_237_250_242_mN_GenomeWideSNP_6_F02_1231152	12	39172995	57931730	10009	0.0386
RUNIC_p_2TCGA235_237_250_242_mN_GenomeWideSNP_6_F02_1231152	12	57936037	58044536	63	0.169
RUNIC_p_2TCGA235_237_250_242_mN_GenomeWideSNP_6_F02_1231152	12	58046931	99876939	25907	0.0542
RUNIC_p_2TCGA235_237_250_242_mN_GenomeWideSNP_6_F02_1231152	12	99878859	100093310	100	0.2262
RUNIC_p_2TCGA235_237_250_242_mN_GenomeWideSNP_6_F02_1231152	12	100093317	100117368	11	-0.1589
RUNIC_p_2TCGA235_237_250_242_mN_GenomeWideSNP_6_F02_1231152	12	100118009	100196685	33	0.1742
RUNIC_p_2TCGA235_237_250_242_mN_GenomeWideSNP_6_F02_1231152	12	100197335	132605822	18366	0.0343
RUNIC_p_2TCGA235_237_250_242_mN_GenomeWideSNP_6_F02_1231152	13	18874255	22682533	1954	-0.3912
RUNIC_p_2TCGA235_237_250_242_mN_GenomeWideSNP_6_F02_1231152	13	22682905	91405766	40079	-0.3553
RUNIC_p_2TCGA235_237_250_242_mN_GenomeWideSNP_6_F02_1231152	13	91409815	114226675	14980	-0.3842
RUNIC_p_2TCGA235_237_250_242_mN_GenomeWideSNP_6_F02_1231152	14	20033191	29254523	4519	0.0467
RUNIC_p_2TCGA235_237_250_242_mN_GenomeWideSNP_6_F02_1231152	14	29258648	29262456	3	-0.9874
RUNIC_p_2TCGA235_237_250_242_mN_GenomeWideSNP_6_F02_1231152	14	29264103	76675930	27443	0.0507
RUNIC_p_2TCGA235_237_250_242_mN_GenomeWideSNP_6_F02_1231152	14	76677026	76677039	2	1.3917
RUNIC_p_2TCGA235_237_250_242_mN_GenomeWideSNP_6_F02_1231152	14	76677383	105533894	17821	0.0422
RUNIC_p_2TCGA235_237_250_242_mN_GenomeWideSNP_6_F02_1231152	15	23437561	101344124	44833	0.0498
RUNIC_p_2TCGA235_237_250_242_mN_GenomeWideSNP_6_F02_1231152	16	603333	67433505	27668	0.01
RUNIC_p_2TCGA235_237_250_242_mN_GenomeWideSNP_6_F02_1231152	16	67437901	68089862	226	0.5503
RUNIC_p_2TCGA235_237_250_242_mN_GenomeWideSNP_6_F02_1231152	16	68094324	70342440	982	-0.0084
RUNIC_p_2TCGA235_237_250_242_mN_GenomeWideSNP_6_F02_1231152	16	70347559	70567215	77	0.318
RUNIC_p_2TCGA235_237_250_242_mN_GenomeWideSNP_6_F02_1231152	16	70568588	89317317	12309	0.0041
RUNIC_p_2TCGA235_237_250_242_mN_GenomeWideSNP_6_F02_1231152	17	1074619	1810639	256	0.0195
RUNIC_p_2TCGA235_237_250_242_mN_GenomeWideSNP_6_F02_1231152	17	1921252	2121395	91	-0.4196
RUNIC_p_2TCGA235_237_250_242_mN_GenomeWideSNP_6_F02_1231152	17	2122567	4877526	1320	0.0286
RUNIC_p_2TCGA235_237_250_242_mN_GenomeWideSNP_6_F02_1231152	17	4886455	5055705	70	-0.4377
RUNIC_p_2TCGA235_237_250_242_mN_GenomeWideSNP_6_F02_1231152	17	5056879	5435739	177	0.0174
RUNIC_p_2TCGA235_237_250_242_mN_GenomeWideSNP_6_F02_1231152	17	5439200	5516429	39	-0.521
RUNIC_p_2TCGA235_237_250_242_mN_GenomeWideSNP_6_F02_1231152	17	5520722	6536239	730	0.0328
RUNIC_p_2TCGA235_237_250_242_mN_GenomeWideSNP_6_F02_1231152	17	6536680	6697905	132	-0.4405
RUNIC_p_2TCGA235_237_250_242_mN_GenomeWideSNP_6_F02_1231152	17	6701346	17220547	5371	0.0045
RUNIC_p_2TCGA235_237_250_242_mN_GenomeWideSNP_6_F02_1231152	17	17220667	17221339	2	1.3734
RUNIC_p_2TCGA235_237_250_242_mN_GenomeWideSNP_6_F02_1231152	17	17222727	21009578	1423	0.0079
RUNIC_p_2TCGA235_237_250_242_mN_GenomeWideSNP_6_F02_1231152	17	21010205	33185156	3085	0.0472
RUNIC_p_2TCGA235_237_250_242_mN_GenomeWideSNP_6_F02_1231152	17	33186710	49506284	6782	0.0294
RUNIC_p_2TCGA235_237_250_242_mN_GenomeWideSNP_6_F02_1231152	17	49509156	80170232	16854	0.0542
RUNIC_p_2TCGA235_237_250_242_mN_GenomeWideSNP_6_F02_1231152	17	80178061	80243298	66	-0.4299
RUNIC_p_2TCGA235_237_250_242_mN_GenomeWideSNP_6_F02_1231152	17	80245008	80368787	9	-0.0528
RUNIC_p_2TCGA235_237_250_242_mN_GenomeWideSNP_6_F02_1231152	17	80369487	80420276	26	-0.3916
RUNIC_p_2TCGA235_237_250_242_mN_GenomeWideSNP_6_F02_1231152	17	80420740	81109062	325	0.0683
RUNIC_p_2TCGA235_237_250_242_mN_GenomeWideSNP_6_F02_1231152	17	81136109	81181302	13	-0.5615
RUNIC_p_2TCGA235_237_250_242_mN_GenomeWideSNP_6_F02_1231152	17	81199384	82959812	571	0.0289
RUNIC_p_2TCGA235_237_250_242_mN_GenomeWideSNP_6_F02_1231152	18	326691	79349796	42967	0.0566
RUNIC_p_2TCGA235_237_250_242_mN_GenomeWideSNP_6_F02_1231152	19	283868	1882763	297	-0.0116
RUNIC_p_2TCGA235_237_250_242_mN_GenomeWideSNP_6_F02_1231152	19	1882799	1982000	32	-0.4843
RUNIC_p_2TCGA235_237_250_242_mN_GenomeWideSNP_6_F02_1231152	19	1983477	43975343	17804	0.0199
RUNIC_p_2TCGA235_237_250_242_mN_GenomeWideSNP_6_F02_1231152	19	43975607	43975608	2	-1.5647
RUNIC_p_2TCGA235_237_250_242_mN_GenomeWideSNP_6_F02_1231152	19	43978555	58370362	6104	0.0208
RUNIC_p_2TCGA235_237_250_242_mN_GenomeWideSNP_6_F02_1231152	20	472817	17838991	11461	0.0646
RUNIC_p_2TCGA235_237_250_242_mN_GenomeWideSNP_6_F02_1231152	20	17843794	52107528	18224	0.0471
RUNIC_p_2TCGA235_237_250_242_mN_GenomeWideSNP_6_F02_1231152	20	52109853	63588502	7922	0.0801
RUNIC_p_2TCGA235_237_250_242_mN_GenomeWideSNP_6_F02_1231152	21	13974127	46262057	20789	0.0376
RUNIC_p_2TCGA235_237_250_242_mN_GenomeWideSNP_6_F02_1231152	22	16934932	41110589	11747	0.0352
RUNIC_p_2TCGA235_237_250_242_mN_GenomeWideSNP_6_F02_1231152	22	41110604	41163040	129	0.3472
RUNIC_p_2TCGA235_237_250_242_mN_GenomeWideSNP_6_F02_1231152	22	41168478	41607022	217	0.6335
RUNIC_p_2TCGA235_237_250_242_mN_GenomeWideSNP_6_F02_1231152	22	41608565	41657127	27	0.3522
RUNIC_p_2TCGA235_237_250_242_mN_GenomeWideSNP_6_F02_1231152	22	41657822	48940621	4981	0.0457
RUNIC_p_2TCGA235_237_250_242_mN_GenomeWideSNP_6_F02_1231152	X	3236359	45923705	19386	0.0017
RUNIC_p_2TCGA235_237_250_242_mN_GenomeWideSNP_6_F02_1231152	X	45926783	45929042	3	-1.2547
RUNIC_p_2TCGA235_237_250_242_mN_GenomeWideSNP_6_F02_1231152	X	45935054	66412304	5984	0.007
RUNIC_p_2TCGA235_237_250_242_mN_GenomeWideSNP_6_F02_1231152	X	66412388	66412488	2	-1.5696
RUNIC_p_2TCGA235_237_250_242_mN_GenomeWideSNP_6_F02_1231152	X	66412778	88726791	9226	0.0061
RUNIC_p_2TCGA235_237_250_242_mN_GenomeWideSNP_6_F02_1231152	X	88726877	88892906	98	-1.3774
RUNIC_p_2TCGA235_237_250_242_mN_GenomeWideSNP_6_F02_1231152	X	88896193	155677414	29645	0.0042
