Sample	Chromosome	Start	End	Num_Probes	Segment_Mean
SPICS_p_TCGA_B_314_315_316_NSP_GenomeWideSNP_6_E03_1361576	1	3301765	7431364	2693	-0.3171
SPICS_p_TCGA_B_314_315_316_NSP_GenomeWideSNP_6_E03_1361576	1	7431559	9593792	1123	-0.1908
SPICS_p_TCGA_B_314_315_316_NSP_GenomeWideSNP_6_E03_1361576	1	9594139	10082945	180	0.0579
SPICS_p_TCGA_B_314_315_316_NSP_GenomeWideSNP_6_E03_1361576	1	10087696	11900776	943	0.1813
SPICS_p_TCGA_B_314_315_316_NSP_GenomeWideSNP_6_E03_1361576	1	11909975	13546493	509	0.4843
SPICS_p_TCGA_B_314_315_316_NSP_GenomeWideSNP_6_E03_1361576	1	13546978	14298782	602	0.3739
SPICS_p_TCGA_B_314_315_316_NSP_GenomeWideSNP_6_E03_1361576	1	14299029	14496017	165	0.4592
SPICS_p_TCGA_B_314_315_316_NSP_GenomeWideSNP_6_E03_1361576	1	14496420	14496971	3	-1.0862
SPICS_p_TCGA_B_314_315_316_NSP_GenomeWideSNP_6_E03_1361576	1	14499162	16018760	954	0.4304
SPICS_p_TCGA_B_314_315_316_NSP_GenomeWideSNP_6_E03_1361576	1	16063907	17328912	410	0.0822
SPICS_p_TCGA_B_314_315_316_NSP_GenomeWideSNP_6_E03_1361576	1	17329133	22703706	3329	0.1971
SPICS_p_TCGA_B_314_315_316_NSP_GenomeWideSNP_6_E03_1361576	1	22704913	22811138	75	0.1067
SPICS_p_TCGA_B_314_315_316_NSP_GenomeWideSNP_6_E03_1361576	1	22811268	24098726	642	-0.0039
SPICS_p_TCGA_B_314_315_316_NSP_GenomeWideSNP_6_E03_1361576	1	24105012	24360056	181	-0.3559
SPICS_p_TCGA_B_314_315_316_NSP_GenomeWideSNP_6_E03_1361576	1	24363312	30640385	3043	-0.1675
SPICS_p_TCGA_B_314_315_316_NSP_GenomeWideSNP_6_E03_1361576	1	30641573	30818501	30	-0.3214
SPICS_p_TCGA_B_314_315_316_NSP_GenomeWideSNP_6_E03_1361576	1	30818692	33606603	1303	-0.0795
SPICS_p_TCGA_B_314_315_316_NSP_GenomeWideSNP_6_E03_1361576	1	33607231	36032086	1397	0.1123
SPICS_p_TCGA_B_314_315_316_NSP_GenomeWideSNP_6_E03_1361576	1	36033741	38898435	1664	0.2417
SPICS_p_TCGA_B_314_315_316_NSP_GenomeWideSNP_6_E03_1361576	1	38898669	43616188	2631	0.0774
SPICS_p_TCGA_B_314_315_316_NSP_GenomeWideSNP_6_E03_1361576	1	43616241	45448171	956	-0.0431
SPICS_p_TCGA_B_314_315_316_NSP_GenomeWideSNP_6_E03_1361576	1	45449334	49814608	2260	-0.1484
SPICS_p_TCGA_B_314_315_316_NSP_GenomeWideSNP_6_E03_1361576	1	49820872	99243624	30907	-0.2562
SPICS_p_TCGA_B_314_315_316_NSP_GenomeWideSNP_6_E03_1361576	1	99244697	102154265	1942	-0.1358
SPICS_p_TCGA_B_314_315_316_NSP_GenomeWideSNP_6_E03_1361576	1	102161854	106276333	1837	-0.2526
SPICS_p_TCGA_B_314_315_316_NSP_GenomeWideSNP_6_E03_1361576	1	106277076	113426775	4408	-0.1191
SPICS_p_TCGA_B_314_315_316_NSP_GenomeWideSNP_6_E03_1361576	1	113426795	116818034	2201	-0.2601
SPICS_p_TCGA_B_314_315_316_NSP_GenomeWideSNP_6_E03_1361576	1	116818079	118486443	988	-0.0824
SPICS_p_TCGA_B_314_315_316_NSP_GenomeWideSNP_6_E03_1361576	1	118486460	118740573	137	0.0253
SPICS_p_TCGA_B_314_315_316_NSP_GenomeWideSNP_6_E03_1361576	1	118741810	119737785	632	0.2243
SPICS_p_TCGA_B_314_315_316_NSP_GenomeWideSNP_6_E03_1361576	1	119737931	119979137	136	0.6842
SPICS_p_TCGA_B_314_315_316_NSP_GenomeWideSNP_6_E03_1361576	1	119979978	247650984	61797	0.1454
SPICS_p_TCGA_B_314_315_316_NSP_GenomeWideSNP_6_E03_1361576	2	480597	1913957	191	0.5371
SPICS_p_TCGA_B_314_315_316_NSP_GenomeWideSNP_6_E03_1361576	2	1914588	2518817	409	0.7284
SPICS_p_TCGA_B_314_315_316_NSP_GenomeWideSNP_6_E03_1361576	2	2520805	4266939	1219	0.548
SPICS_p_TCGA_B_314_315_316_NSP_GenomeWideSNP_6_E03_1361576	2	4270136	4597362	229	0.2003
SPICS_p_TCGA_B_314_315_316_NSP_GenomeWideSNP_6_E03_1361576	2	4602182	4947117	279	0.5731
SPICS_p_TCGA_B_314_315_316_NSP_GenomeWideSNP_6_E03_1361576	2	4947443	5647533	490	0.2969
SPICS_p_TCGA_B_314_315_316_NSP_GenomeWideSNP_6_E03_1361576	2	5650877	8906283	2398	0.163
SPICS_p_TCGA_B_314_315_316_NSP_GenomeWideSNP_6_E03_1361576	2	8910250	9314576	247	-0.3097
SPICS_p_TCGA_B_314_315_316_NSP_GenomeWideSNP_6_E03_1361576	2	9317466	9346065	26	0.1608
SPICS_p_TCGA_B_314_315_316_NSP_GenomeWideSNP_6_E03_1361576	2	9346940	11944600	1768	-0.3102
SPICS_p_TCGA_B_314_315_316_NSP_GenomeWideSNP_6_E03_1361576	2	11944799	15456079	2348	-0.2454
SPICS_p_TCGA_B_314_315_316_NSP_GenomeWideSNP_6_E03_1361576	2	15456992	15800824	252	-0.3402
SPICS_p_TCGA_B_314_315_316_NSP_GenomeWideSNP_6_E03_1361576	2	15801177	16378317	357	0.1912
SPICS_p_TCGA_B_314_315_316_NSP_GenomeWideSNP_6_E03_1361576	2	16383031	16417226	30	0.6664
SPICS_p_TCGA_B_314_315_316_NSP_GenomeWideSNP_6_E03_1361576	2	16417253	16547450	129	0.4606
SPICS_p_TCGA_B_314_315_316_NSP_GenomeWideSNP_6_E03_1361576	2	16548511	16613477	42	0.6854
SPICS_p_TCGA_B_314_315_316_NSP_GenomeWideSNP_6_E03_1361576	2	16614150	17173740	395	0.3666
SPICS_p_TCGA_B_314_315_316_NSP_GenomeWideSNP_6_E03_1361576	2	17174544	17270853	74	0.1988
SPICS_p_TCGA_B_314_315_316_NSP_GenomeWideSNP_6_E03_1361576	2	17272242	17488724	137	-0.1949
SPICS_p_TCGA_B_314_315_316_NSP_GenomeWideSNP_6_E03_1361576	2	17500399	17538522	20	0.3079
SPICS_p_TCGA_B_314_315_316_NSP_GenomeWideSNP_6_E03_1361576	2	17540546	17556932	9	-0.2199
SPICS_p_TCGA_B_314_315_316_NSP_GenomeWideSNP_6_E03_1361576	2	17559088	17578440	15	0.3359
SPICS_p_TCGA_B_314_315_316_NSP_GenomeWideSNP_6_E03_1361576	2	17583727	18952483	1009	-0.2378
SPICS_p_TCGA_B_314_315_316_NSP_GenomeWideSNP_6_E03_1361576	2	18953006	19000803	34	0.2379
SPICS_p_TCGA_B_314_315_316_NSP_GenomeWideSNP_6_E03_1361576	2	19001888	20963477	1411	-0.2734
SPICS_p_TCGA_B_314_315_316_NSP_GenomeWideSNP_6_E03_1361576	2	20963843	21006131	28	0.139
SPICS_p_TCGA_B_314_315_316_NSP_GenomeWideSNP_6_E03_1361576	2	21081560	23537152	1558	-0.2604
SPICS_p_TCGA_B_314_315_316_NSP_GenomeWideSNP_6_E03_1361576	2	23537173	23606275	64	0.1543
SPICS_p_TCGA_B_314_315_316_NSP_GenomeWideSNP_6_E03_1361576	2	23606401	25894888	1044	-0.2704
SPICS_p_TCGA_B_314_315_316_NSP_GenomeWideSNP_6_E03_1361576	2	25902458	27469167	702	0.1279
SPICS_p_TCGA_B_314_315_316_NSP_GenomeWideSNP_6_E03_1361576	2	27481099	28017658	224	0.4192
SPICS_p_TCGA_B_314_315_316_NSP_GenomeWideSNP_6_E03_1361576	2	28018700	28021813	3	-1.4175
SPICS_p_TCGA_B_314_315_316_NSP_GenomeWideSNP_6_E03_1361576	2	28026626	28608235	374	0.4692
SPICS_p_TCGA_B_314_315_316_NSP_GenomeWideSNP_6_E03_1361576	2	28610271	29183452	203	0.1245
SPICS_p_TCGA_B_314_315_316_NSP_GenomeWideSNP_6_E03_1361576	2	29184539	29630195	443	-0.2661
SPICS_p_TCGA_B_314_315_316_NSP_GenomeWideSNP_6_E03_1361576	2	29632134	33672387	2124	0.1687
SPICS_p_TCGA_B_314_315_316_NSP_GenomeWideSNP_6_E03_1361576	2	33672492	34177389	392	0.0724
SPICS_p_TCGA_B_314_315_316_NSP_GenomeWideSNP_6_E03_1361576	2	34178029	50159644	9505	0.1714
SPICS_p_TCGA_B_314_315_316_NSP_GenomeWideSNP_6_E03_1361576	2	50160004	50636524	365	0.0556
SPICS_p_TCGA_B_314_315_316_NSP_GenomeWideSNP_6_E03_1361576	2	50965967	52737762	807	0.1796
SPICS_p_TCGA_B_314_315_316_NSP_GenomeWideSNP_6_E03_1361576	2	52741891	63539349	5940	-0.1009
SPICS_p_TCGA_B_314_315_316_NSP_GenomeWideSNP_6_E03_1361576	2	63539579	70419177	4315	-0.1682
SPICS_p_TCGA_B_314_315_316_NSP_GenomeWideSNP_6_E03_1361576	2	70420668	70795460	319	-0.3023
SPICS_p_TCGA_B_314_315_316_NSP_GenomeWideSNP_6_E03_1361576	2	70797279	76829743	3292	-0.1761
SPICS_p_TCGA_B_314_315_316_NSP_GenomeWideSNP_6_E03_1361576	2	76830057	83973347	3702	-0.1309
SPICS_p_TCGA_B_314_315_316_NSP_GenomeWideSNP_6_E03_1361576	2	83973593	97750798	2648	-0.2554
SPICS_p_TCGA_B_314_315_316_NSP_GenomeWideSNP_6_E03_1361576	2	97751206	98018949	130	-0.1548
SPICS_p_TCGA_B_314_315_316_NSP_GenomeWideSNP_6_E03_1361576	2	98019669	98062413	20	-0.0461
SPICS_p_TCGA_B_314_315_316_NSP_GenomeWideSNP_6_E03_1361576	2	98064932	99126371	590	0.1264
SPICS_p_TCGA_B_314_315_316_NSP_GenomeWideSNP_6_E03_1361576	2	99127304	100506259	823	-0.0078
SPICS_p_TCGA_B_314_315_316_NSP_GenomeWideSNP_6_E03_1361576	2	100510228	101235288	502	-0.1261
SPICS_p_TCGA_B_314_315_316_NSP_GenomeWideSNP_6_E03_1361576	2	101242679	102207514	569	-0.0035
SPICS_p_TCGA_B_314_315_316_NSP_GenomeWideSNP_6_E03_1361576	2	102207741	107991638	3612	-0.1338
SPICS_p_TCGA_B_314_315_316_NSP_GenomeWideSNP_6_E03_1361576	2	107991646	115957839	3661	-0.0538
SPICS_p_TCGA_B_314_315_316_NSP_GenomeWideSNP_6_E03_1361576	2	115967339	120280437	2252	-0.1451
SPICS_p_TCGA_B_314_315_316_NSP_GenomeWideSNP_6_E03_1361576	2	120283185	137527965	8764	-0.2031
SPICS_p_TCGA_B_314_315_316_NSP_GenomeWideSNP_6_E03_1361576	2	137529172	138720864	269	-0.1335
SPICS_p_TCGA_B_314_315_316_NSP_GenomeWideSNP_6_E03_1361576	2	138724109	166505116	16134	-0.0578
SPICS_p_TCGA_B_314_315_316_NSP_GenomeWideSNP_6_E03_1361576	2	166506187	167473880	517	0.0456
SPICS_p_TCGA_B_314_315_316_NSP_GenomeWideSNP_6_E03_1361576	2	167474235	170848152	2288	-0.059
SPICS_p_TCGA_B_314_315_316_NSP_GenomeWideSNP_6_E03_1361576	2	170850082	176852190	3767	-0.1042
SPICS_p_TCGA_B_314_315_316_NSP_GenomeWideSNP_6_E03_1361576	2	176852572	181055611	2633	-0.0192
SPICS_p_TCGA_B_314_315_316_NSP_GenomeWideSNP_6_E03_1361576	2	181070771	181955053	520	0.3094
SPICS_p_TCGA_B_314_315_316_NSP_GenomeWideSNP_6_E03_1361576	2	181955374	186399845	1949	0.059
SPICS_p_TCGA_B_314_315_316_NSP_GenomeWideSNP_6_E03_1361576	2	186400213	188481181	916	-0.0455
SPICS_p_TCGA_B_314_315_316_NSP_GenomeWideSNP_6_E03_1361576	2	188490785	192787462	2451	0.0833
SPICS_p_TCGA_B_314_315_316_NSP_GenomeWideSNP_6_E03_1361576	2	192792142	196783358	1594	0.0097
SPICS_p_TCGA_B_314_315_316_NSP_GenomeWideSNP_6_E03_1361576	2	196788673	212827752	9289	-0.0194
SPICS_p_TCGA_B_314_315_316_NSP_GenomeWideSNP_6_E03_1361576	2	212829275	230380568	11029	-0.0751
SPICS_p_TCGA_B_314_315_316_NSP_GenomeWideSNP_6_E03_1361576	2	230380636	230550298	104	0.0015
SPICS_p_TCGA_B_314_315_316_NSP_GenomeWideSNP_6_E03_1361576	2	230550793	240254198	5827	-0.1228
SPICS_p_TCGA_B_314_315_316_NSP_GenomeWideSNP_6_E03_1361576	2	240254477	241537572	629	-0.5176
SPICS_p_TCGA_B_314_315_316_NSP_GenomeWideSNP_6_E03_1361576	3	2170634	7494952	2782	0.0394
SPICS_p_TCGA_B_314_315_316_NSP_GenomeWideSNP_6_E03_1361576	3	7495085	7707732	207	-0.069
SPICS_p_TCGA_B_314_315_316_NSP_GenomeWideSNP_6_E03_1361576	3	7711347	7711543	2	-1.8643
SPICS_p_TCGA_B_314_315_316_NSP_GenomeWideSNP_6_E03_1361576	3	7711832	10308287	1671	-0.089
SPICS_p_TCGA_B_314_315_316_NSP_GenomeWideSNP_6_E03_1361576	3	10311163	14593541	2963	-0.0178
SPICS_p_TCGA_B_314_315_316_NSP_GenomeWideSNP_6_E03_1361576	3	14593588	36650252	13089	0.0244
SPICS_p_TCGA_B_314_315_316_NSP_GenomeWideSNP_6_E03_1361576	3	36651269	59292776	12550	-6e-04
SPICS_p_TCGA_B_314_315_316_NSP_GenomeWideSNP_6_E03_1361576	3	59295747	108593980	26143	0.0343
SPICS_p_TCGA_B_314_315_316_NSP_GenomeWideSNP_6_E03_1361576	3	108594657	197812401	47958	0.0125
SPICS_p_TCGA_B_314_315_316_NSP_GenomeWideSNP_6_E03_1361576	4	1059384	10652971	5133	0.0478
SPICS_p_TCGA_B_314_315_316_NSP_GenomeWideSNP_6_E03_1361576	4	10655256	36333311	16745	0.0819
SPICS_p_TCGA_B_314_315_316_NSP_GenomeWideSNP_6_E03_1361576	4	36333677	37759277	1028	0.0385
SPICS_p_TCGA_B_314_315_316_NSP_GenomeWideSNP_6_E03_1361576	4	37759821	37763304	4	1.3291
SPICS_p_TCGA_B_314_315_316_NSP_GenomeWideSNP_6_E03_1361576	4	37763344	47049189	4922	0.0686
SPICS_p_TCGA_B_314_315_316_NSP_GenomeWideSNP_6_E03_1361576	4	47055441	51837099	600	0.183
SPICS_p_TCGA_B_314_315_316_NSP_GenomeWideSNP_6_E03_1361576	4	51837853	52141824	176	0.3382
SPICS_p_TCGA_B_314_315_316_NSP_GenomeWideSNP_6_E03_1361576	4	52144257	52726203	295	0.4831
SPICS_p_TCGA_B_314_315_316_NSP_GenomeWideSNP_6_E03_1361576	4	52726340	54502617	1241	0.658
SPICS_p_TCGA_B_314_315_316_NSP_GenomeWideSNP_6_E03_1361576	4	54502821	54539495	22	1.0816
SPICS_p_TCGA_B_314_315_316_NSP_GenomeWideSNP_6_E03_1361576	4	54541595	55110001	539	1.3931
SPICS_p_TCGA_B_314_315_316_NSP_GenomeWideSNP_6_E03_1361576	4	55110284	56245993	619	1.5033
SPICS_p_TCGA_B_314_315_316_NSP_GenomeWideSNP_6_E03_1361576	4	56246196	56561086	175	1.3415
SPICS_p_TCGA_B_314_315_316_NSP_GenomeWideSNP_6_E03_1361576	4	56561229	57834508	888	1.1707
SPICS_p_TCGA_B_314_315_316_NSP_GenomeWideSNP_6_E03_1361576	4	57863045	60372443	1411	0.9709
SPICS_p_TCGA_B_314_315_316_NSP_GenomeWideSNP_6_E03_1361576	4	60372610	62320730	1069	0.8011
SPICS_p_TCGA_B_314_315_316_NSP_GenomeWideSNP_6_E03_1361576	4	62324183	62371884	21	1.0346
SPICS_p_TCGA_B_314_315_316_NSP_GenomeWideSNP_6_E03_1361576	4	62376628	64287409	822	-0.2926
SPICS_p_TCGA_B_314_315_316_NSP_GenomeWideSNP_6_E03_1361576	4	64290292	65308603	611	-0.2502
SPICS_p_TCGA_B_314_315_316_NSP_GenomeWideSNP_6_E03_1361576	4	65308750	67907129	1577	-0.0656
SPICS_p_TCGA_B_314_315_316_NSP_GenomeWideSNP_6_E03_1361576	4	67909825	75009564	3323	-0.2307
SPICS_p_TCGA_B_314_315_316_NSP_GenomeWideSNP_6_E03_1361576	4	75009628	85806313	6651	-0.3646
SPICS_p_TCGA_B_314_315_316_NSP_GenomeWideSNP_6_E03_1361576	4	85806878	86229932	268	0.1198
SPICS_p_TCGA_B_314_315_316_NSP_GenomeWideSNP_6_E03_1361576	4	86234742	86848541	293	-0.2365
SPICS_p_TCGA_B_314_315_316_NSP_GenomeWideSNP_6_E03_1361576	4	86849309	86850211	2	-2.3319
SPICS_p_TCGA_B_314_315_316_NSP_GenomeWideSNP_6_E03_1361576	4	86853536	88885566	1232	-0.2124
SPICS_p_TCGA_B_314_315_316_NSP_GenomeWideSNP_6_E03_1361576	4	88889935	143147797	30028	-0.3612
SPICS_p_TCGA_B_314_315_316_NSP_GenomeWideSNP_6_E03_1361576	4	143149694	143160125	3	-2.0963
SPICS_p_TCGA_B_314_315_316_NSP_GenomeWideSNP_6_E03_1361576	4	143161169	169897628	14852	-0.3573
SPICS_p_TCGA_B_314_315_316_NSP_GenomeWideSNP_6_E03_1361576	4	169897959	182384133	6916	-0.3096
SPICS_p_TCGA_B_314_315_316_NSP_GenomeWideSNP_6_E03_1361576	4	182392200	187842528	2243	-0.3403
SPICS_p_TCGA_B_314_315_316_NSP_GenomeWideSNP_6_E03_1361576	5	913983	1288579	59	0.3652
SPICS_p_TCGA_B_314_315_316_NSP_GenomeWideSNP_6_E03_1361576	5	1299214	1987556	134	-0.6189
SPICS_p_TCGA_B_314_315_316_NSP_GenomeWideSNP_6_E03_1361576	5	1992172	2768388	682	0.3369
SPICS_p_TCGA_B_314_315_316_NSP_GenomeWideSNP_6_E03_1361576	5	2770237	2784475	22	0.8819
SPICS_p_TCGA_B_314_315_316_NSP_GenomeWideSNP_6_E03_1361576	5	2787715	3167342	319	0.3478
SPICS_p_TCGA_B_314_315_316_NSP_GenomeWideSNP_6_E03_1361576	5	3170703	6043531	2413	-0.6238
SPICS_p_TCGA_B_314_315_316_NSP_GenomeWideSNP_6_E03_1361576	5	6044957	6091281	38	0.3792
SPICS_p_TCGA_B_314_315_316_NSP_GenomeWideSNP_6_E03_1361576	5	6093588	7148262	887	-0.6186
SPICS_p_TCGA_B_314_315_316_NSP_GenomeWideSNP_6_E03_1361576	5	7163750	7708824	312	0.354
SPICS_p_TCGA_B_314_315_316_NSP_GenomeWideSNP_6_E03_1361576	5	7711511	7758848	36	-0.5336
SPICS_p_TCGA_B_314_315_316_NSP_GenomeWideSNP_6_E03_1361576	5	7758955	7924929	119	0.3349
SPICS_p_TCGA_B_314_315_316_NSP_GenomeWideSNP_6_E03_1361576	5	7930588	7957801	40	-0.6403
SPICS_p_TCGA_B_314_315_316_NSP_GenomeWideSNP_6_E03_1361576	5	7959127	7989558	28	0.2741
SPICS_p_TCGA_B_314_315_316_NSP_GenomeWideSNP_6_E03_1361576	5	7992022	8080936	80	-0.5527
SPICS_p_TCGA_B_314_315_316_NSP_GenomeWideSNP_6_E03_1361576	5	8096321	8109306	13	0.3858
SPICS_p_TCGA_B_314_315_316_NSP_GenomeWideSNP_6_E03_1361576	5	8123381	10299815	1729	-0.6005
SPICS_p_TCGA_B_314_315_316_NSP_GenomeWideSNP_6_E03_1361576	5	10300399	10332452	22	0.3915
SPICS_p_TCGA_B_314_315_316_NSP_GenomeWideSNP_6_E03_1361576	5	10337986	11544486	752	-0.6052
SPICS_p_TCGA_B_314_315_316_NSP_GenomeWideSNP_6_E03_1361576	5	11548262	11611426	52	0.3578
SPICS_p_TCGA_B_314_315_316_NSP_GenomeWideSNP_6_E03_1361576	5	11614447	11640927	24	-0.7029
SPICS_p_TCGA_B_314_315_316_NSP_GenomeWideSNP_6_E03_1361576	5	11641277	11646438	4	0.563
SPICS_p_TCGA_B_314_315_316_NSP_GenomeWideSNP_6_E03_1361576	5	11648152	11892665	182	-0.5621
SPICS_p_TCGA_B_314_315_316_NSP_GenomeWideSNP_6_E03_1361576	5	11893804	13237072	467	0.3213
SPICS_p_TCGA_B_314_315_316_NSP_GenomeWideSNP_6_E03_1361576	5	13238430	15334405	1564	0.2499
SPICS_p_TCGA_B_314_315_316_NSP_GenomeWideSNP_6_E03_1361576	5	15334694	16629706	442	0.3293
SPICS_p_TCGA_B_314_315_316_NSP_GenomeWideSNP_6_E03_1361576	5	16632271	23361904	3337	-0.0839
SPICS_p_TCGA_B_314_315_316_NSP_GenomeWideSNP_6_E03_1361576	5	23364267	23442679	36	0.4454
SPICS_p_TCGA_B_314_315_316_NSP_GenomeWideSNP_6_E03_1361576	5	23444309	23446474	4	-0.3185
SPICS_p_TCGA_B_314_315_316_NSP_GenomeWideSNP_6_E03_1361576	5	23449603	23591346	83	0.3515
SPICS_p_TCGA_B_314_315_316_NSP_GenomeWideSNP_6_E03_1361576	5	23595192	24195136	357	-0.0365
SPICS_p_TCGA_B_314_315_316_NSP_GenomeWideSNP_6_E03_1361576	5	24195471	25599312	656	-0.1667
SPICS_p_TCGA_B_314_315_316_NSP_GenomeWideSNP_6_E03_1361576	5	25599728	25676858	43	0.195
SPICS_p_TCGA_B_314_315_316_NSP_GenomeWideSNP_6_E03_1361576	5	25677282	25746076	40	-0.1548
SPICS_p_TCGA_B_314_315_316_NSP_GenomeWideSNP_6_E03_1361576	5	25748137	26039157	182	0.2349
SPICS_p_TCGA_B_314_315_316_NSP_GenomeWideSNP_6_E03_1361576	5	26041823	27087803	633	-0.1028
SPICS_p_TCGA_B_314_315_316_NSP_GenomeWideSNP_6_E03_1361576	5	27088422	27259325	73	0.3583
SPICS_p_TCGA_B_314_315_316_NSP_GenomeWideSNP_6_E03_1361576	5	27259398	27858209	288	-0.0442
SPICS_p_TCGA_B_314_315_316_NSP_GenomeWideSNP_6_E03_1361576	5	27858470	28477852	346	0.1459
SPICS_p_TCGA_B_314_315_316_NSP_GenomeWideSNP_6_E03_1361576	5	28478457	28979556	217	0.0297
SPICS_p_TCGA_B_314_315_316_NSP_GenomeWideSNP_6_E03_1361576	5	28985964	32861130	2614	-0.0918
SPICS_p_TCGA_B_314_315_316_NSP_GenomeWideSNP_6_E03_1361576	5	32865177	33038118	115	0.317
SPICS_p_TCGA_B_314_315_316_NSP_GenomeWideSNP_6_E03_1361576	5	33038639	34992451	757	-0.0821
SPICS_p_TCGA_B_314_315_316_NSP_GenomeWideSNP_6_E03_1361576	5	34992771	36004041	726	-0.0041
SPICS_p_TCGA_B_314_315_316_NSP_GenomeWideSNP_6_E03_1361576	5	36007824	36044177	24	-0.2209
SPICS_p_TCGA_B_314_315_316_NSP_GenomeWideSNP_6_E03_1361576	5	36047037	36063338	18	0.1612
SPICS_p_TCGA_B_314_315_316_NSP_GenomeWideSNP_6_E03_1361576	5	36064540	36069804	9	-0.1321
SPICS_p_TCGA_B_314_315_316_NSP_GenomeWideSNP_6_E03_1361576	5	36071892	36382505	193	0.3573
SPICS_p_TCGA_B_314_315_316_NSP_GenomeWideSNP_6_E03_1361576	5	36385903	36387709	3	-0.798
SPICS_p_TCGA_B_314_315_316_NSP_GenomeWideSNP_6_E03_1361576	5	36387722	36730609	271	0.3241
SPICS_p_TCGA_B_314_315_316_NSP_GenomeWideSNP_6_E03_1361576	5	36730778	37039176	139	0.6566
SPICS_p_TCGA_B_314_315_316_NSP_GenomeWideSNP_6_E03_1361576	5	37039767	38120326	519	0.4128
SPICS_p_TCGA_B_314_315_316_NSP_GenomeWideSNP_6_E03_1361576	5	38128221	38533756	318	0.08
SPICS_p_TCGA_B_314_315_316_NSP_GenomeWideSNP_6_E03_1361576	5	38536091	39733749	841	-0.0096
SPICS_p_TCGA_B_314_315_316_NSP_GenomeWideSNP_6_E03_1361576	5	39736821	40928901	711	0.1404
SPICS_p_TCGA_B_314_315_316_NSP_GenomeWideSNP_6_E03_1361576	5	40929038	41175101	189	0.494
SPICS_p_TCGA_B_314_315_316_NSP_GenomeWideSNP_6_E03_1361576	5	41175771	42590646	769	0.1297
SPICS_p_TCGA_B_314_315_316_NSP_GenomeWideSNP_6_E03_1361576	5	42599276	42874805	147	0.4226
SPICS_p_TCGA_B_314_315_316_NSP_GenomeWideSNP_6_E03_1361576	5	42877023	135234280	47960	0.1321
SPICS_p_TCGA_B_314_315_316_NSP_GenomeWideSNP_6_E03_1361576	5	135234394	162229875	16992	0.1687
SPICS_p_TCGA_B_314_315_316_NSP_GenomeWideSNP_6_E03_1361576	5	162236664	162270517	28	-0.6448
SPICS_p_TCGA_B_314_315_316_NSP_GenomeWideSNP_6_E03_1361576	5	162274029	175298579	8750	0.1722
SPICS_p_TCGA_B_314_315_316_NSP_GenomeWideSNP_6_E03_1361576	5	175298921	180934240	2498	0.1481
SPICS_p_TCGA_B_314_315_316_NSP_GenomeWideSNP_6_E03_1361576	6	1011760	14236781	9568	0.5733
SPICS_p_TCGA_B_314_315_316_NSP_GenomeWideSNP_6_E03_1361576	6	14243134	21898678	5156	0.4497
SPICS_p_TCGA_B_314_315_316_NSP_GenomeWideSNP_6_E03_1361576	6	21899212	21900862	3	-1.4155
SPICS_p_TCGA_B_314_315_316_NSP_GenomeWideSNP_6_E03_1361576	6	21906968	29404107	4026	0.4688
SPICS_p_TCGA_B_314_315_316_NSP_GenomeWideSNP_6_E03_1361576	6	29404579	37684954	3303	0.4095
SPICS_p_TCGA_B_314_315_316_NSP_GenomeWideSNP_6_E03_1361576	6	37685660	39084419	993	0.4514
SPICS_p_TCGA_B_314_315_316_NSP_GenomeWideSNP_6_E03_1361576	6	39085320	45463000	3902	0.545
SPICS_p_TCGA_B_314_315_316_NSP_GenomeWideSNP_6_E03_1361576	6	45464719	55183542	6045	0.4436
SPICS_p_TCGA_B_314_315_316_NSP_GenomeWideSNP_6_E03_1361576	6	55184235	61596503	1228	0.5795
SPICS_p_TCGA_B_314_315_316_NSP_GenomeWideSNP_6_E03_1361576	6	61596563	65411176	1826	-0.2647
SPICS_p_TCGA_B_314_315_316_NSP_GenomeWideSNP_6_E03_1361576	6	65411191	65464406	58	0.4508
SPICS_p_TCGA_B_314_315_316_NSP_GenomeWideSNP_6_E03_1361576	6	65469205	66128877	408	0.7906
SPICS_p_TCGA_B_314_315_316_NSP_GenomeWideSNP_6_E03_1361576	6	66138080	66196314	40	0.5338
SPICS_p_TCGA_B_314_315_316_NSP_GenomeWideSNP_6_E03_1361576	6	66202173	66529758	144	0.1564
SPICS_p_TCGA_B_314_315_316_NSP_GenomeWideSNP_6_E03_1361576	6	66530205	73548472	4169	-0.2774
SPICS_p_TCGA_B_314_315_316_NSP_GenomeWideSNP_6_E03_1361576	6	73548621	73552092	2	-2.2785
SPICS_p_TCGA_B_314_315_316_NSP_GenomeWideSNP_6_E03_1361576	6	73553188	74831381	789	-0.2707
SPICS_p_TCGA_B_314_315_316_NSP_GenomeWideSNP_6_E03_1361576	6	74834150	74834414	2	-2.0463
SPICS_p_TCGA_B_314_315_316_NSP_GenomeWideSNP_6_E03_1361576	6	74835204	78661494	2106	-0.2729
SPICS_p_TCGA_B_314_315_316_NSP_GenomeWideSNP_6_E03_1361576	6	78664338	78665008	2	-2.7843
SPICS_p_TCGA_B_314_315_316_NSP_GenomeWideSNP_6_E03_1361576	6	78665459	82816570	2222	-0.2742
SPICS_p_TCGA_B_314_315_316_NSP_GenomeWideSNP_6_E03_1361576	6	82858576	84970282	1286	-0.5258
SPICS_p_TCGA_B_314_315_316_NSP_GenomeWideSNP_6_E03_1361576	6	84971052	84986554	22	-1.464
SPICS_p_TCGA_B_314_315_316_NSP_GenomeWideSNP_6_E03_1361576	6	84988197	94564604	5292	-0.5509
SPICS_p_TCGA_B_314_315_316_NSP_GenomeWideSNP_6_E03_1361576	6	94567775	95388284	34	-0.0803
SPICS_p_TCGA_B_314_315_316_NSP_GenomeWideSNP_6_E03_1361576	6	95388756	98786395	1986	-0.5376
SPICS_p_TCGA_B_314_315_316_NSP_GenomeWideSNP_6_E03_1361576	6	98787354	98921185	73	-0.0543
SPICS_p_TCGA_B_314_315_316_NSP_GenomeWideSNP_6_E03_1361576	6	98924095	103456834	2606	-0.5334
SPICS_p_TCGA_B_314_315_316_NSP_GenomeWideSNP_6_E03_1361576	6	103456838	103456867	2	-2.2871
SPICS_p_TCGA_B_314_315_316_NSP_GenomeWideSNP_6_E03_1361576	6	103456881	105441747	1113	-0.562
SPICS_p_TCGA_B_314_315_316_NSP_GenomeWideSNP_6_E03_1361576	6	105442969	105852039	277	-0.2776
SPICS_p_TCGA_B_314_315_316_NSP_GenomeWideSNP_6_E03_1361576	6	105856050	170596889	38626	-0.5575
SPICS_p_TCGA_B_314_315_316_NSP_GenomeWideSNP_6_E03_1361576	7	664936	4058224	1221	0.4894
SPICS_p_TCGA_B_314_315_316_NSP_GenomeWideSNP_6_E03_1361576	7	4059202	4059631	2	-1.6519
SPICS_p_TCGA_B_314_315_316_NSP_GenomeWideSNP_6_E03_1361576	7	4060321	6727754	1084	0.4564
SPICS_p_TCGA_B_314_315_316_NSP_GenomeWideSNP_6_E03_1361576	7	6727908	7115256	14	0.2499
SPICS_p_TCGA_B_314_315_316_NSP_GenomeWideSNP_6_E03_1361576	7	7115269	11318608	2057	0.5503
SPICS_p_TCGA_B_314_315_316_NSP_GenomeWideSNP_6_E03_1361576	7	11324451	11329778	6	-0.6815
SPICS_p_TCGA_B_314_315_316_NSP_GenomeWideSNP_6_E03_1361576	7	11331518	22774930	7194	0.5335
SPICS_p_TCGA_B_314_315_316_NSP_GenomeWideSNP_6_E03_1361576	7	22774966	47813239	16161	0.5008
SPICS_p_TCGA_B_314_315_316_NSP_GenomeWideSNP_6_E03_1361576	7	47813815	51267434	2394	0.5253
SPICS_p_TCGA_B_314_315_316_NSP_GenomeWideSNP_6_E03_1361576	7	51271830	51273048	2	-1.8642
SPICS_p_TCGA_B_314_315_316_NSP_GenomeWideSNP_6_E03_1361576	7	51277358	55934870	3230	0.5092
SPICS_p_TCGA_B_314_315_316_NSP_GenomeWideSNP_6_E03_1361576	7	55938298	67508682	1365	0.428
SPICS_p_TCGA_B_314_315_316_NSP_GenomeWideSNP_6_E03_1361576	7	67508933	70137919	1663	0.5452
SPICS_p_TCGA_B_314_315_316_NSP_GenomeWideSNP_6_E03_1361576	7	70138350	154282603	43071	0.3852
SPICS_p_TCGA_B_314_315_316_NSP_GenomeWideSNP_6_E03_1361576	7	154282833	154284950	2	-2.2165
SPICS_p_TCGA_B_314_315_316_NSP_GenomeWideSNP_6_E03_1361576	7	154290233	158592540	2694	0.3668
SPICS_p_TCGA_B_314_315_316_NSP_GenomeWideSNP_6_E03_1361576	8	667625	667885	3	0.3244
SPICS_p_TCGA_B_314_315_316_NSP_GenomeWideSNP_6_E03_1361576	8	668552	1893047	593	-0.3668
SPICS_p_TCGA_B_314_315_316_NSP_GenomeWideSNP_6_E03_1361576	8	1894199	10883254	4063	-0.2211
SPICS_p_TCGA_B_314_315_316_NSP_GenomeWideSNP_6_E03_1361576	8	10883369	11382253	359	-0.4023
SPICS_p_TCGA_B_314_315_316_NSP_GenomeWideSNP_6_E03_1361576	8	11382378	16984298	3362	-0.1954
SPICS_p_TCGA_B_314_315_316_NSP_GenomeWideSNP_6_E03_1361576	8	16984640	17769998	640	-0.3709
SPICS_p_TCGA_B_314_315_316_NSP_GenomeWideSNP_6_E03_1361576	8	17771565	18635317	774	-0.2049
SPICS_p_TCGA_B_314_315_316_NSP_GenomeWideSNP_6_E03_1361576	8	18641861	19219421	491	-0.3636
SPICS_p_TCGA_B_314_315_316_NSP_GenomeWideSNP_6_E03_1361576	8	19219916	20983341	1430	-0.5575
SPICS_p_TCGA_B_314_315_316_NSP_GenomeWideSNP_6_E03_1361576	8	20986302	20989512	3	1.8134
SPICS_p_TCGA_B_314_315_316_NSP_GenomeWideSNP_6_E03_1361576	8	20989821	30548481	6353	-0.5394
SPICS_p_TCGA_B_314_315_316_NSP_GenomeWideSNP_6_E03_1361576	8	30549466	34031975	2186	-0.3118
SPICS_p_TCGA_B_314_315_316_NSP_GenomeWideSNP_6_E03_1361576	8	34034081	34608027	339	-0.1169
SPICS_p_TCGA_B_314_315_316_NSP_GenomeWideSNP_6_E03_1361576	8	34627036	34806969	118	-0.2758
SPICS_p_TCGA_B_314_315_316_NSP_GenomeWideSNP_6_E03_1361576	8	34807305	35578518	343	-0.0465
SPICS_p_TCGA_B_314_315_316_NSP_GenomeWideSNP_6_E03_1361576	8	35578687	35907588	178	-0.2405
SPICS_p_TCGA_B_314_315_316_NSP_GenomeWideSNP_6_E03_1361576	8	35909255	41192561	2807	-0.3535
SPICS_p_TCGA_B_314_315_316_NSP_GenomeWideSNP_6_E03_1361576	8	41196737	42423912	815	-0.2398
SPICS_p_TCGA_B_314_315_316_NSP_GenomeWideSNP_6_E03_1361576	8	42426876	55586546	5252	0.0859
SPICS_p_TCGA_B_314_315_316_NSP_GenomeWideSNP_6_E03_1361576	8	55586780	77938938	13218	0.1679
SPICS_p_TCGA_B_314_315_316_NSP_GenomeWideSNP_6_E03_1361576	8	77948428	83289185	2887	0.2164
SPICS_p_TCGA_B_314_315_316_NSP_GenomeWideSNP_6_E03_1361576	8	83290256	140299948	35396	0.283
SPICS_p_TCGA_B_314_315_316_NSP_GenomeWideSNP_6_E03_1361576	8	140300003	144182542	726	0.2202
SPICS_p_TCGA_B_314_315_316_NSP_GenomeWideSNP_6_E03_1361576	9	789794	2852747	1437	-0.6415
SPICS_p_TCGA_B_314_315_316_NSP_GenomeWideSNP_6_E03_1361576	9	2853103	25062149	14247	-0.5558
SPICS_p_TCGA_B_314_315_316_NSP_GenomeWideSNP_6_E03_1361576	9	25062646	68435563	7972	-0.4361
SPICS_p_TCGA_B_314_315_316_NSP_GenomeWideSNP_6_E03_1361576	9	68435779	77633881	6538	-0.3304
SPICS_p_TCGA_B_314_315_316_NSP_GenomeWideSNP_6_E03_1361576	9	77635954	80456064	1952	-0.042
SPICS_p_TCGA_B_314_315_316_NSP_GenomeWideSNP_6_E03_1361576	9	80457292	80457542	2	-1.9832
SPICS_p_TCGA_B_314_315_316_NSP_GenomeWideSNP_6_E03_1361576	9	80457929	87436476	4805	-0.0455
SPICS_p_TCGA_B_314_315_316_NSP_GenomeWideSNP_6_E03_1361576	9	87437210	87558607	125	-0.4292
SPICS_p_TCGA_B_314_315_316_NSP_GenomeWideSNP_6_E03_1361576	9	87558735	124007296	24303	-0.3474
SPICS_p_TCGA_B_314_315_316_NSP_GenomeWideSNP_6_E03_1361576	9	124007971	138044505	7243	-0.4008
SPICS_p_TCGA_B_314_315_316_NSP_GenomeWideSNP_6_E03_1361576	10	366509	11429600	7968	-0.2163
SPICS_p_TCGA_B_314_315_316_NSP_GenomeWideSNP_6_E03_1361576	10	11430814	11431050	2	-2.0883
SPICS_p_TCGA_B_314_315_316_NSP_GenomeWideSNP_6_E03_1361576	10	11431259	19480722	5972	-0.2232
SPICS_p_TCGA_B_314_315_316_NSP_GenomeWideSNP_6_E03_1361576	10	19481744	19611885	100	-0.1043
SPICS_p_TCGA_B_314_315_316_NSP_GenomeWideSNP_6_E03_1361576	10	19612084	26084475	4248	-0.1963
SPICS_p_TCGA_B_314_315_316_NSP_GenomeWideSNP_6_E03_1361576	10	26090124	42452522	8075	-0.1202
SPICS_p_TCGA_B_314_315_316_NSP_GenomeWideSNP_6_E03_1361576	10	42457632	133411599	55143	-0.2743
SPICS_p_TCGA_B_314_315_316_NSP_GenomeWideSNP_6_E03_1361576	11	456012	56244856	30798	0.1205
SPICS_p_TCGA_B_314_315_316_NSP_GenomeWideSNP_6_E03_1361576	11	56246322	66039197	4548	-0.5439
SPICS_p_TCGA_B_314_315_316_NSP_GenomeWideSNP_6_E03_1361576	11	66040996	66582642	225	0.709
SPICS_p_TCGA_B_314_315_316_NSP_GenomeWideSNP_6_E03_1361576	11	66584269	66595411	2	-2.1493
SPICS_p_TCGA_B_314_315_316_NSP_GenomeWideSNP_6_E03_1361576	11	66601587	70354796	1582	0.7077
SPICS_p_TCGA_B_314_315_316_NSP_GenomeWideSNP_6_E03_1361576	11	70360478	72663860	1151	0.5501
SPICS_p_TCGA_B_314_315_316_NSP_GenomeWideSNP_6_E03_1361576	11	72664282	73934993	582	0.7559
SPICS_p_TCGA_B_314_315_316_NSP_GenomeWideSNP_6_E03_1361576	11	73939114	74557776	354	0.9126
SPICS_p_TCGA_B_314_315_316_NSP_GenomeWideSNP_6_E03_1361576	11	74558585	75279610	390	0.7755
SPICS_p_TCGA_B_314_315_316_NSP_GenomeWideSNP_6_E03_1361576	11	75280652	75842144	353	1.3478
SPICS_p_TCGA_B_314_315_316_NSP_GenomeWideSNP_6_E03_1361576	11	75843035	75944196	40	1.2004
SPICS_p_TCGA_B_314_315_316_NSP_GenomeWideSNP_6_E03_1361576	11	75944394	76493589	270	1.0007
SPICS_p_TCGA_B_314_315_316_NSP_GenomeWideSNP_6_E03_1361576	11	76494322	76728024	157	1.2047
SPICS_p_TCGA_B_314_315_316_NSP_GenomeWideSNP_6_E03_1361576	11	76728063	77955441	604	1.4186
SPICS_p_TCGA_B_314_315_316_NSP_GenomeWideSNP_6_E03_1361576	11	77956119	78519159	316	1.9041
SPICS_p_TCGA_B_314_315_316_NSP_GenomeWideSNP_6_E03_1361576	11	78519589	78556412	19	2.7459
SPICS_p_TCGA_B_314_315_316_NSP_GenomeWideSNP_6_E03_1361576	11	78557012	78717436	110	1.6475
SPICS_p_TCGA_B_314_315_316_NSP_GenomeWideSNP_6_E03_1361576	11	78717773	78840177	115	1.514
SPICS_p_TCGA_B_314_315_316_NSP_GenomeWideSNP_6_E03_1361576	11	78840203	80072857	990	1.3812
SPICS_p_TCGA_B_314_315_316_NSP_GenomeWideSNP_6_E03_1361576	11	80074417	80274240	151	1.5298
SPICS_p_TCGA_B_314_315_316_NSP_GenomeWideSNP_6_E03_1361576	11	80274597	80796421	406	1.2635
SPICS_p_TCGA_B_314_315_316_NSP_GenomeWideSNP_6_E03_1361576	11	80796615	81118831	241	1.4258
SPICS_p_TCGA_B_314_315_316_NSP_GenomeWideSNP_6_E03_1361576	11	81119005	81238307	84	1.5102
SPICS_p_TCGA_B_314_315_316_NSP_GenomeWideSNP_6_E03_1361576	11	81240536	81423812	103	1.7972
SPICS_p_TCGA_B_314_315_316_NSP_GenomeWideSNP_6_E03_1361576	11	81424303	81770784	235	1.5781
SPICS_p_TCGA_B_314_315_316_NSP_GenomeWideSNP_6_E03_1361576	11	81773706	81837716	46	2.0432
SPICS_p_TCGA_B_314_315_316_NSP_GenomeWideSNP_6_E03_1361576	11	81864971	82168181	194	1.0537
SPICS_p_TCGA_B_314_315_316_NSP_GenomeWideSNP_6_E03_1361576	11	82169249	82672396	256	1.3481
SPICS_p_TCGA_B_314_315_316_NSP_GenomeWideSNP_6_E03_1361576	11	82674676	82944162	162	0.9506
SPICS_p_TCGA_B_314_315_316_NSP_GenomeWideSNP_6_E03_1361576	11	82946179	83278342	195	1.3653
SPICS_p_TCGA_B_314_315_316_NSP_GenomeWideSNP_6_E03_1361576	11	83284472	83556942	145	0.8979
SPICS_p_TCGA_B_314_315_316_NSP_GenomeWideSNP_6_E03_1361576	11	83557040	83738817	127	1.2151
SPICS_p_TCGA_B_314_315_316_NSP_GenomeWideSNP_6_E03_1361576	11	83739699	83779930	22	0.8085
SPICS_p_TCGA_B_314_315_316_NSP_GenomeWideSNP_6_E03_1361576	11	83780452	84322892	358	1.0012
SPICS_p_TCGA_B_314_315_316_NSP_GenomeWideSNP_6_E03_1361576	11	84328516	84686892	136	0.8292
SPICS_p_TCGA_B_314_315_316_NSP_GenomeWideSNP_6_E03_1361576	11	84688743	84922621	101	0.4295
SPICS_p_TCGA_B_314_315_316_NSP_GenomeWideSNP_6_E03_1361576	11	84923638	85360747	274	0.6119
SPICS_p_TCGA_B_314_315_316_NSP_GenomeWideSNP_6_E03_1361576	11	85363226	88531727	2058	-0.542
SPICS_p_TCGA_B_314_315_316_NSP_GenomeWideSNP_6_E03_1361576	11	88541320	89218164	418	1.2007
SPICS_p_TCGA_B_314_315_316_NSP_GenomeWideSNP_6_E03_1361576	11	89218503	90098873	249	-0.4217
SPICS_p_TCGA_B_314_315_316_NSP_GenomeWideSNP_6_E03_1361576	11	90098900	90117678	14	0.0246
SPICS_p_TCGA_B_314_315_316_NSP_GenomeWideSNP_6_E03_1361576	11	90124386	90215929	49	0.3497
SPICS_p_TCGA_B_314_315_316_NSP_GenomeWideSNP_6_E03_1361576	11	90216108	90624410	275	0.0435
SPICS_p_TCGA_B_314_315_316_NSP_GenomeWideSNP_6_E03_1361576	11	90625305	91184673	373	-0.466
SPICS_p_TCGA_B_314_315_316_NSP_GenomeWideSNP_6_E03_1361576	11	91185172	94697835	2039	-0.5445
SPICS_p_TCGA_B_314_315_316_NSP_GenomeWideSNP_6_E03_1361576	11	94698210	97127788	1707	-0.4683
SPICS_p_TCGA_B_314_315_316_NSP_GenomeWideSNP_6_E03_1361576	11	97134790	97713580	353	0.73
SPICS_p_TCGA_B_314_315_316_NSP_GenomeWideSNP_6_E03_1361576	11	97713765	100662290	1982	-0.5314
SPICS_p_TCGA_B_314_315_316_NSP_GenomeWideSNP_6_E03_1361576	11	100662891	100758417	61	0.8753
SPICS_p_TCGA_B_314_315_316_NSP_GenomeWideSNP_6_E03_1361576	11	100762933	101032263	248	1.9116
SPICS_p_TCGA_B_314_315_316_NSP_GenomeWideSNP_6_E03_1361576	11	101037939	101668677	591	2.1025
SPICS_p_TCGA_B_314_315_316_NSP_GenomeWideSNP_6_E03_1361576	11	101668744	101715071	26	1.7144
SPICS_p_TCGA_B_314_315_316_NSP_GenomeWideSNP_6_E03_1361576	11	101715759	102758967	531	2.2271
SPICS_p_TCGA_B_314_315_316_NSP_GenomeWideSNP_6_E03_1361576	11	102759214	103112894	259	2.4896
SPICS_p_TCGA_B_314_315_316_NSP_GenomeWideSNP_6_E03_1361576	11	103120500	103447622	205	1.2734
SPICS_p_TCGA_B_314_315_316_NSP_GenomeWideSNP_6_E03_1361576	11	103447712	103948605	188	1.0504
SPICS_p_TCGA_B_314_315_316_NSP_GenomeWideSNP_6_E03_1361576	11	103948828	103969054	23	1.2511
SPICS_p_TCGA_B_314_315_316_NSP_GenomeWideSNP_6_E03_1361576	11	103969328	104158149	181	0.9215
SPICS_p_TCGA_B_314_315_316_NSP_GenomeWideSNP_6_E03_1361576	11	104162175	104580387	265	0.7382
SPICS_p_TCGA_B_314_315_316_NSP_GenomeWideSNP_6_E03_1361576	11	104589618	104648316	27	0.9326
SPICS_p_TCGA_B_314_315_316_NSP_GenomeWideSNP_6_E03_1361576	11	104789903	104837504	26	0.5594
SPICS_p_TCGA_B_314_315_316_NSP_GenomeWideSNP_6_E03_1361576	11	104838339	112843575	4839	-0.5428
SPICS_p_TCGA_B_314_315_316_NSP_GenomeWideSNP_6_E03_1361576	11	112843610	113181795	231	-0.3745
SPICS_p_TCGA_B_314_315_316_NSP_GenomeWideSNP_6_E03_1361576	11	113187371	134272740	14733	-0.577
SPICS_p_TCGA_B_314_315_316_NSP_GenomeWideSNP_6_E03_1361576	12	780472	17329689	9508	-0.0992
SPICS_p_TCGA_B_314_315_316_NSP_GenomeWideSNP_6_E03_1361576	12	17331248	27853762	6724	0.0545
SPICS_p_TCGA_B_314_315_316_NSP_GenomeWideSNP_6_E03_1361576	12	27856966	38850359	3563	0.1387
SPICS_p_TCGA_B_314_315_316_NSP_GenomeWideSNP_6_E03_1361576	12	38851054	40515915	919	0.4275
SPICS_p_TCGA_B_314_315_316_NSP_GenomeWideSNP_6_E03_1361576	12	40518321	40972353	328	0.5889
SPICS_p_TCGA_B_314_315_316_NSP_GenomeWideSNP_6_E03_1361576	12	40972779	41591359	475	0.4382
SPICS_p_TCGA_B_314_315_316_NSP_GenomeWideSNP_6_E03_1361576	12	41591630	41841984	150	0.2917
SPICS_p_TCGA_B_314_315_316_NSP_GenomeWideSNP_6_E03_1361576	12	41843577	41971283	96	0.1936
SPICS_p_TCGA_B_314_315_316_NSP_GenomeWideSNP_6_E03_1361576	12	41972019	46583132	2316	-0.065
SPICS_p_TCGA_B_314_315_316_NSP_GenomeWideSNP_6_E03_1361576	12	46590587	46595038	3	-1.3035
SPICS_p_TCGA_B_314_315_316_NSP_GenomeWideSNP_6_E03_1361576	12	46599999	49278956	1473	-0.0826
SPICS_p_TCGA_B_314_315_316_NSP_GenomeWideSNP_6_E03_1361576	12	49279721	49859086	232	0.1094
SPICS_p_TCGA_B_314_315_316_NSP_GenomeWideSNP_6_E03_1361576	12	49859132	54360222	2373	-0.0405
SPICS_p_TCGA_B_314_315_316_NSP_GenomeWideSNP_6_E03_1361576	12	54360434	62145778	4512	0.103
SPICS_p_TCGA_B_314_315_316_NSP_GenomeWideSNP_6_E03_1361576	12	62146588	71572916	6022	8e-04
SPICS_p_TCGA_B_314_315_316_NSP_GenomeWideSNP_6_E03_1361576	12	71573056	80123342	5140	-0.0944
SPICS_p_TCGA_B_314_315_316_NSP_GenomeWideSNP_6_E03_1361576	12	80127835	83584237	2110	0.0744
SPICS_p_TCGA_B_314_315_316_NSP_GenomeWideSNP_6_E03_1361576	12	83597880	83600114	2	-1.577
SPICS_p_TCGA_B_314_315_316_NSP_GenomeWideSNP_6_E03_1361576	12	83602348	86756694	1746	0.0571
SPICS_p_TCGA_B_314_315_316_NSP_GenomeWideSNP_6_E03_1361576	12	86757053	103950892	10892	-0.015
SPICS_p_TCGA_B_314_315_316_NSP_GenomeWideSNP_6_E03_1361576	12	103958300	109684452	3770	0.0976
SPICS_p_TCGA_B_314_315_316_NSP_GenomeWideSNP_6_E03_1361576	12	109684521	109685673	2	-1.7386
SPICS_p_TCGA_B_314_315_316_NSP_GenomeWideSNP_6_E03_1361576	12	109686454	116680299	4126	0.0799
SPICS_p_TCGA_B_314_315_316_NSP_GenomeWideSNP_6_E03_1361576	12	116681996	132605822	8061	0.0094
SPICS_p_TCGA_B_314_315_316_NSP_GenomeWideSNP_6_E03_1361576	13	18874255	26882631	4363	0.3419
SPICS_p_TCGA_B_314_315_316_NSP_GenomeWideSNP_6_E03_1361576	13	26883239	28778355	1400	0.4015
SPICS_p_TCGA_B_314_315_316_NSP_GenomeWideSNP_6_E03_1361576	13	28780590	32813361	2768	0.3357
SPICS_p_TCGA_B_314_315_316_NSP_GenomeWideSNP_6_E03_1361576	13	32815113	33637334	587	0.4239
SPICS_p_TCGA_B_314_315_316_NSP_GenomeWideSNP_6_E03_1361576	13	33637643	36224106	1779	0.3342
SPICS_p_TCGA_B_314_315_316_NSP_GenomeWideSNP_6_E03_1361576	13	36227076	61783493	14350	0.2462
SPICS_p_TCGA_B_314_315_316_NSP_GenomeWideSNP_6_E03_1361576	13	61783647	70022777	3817	0.1386
SPICS_p_TCGA_B_314_315_316_NSP_GenomeWideSNP_6_E03_1361576	13	70023498	92301475	13637	0.1907
SPICS_p_TCGA_B_314_315_316_NSP_GenomeWideSNP_6_E03_1361576	13	92301552	114226675	14445	0.1021
SPICS_p_TCGA_B_314_315_316_NSP_GenomeWideSNP_6_E03_1361576	14	20033191	36147537	8740	0.1559
SPICS_p_TCGA_B_314_315_316_NSP_GenomeWideSNP_6_E03_1361576	14	36153858	70069403	19262	0.083
SPICS_p_TCGA_B_314_315_316_NSP_GenomeWideSNP_6_E03_1361576	14	70070878	73915286	2372	0.1642
SPICS_p_TCGA_B_314_315_316_NSP_GenomeWideSNP_6_E03_1361576	14	73919494	73920325	2	-2.3034
SPICS_p_TCGA_B_314_315_316_NSP_GenomeWideSNP_6_E03_1361576	14	73924660	81229366	4779	0.1688
SPICS_p_TCGA_B_314_315_316_NSP_GenomeWideSNP_6_E03_1361576	14	81229657	81238424	3	-2.0288
SPICS_p_TCGA_B_314_315_316_NSP_GenomeWideSNP_6_E03_1361576	14	81238443	105533894	14712	0.1232
SPICS_p_TCGA_B_314_315_316_NSP_GenomeWideSNP_6_E03_1361576	15	23437561	24556575	477	-0.0122
SPICS_p_TCGA_B_314_315_316_NSP_GenomeWideSNP_6_E03_1361576	15	24556648	25615964	643	-0.4763
SPICS_p_TCGA_B_314_315_316_NSP_GenomeWideSNP_6_E03_1361576	15	25616471	25620883	4	0.2738
SPICS_p_TCGA_B_314_315_316_NSP_GenomeWideSNP_6_E03_1361576	15	25621239	25893404	237	-0.1608
SPICS_p_TCGA_B_314_315_316_NSP_GenomeWideSNP_6_E03_1361576	15	25899029	27034231	731	0.1105
SPICS_p_TCGA_B_314_315_316_NSP_GenomeWideSNP_6_E03_1361576	15	27034297	27156701	92	0.4018
SPICS_p_TCGA_B_314_315_316_NSP_GenomeWideSNP_6_E03_1361576	15	27156760	28250353	554	0.1227
SPICS_p_TCGA_B_314_315_316_NSP_GenomeWideSNP_6_E03_1361576	15	28300781	32639897	568	-0.4662
SPICS_p_TCGA_B_314_315_316_NSP_GenomeWideSNP_6_E03_1361576	15	32640618	32929590	270	0.0755
SPICS_p_TCGA_B_314_315_316_NSP_GenomeWideSNP_6_E03_1361576	15	32937141	33111705	137	-0.4069
SPICS_p_TCGA_B_314_315_316_NSP_GenomeWideSNP_6_E03_1361576	15	33114312	33922016	744	-0.0293
SPICS_p_TCGA_B_314_315_316_NSP_GenomeWideSNP_6_E03_1361576	15	33922146	35302367	703	0.0942
SPICS_p_TCGA_B_314_315_316_NSP_GenomeWideSNP_6_E03_1361576	15	35306602	37922091	1788	-0.3715
SPICS_p_TCGA_B_314_315_316_NSP_GenomeWideSNP_6_E03_1361576	15	37924836	38290489	208	-1.1327
SPICS_p_TCGA_B_314_315_316_NSP_GenomeWideSNP_6_E03_1361576	15	38295811	40268978	1386	-0.3988
SPICS_p_TCGA_B_314_315_316_NSP_GenomeWideSNP_6_E03_1361576	15	40274714	40343303	29	0.1276
SPICS_p_TCGA_B_314_315_316_NSP_GenomeWideSNP_6_E03_1361576	15	40350817	40652903	158	-0.4282
SPICS_p_TCGA_B_314_315_316_NSP_GenomeWideSNP_6_E03_1361576	15	40656701	41785266	484	-0.0819
SPICS_p_TCGA_B_314_315_316_NSP_GenomeWideSNP_6_E03_1361576	15	41788335	41789024	3	-2.1442
SPICS_p_TCGA_B_314_315_316_NSP_GenomeWideSNP_6_E03_1361576	15	41791388	47445866	2850	-0.0617
SPICS_p_TCGA_B_314_315_316_NSP_GenomeWideSNP_6_E03_1361576	15	47445893	58401821	6955	-0.0159
SPICS_p_TCGA_B_314_315_316_NSP_GenomeWideSNP_6_E03_1361576	15	58402414	60529060	1437	-0.0516
SPICS_p_TCGA_B_314_315_316_NSP_GenomeWideSNP_6_E03_1361576	15	60529742	61498961	877	0.0669
SPICS_p_TCGA_B_314_315_316_NSP_GenomeWideSNP_6_E03_1361576	15	61498979	64129399	1880	-0.0541
SPICS_p_TCGA_B_314_315_316_NSP_GenomeWideSNP_6_E03_1361576	15	64130492	64235766	44	-0.4026
SPICS_p_TCGA_B_314_315_316_NSP_GenomeWideSNP_6_E03_1361576	15	64237819	90978150	15160	-0.0422
SPICS_p_TCGA_B_314_315_316_NSP_GenomeWideSNP_6_E03_1361576	15	90979104	91561108	378	0.2358
SPICS_p_TCGA_B_314_315_316_NSP_GenomeWideSNP_6_E03_1361576	15	91563150	97441089	3852	-0.0085
SPICS_p_TCGA_B_314_315_316_NSP_GenomeWideSNP_6_E03_1361576	15	97441714	98368760	699	0.0847
SPICS_p_TCGA_B_314_315_316_NSP_GenomeWideSNP_6_E03_1361576	15	98368802	101344124	1544	0.0031
SPICS_p_TCGA_B_314_315_316_NSP_GenomeWideSNP_6_E03_1361576	16	603333	18809869	8275	0.1414
SPICS_p_TCGA_B_314_315_316_NSP_GenomeWideSNP_6_E03_1361576	16	18811068	22773239	1414	-0.0034
SPICS_p_TCGA_B_314_315_316_NSP_GenomeWideSNP_6_E03_1361576	16	22773883	31816059	4397	-0.1288
SPICS_p_TCGA_B_314_315_316_NSP_GenomeWideSNP_6_E03_1361576	16	31817777	56535076	6748	-0.0118
SPICS_p_TCGA_B_314_315_316_NSP_GenomeWideSNP_6_E03_1361576	16	56535278	56538461	2	-2.1059
SPICS_p_TCGA_B_314_315_316_NSP_GenomeWideSNP_6_E03_1361576	16	56542758	58958588	1451	-0.0449
SPICS_p_TCGA_B_314_315_316_NSP_GenomeWideSNP_6_E03_1361576	16	58959953	66423204	4959	0.0124
SPICS_p_TCGA_B_314_315_316_NSP_GenomeWideSNP_6_E03_1361576	16	66423593	71981265	2316	-0.043
SPICS_p_TCGA_B_314_315_316_NSP_GenomeWideSNP_6_E03_1361576	16	71981507	81951990	7299	0.003
SPICS_p_TCGA_B_314_315_316_NSP_GenomeWideSNP_6_E03_1361576	16	81952602	81960369	8	-0.6224
SPICS_p_TCGA_B_314_315_316_NSP_GenomeWideSNP_6_E03_1361576	16	81960786	82253568	225	0.4382
SPICS_p_TCGA_B_314_315_316_NSP_GenomeWideSNP_6_E03_1361576	16	82255876	89317317	4213	-0.0254
SPICS_p_TCGA_B_314_315_316_NSP_GenomeWideSNP_6_E03_1361576	17	1074619	21402080	9796	-0.0202
SPICS_p_TCGA_B_314_315_316_NSP_GenomeWideSNP_6_E03_1361576	17	21403258	52799218	11522	-0.0858
SPICS_p_TCGA_B_314_315_316_NSP_GenomeWideSNP_6_E03_1361576	17	52799902	56152581	2069	-0.0258
SPICS_p_TCGA_B_314_315_316_NSP_GenomeWideSNP_6_E03_1361576	17	56152594	63679513	4009	-0.0788
SPICS_p_TCGA_B_314_315_316_NSP_GenomeWideSNP_6_E03_1361576	17	63685575	82959812	9996	-0.0275
SPICS_p_TCGA_B_314_315_316_NSP_GenomeWideSNP_6_E03_1361576	18	326691	6831097	3200	0.3101
SPICS_p_TCGA_B_314_315_316_NSP_GenomeWideSNP_6_E03_1361576	18	6831231	13145704	4393	0.2292
SPICS_p_TCGA_B_314_315_316_NSP_GenomeWideSNP_6_E03_1361576	18	13149062	14653029	701	0.272
SPICS_p_TCGA_B_314_315_316_NSP_GenomeWideSNP_6_E03_1361576	18	14656199	31183358	6032	0.1454
SPICS_p_TCGA_B_314_315_316_NSP_GenomeWideSNP_6_E03_1361576	18	31183765	41294986	6216	0.316
SPICS_p_TCGA_B_314_315_316_NSP_GenomeWideSNP_6_E03_1361576	18	41295008	79349796	22503	0.2357
SPICS_p_TCGA_B_314_315_316_NSP_GenomeWideSNP_6_E03_1361576	19	283868	4929461	1094	0.058
SPICS_p_TCGA_B_314_315_316_NSP_GenomeWideSNP_6_E03_1361576	19	4929703	9985394	2250	0.2417
SPICS_p_TCGA_B_314_315_316_NSP_GenomeWideSNP_6_E03_1361576	19	9988362	9988492	2	-2.0189
SPICS_p_TCGA_B_314_315_316_NSP_GenomeWideSNP_6_E03_1361576	19	9989234	22028887	4909	0.2396
SPICS_p_TCGA_B_314_315_316_NSP_GenomeWideSNP_6_E03_1361576	19	22032191	33737833	5128	0.1155
SPICS_p_TCGA_B_314_315_316_NSP_GenomeWideSNP_6_E03_1361576	19	33738475	35099016	853	0.284
SPICS_p_TCGA_B_314_315_316_NSP_GenomeWideSNP_6_E03_1361576	19	35099138	58370362	10032	0.0722
SPICS_p_TCGA_B_314_315_316_NSP_GenomeWideSNP_6_E03_1361576	20	472817	22391033	14797	0.1332
SPICS_p_TCGA_B_314_315_316_NSP_GenomeWideSNP_6_E03_1361576	20	22391591	25190151	1811	0.2192
SPICS_p_TCGA_B_314_315_316_NSP_GenomeWideSNP_6_E03_1361576	20	25190195	31258478	399	0.1378
SPICS_p_TCGA_B_314_315_316_NSP_GenomeWideSNP_6_E03_1361576	20	31258500	63588502	20659	0.325
SPICS_p_TCGA_B_314_315_316_NSP_GenomeWideSNP_6_E03_1361576	21	13974127	16576849	1604	0.0453
SPICS_p_TCGA_B_314_315_316_NSP_GenomeWideSNP_6_E03_1361576	21	16580241	26700544	6387	-0.0557
SPICS_p_TCGA_B_314_315_316_NSP_GenomeWideSNP_6_E03_1361576	21	26700597	28765352	1501	0.0192
SPICS_p_TCGA_B_314_315_316_NSP_GenomeWideSNP_6_E03_1361576	21	28765594	39946723	7533	-0.0852
SPICS_p_TCGA_B_314_315_316_NSP_GenomeWideSNP_6_E03_1361576	21	39947014	39952095	2	-1.8087
SPICS_p_TCGA_B_314_315_316_NSP_GenomeWideSNP_6_E03_1361576	21	39952176	46262057	3792	-0.107
SPICS_p_TCGA_B_314_315_316_NSP_GenomeWideSNP_6_E03_1361576	22	16934932	23474201	869	0.1001
SPICS_p_TCGA_B_314_315_316_NSP_GenomeWideSNP_6_E03_1361576	22	23474241	28669552	3450	0.0093
SPICS_p_TCGA_B_314_315_316_NSP_GenomeWideSNP_6_E03_1361576	22	28673885	28680160	2	-1.874
SPICS_p_TCGA_B_314_315_316_NSP_GenomeWideSNP_6_E03_1361576	22	28682503	30876480	1266	0.0134
SPICS_p_TCGA_B_314_315_316_NSP_GenomeWideSNP_6_E03_1361576	22	30877297	37792064	4700	0.2029
SPICS_p_TCGA_B_314_315_316_NSP_GenomeWideSNP_6_E03_1361576	22	37793951	42179574	2107	-0.008
SPICS_p_TCGA_B_314_315_316_NSP_GenomeWideSNP_6_E03_1361576	22	42180465	42182192	2	-2.4945
SPICS_p_TCGA_B_314_315_316_NSP_GenomeWideSNP_6_E03_1361576	22	42182590	48940621	4723	0.0018
SPICS_p_TCGA_B_314_315_316_NSP_GenomeWideSNP_6_E03_1361576	X	3236359	32926232	13895	-0.141
SPICS_p_TCGA_B_314_315_316_NSP_GenomeWideSNP_6_E03_1361576	X	32928180	34716541	67	0.1089
SPICS_p_TCGA_B_314_315_316_NSP_GenomeWideSNP_6_E03_1361576	X	34718605	36391893	969	0.2446
SPICS_p_TCGA_B_314_315_316_NSP_GenomeWideSNP_6_E03_1361576	X	36394297	39050194	1126	0.1105
SPICS_p_TCGA_B_314_315_316_NSP_GenomeWideSNP_6_E03_1361576	X	39050889	43868761	2206	-0.0177
SPICS_p_TCGA_B_314_315_316_NSP_GenomeWideSNP_6_E03_1361576	X	43868969	44429232	328	0.1668
SPICS_p_TCGA_B_314_315_316_NSP_GenomeWideSNP_6_E03_1361576	X	44429266	45061586	289	-0.0682
SPICS_p_TCGA_B_314_315_316_NSP_GenomeWideSNP_6_E03_1361576	X	45062668	46139015	552	0.2558
SPICS_p_TCGA_B_314_315_316_NSP_GenomeWideSNP_6_E03_1361576	X	46139391	66204446	5776	-0.0028
SPICS_p_TCGA_B_314_315_316_NSP_GenomeWideSNP_6_E03_1361576	X	66204699	67412795	469	0.0959
SPICS_p_TCGA_B_314_315_316_NSP_GenomeWideSNP_6_E03_1361576	X	67414734	69473517	982	0.2922
SPICS_p_TCGA_B_314_315_316_NSP_GenomeWideSNP_6_E03_1361576	X	69475311	84675594	5836	0.0017
SPICS_p_TCGA_B_314_315_316_NSP_GenomeWideSNP_6_E03_1361576	X	85369470	93603007	3374	0.2267
SPICS_p_TCGA_B_314_315_316_NSP_GenomeWideSNP_6_E03_1361576	X	93603142	93918365	184	0.4342
SPICS_p_TCGA_B_314_315_316_NSP_GenomeWideSNP_6_E03_1361576	X	93920056	97101462	1038	0.0101
SPICS_p_TCGA_B_314_315_316_NSP_GenomeWideSNP_6_E03_1361576	X	97102340	97103918	3	-2.103
SPICS_p_TCGA_B_314_315_316_NSP_GenomeWideSNP_6_E03_1361576	X	97105634	99642165	1344	0.0203
SPICS_p_TCGA_B_314_315_316_NSP_GenomeWideSNP_6_E03_1361576	X	99643334	103327684	1732	-0.2059
SPICS_p_TCGA_B_314_315_316_NSP_GenomeWideSNP_6_E03_1361576	X	103328938	153447695	23670	0.0324
SPICS_p_TCGA_B_314_315_316_NSP_GenomeWideSNP_6_E03_1361576	X	153448214	155677414	394	-0.0647
