Sample	Chromosome	Start	End	Num_Probes	Segment_Mean
APRES_p_TCGAb_414_15_16_17_NSP_GenomeWideSNP_6_F01_1486204	1	3301765	3830146	276	-0.0087
APRES_p_TCGAb_414_15_16_17_NSP_GenomeWideSNP_6_F01_1486204	1	3830313	3831039	2	-1.359
APRES_p_TCGAb_414_15_16_17_NSP_GenomeWideSNP_6_F01_1486204	1	3835365	60793564	31805	0.0306
APRES_p_TCGAb_414_15_16_17_NSP_GenomeWideSNP_6_F01_1486204	1	60794771	72483607	7640	0.0587
APRES_p_TCGAb_414_15_16_17_NSP_GenomeWideSNP_6_F01_1486204	1	72483917	79381551	3888	0.0318
APRES_p_TCGAb_414_15_16_17_NSP_GenomeWideSNP_6_F01_1486204	1	79382155	82804287	2194	-0.0114
APRES_p_TCGAb_414_15_16_17_NSP_GenomeWideSNP_6_F01_1486204	1	82817840	85514249	1781	0.0596
APRES_p_TCGAb_414_15_16_17_NSP_GenomeWideSNP_6_F01_1486204	1	85514667	85537483	11	0.66
APRES_p_TCGAb_414_15_16_17_NSP_GenomeWideSNP_6_F01_1486204	1	85540326	90232006	3003	0.0397
APRES_p_TCGAb_414_15_16_17_NSP_GenomeWideSNP_6_F01_1486204	1	90252822	90253392	2	-1.3837
APRES_p_TCGAb_414_15_16_17_NSP_GenomeWideSNP_6_F01_1486204	1	90254067	105579762	8787	0.0395
APRES_p_TCGAb_414_15_16_17_NSP_GenomeWideSNP_6_F01_1486204	1	105580698	106902981	800	-0.0248
APRES_p_TCGAb_414_15_16_17_NSP_GenomeWideSNP_6_F01_1486204	1	106905996	119984772	8101	0.0445
APRES_p_TCGAb_414_15_16_17_NSP_GenomeWideSNP_6_F01_1486204	1	149906351	157319760	3530	0.732
APRES_p_TCGAb_414_15_16_17_NSP_GenomeWideSNP_6_F01_1486204	1	157319929	176093293	12612	0.7674
APRES_p_TCGAb_414_15_16_17_NSP_GenomeWideSNP_6_F01_1486204	1	176095050	177868906	1101	0.7203
APRES_p_TCGAb_414_15_16_17_NSP_GenomeWideSNP_6_F01_1486204	1	177869507	188619475	7021	0.7851
APRES_p_TCGAb_414_15_16_17_NSP_GenomeWideSNP_6_F01_1486204	1	188622132	209519006	12825	0.7564
APRES_p_TCGAb_414_15_16_17_NSP_GenomeWideSNP_6_F01_1486204	1	209519734	223121912	9142	0.7914
APRES_p_TCGAb_414_15_16_17_NSP_GenomeWideSNP_6_F01_1486204	1	223122995	235338760	7719	0.7662
APRES_p_TCGAb_414_15_16_17_NSP_GenomeWideSNP_6_F01_1486204	1	235343798	235345880	3	-0.9221
APRES_p_TCGAb_414_15_16_17_NSP_GenomeWideSNP_6_F01_1486204	1	235354102	247650984	7843	0.7673
APRES_p_TCGAb_414_15_16_17_NSP_GenomeWideSNP_6_F01_1486204	2	480597	136007849	71404	0.0257
APRES_p_TCGAb_414_15_16_17_NSP_GenomeWideSNP_6_F01_1486204	2	136008354	143000167	4040	-0.0131
APRES_p_TCGAb_414_15_16_17_NSP_GenomeWideSNP_6_F01_1486204	2	143000356	146622725	1948	0.0394
APRES_p_TCGAb_414_15_16_17_NSP_GenomeWideSNP_6_F01_1486204	2	146625766	147681599	560	-0.0443
APRES_p_TCGAb_414_15_16_17_NSP_GenomeWideSNP_6_F01_1486204	2	147681653	149003226	607	0.0052
APRES_p_TCGAb_414_15_16_17_NSP_GenomeWideSNP_6_F01_1486204	2	149004155	153234914	2834	0.0445
APRES_p_TCGAb_414_15_16_17_NSP_GenomeWideSNP_6_F01_1486204	2	153235179	155095579	1027	-0.0213
APRES_p_TCGAb_414_15_16_17_NSP_GenomeWideSNP_6_F01_1486204	2	155096158	155096417	2	-1.4463
APRES_p_TCGAb_414_15_16_17_NSP_GenomeWideSNP_6_F01_1486204	2	155099897	169289902	8295	0.0344
APRES_p_TCGAb_414_15_16_17_NSP_GenomeWideSNP_6_F01_1486204	2	169293103	169470243	110	0.5132
APRES_p_TCGAb_414_15_16_17_NSP_GenomeWideSNP_6_F01_1486204	2	169471627	192043858	12751	0.039
APRES_p_TCGAb_414_15_16_17_NSP_GenomeWideSNP_6_F01_1486204	2	192045133	196297722	1656	-0.0081
APRES_p_TCGAb_414_15_16_17_NSP_GenomeWideSNP_6_F01_1486204	2	196298078	199019202	1542	0.0354
APRES_p_TCGAb_414_15_16_17_NSP_GenomeWideSNP_6_F01_1486204	2	199021664	199867048	477	-0.7598
APRES_p_TCGAb_414_15_16_17_NSP_GenomeWideSNP_6_F01_1486204	2	199881503	210862892	6347	0.0446
APRES_p_TCGAb_414_15_16_17_NSP_GenomeWideSNP_6_F01_1486204	2	210863013	214590661	2264	-0.0094
APRES_p_TCGAb_414_15_16_17_NSP_GenomeWideSNP_6_F01_1486204	2	214593909	238827866	15147	0.0368
APRES_p_TCGAb_414_15_16_17_NSP_GenomeWideSNP_6_F01_1486204	2	238829052	240516880	947	-0.0401
APRES_p_TCGAb_414_15_16_17_NSP_GenomeWideSNP_6_F01_1486204	2	240516906	241537572	462	0.0203
APRES_p_TCGAb_414_15_16_17_NSP_GenomeWideSNP_6_F01_1486204	3	2170634	76538756	44309	0.0417
APRES_p_TCGAb_414_15_16_17_NSP_GenomeWideSNP_6_F01_1486204	3	76539935	86776450	5331	-0.0015
APRES_p_TCGAb_414_15_16_17_NSP_GenomeWideSNP_6_F01_1486204	3	86781216	95171577	2259	0.0465
APRES_p_TCGAb_414_15_16_17_NSP_GenomeWideSNP_6_F01_1486204	3	95171984	97418520	1145	-0.0174
APRES_p_TCGAb_414_15_16_17_NSP_GenomeWideSNP_6_F01_1486204	3	97418920	102804385	2833	0.0639
APRES_p_TCGAb_414_15_16_17_NSP_GenomeWideSNP_6_F01_1486204	3	102804802	147322069	25243	0.035
APRES_p_TCGAb_414_15_16_17_NSP_GenomeWideSNP_6_F01_1486204	3	147324883	161982390	8061	0.053
APRES_p_TCGAb_414_15_16_17_NSP_GenomeWideSNP_6_F01_1486204	3	161982542	163442131	562	-0.045
APRES_p_TCGAb_414_15_16_17_NSP_GenomeWideSNP_6_F01_1486204	3	163442190	197812401	17620	0.04
APRES_p_TCGAb_414_15_16_17_NSP_GenomeWideSNP_6_F01_1486204	4	1059384	1060521	4	-0.4441
APRES_p_TCGAb_414_15_16_17_NSP_GenomeWideSNP_6_F01_1486204	4	1064330	10182390	4781	0.0315
APRES_p_TCGAb_414_15_16_17_NSP_GenomeWideSNP_6_F01_1486204	4	10186298	15657425	4086	0.0693
APRES_p_TCGAb_414_15_16_17_NSP_GenomeWideSNP_6_F01_1486204	4	15657881	42325953	16732	0.0313
APRES_p_TCGAb_414_15_16_17_NSP_GenomeWideSNP_6_F01_1486204	4	42328806	46410269	1940	-0.0255
APRES_p_TCGAb_414_15_16_17_NSP_GenomeWideSNP_6_F01_1486204	4	46410480	82040942	18036	0.0359
APRES_p_TCGAb_414_15_16_17_NSP_GenomeWideSNP_6_F01_1486204	4	82042033	90342345	4967	0.0666
APRES_p_TCGAb_414_15_16_17_NSP_GenomeWideSNP_6_F01_1486204	4	90342565	90770178	211	0.0203
APRES_p_TCGAb_414_15_16_17_NSP_GenomeWideSNP_6_F01_1486204	4	90772605	93395612	1229	-0.0246
APRES_p_TCGAb_414_15_16_17_NSP_GenomeWideSNP_6_F01_1486204	4	93396207	132921496	21966	0.0436
APRES_p_TCGAb_414_15_16_17_NSP_GenomeWideSNP_6_F01_1486204	4	132922685	137520216	2107	-0.0243
APRES_p_TCGAb_414_15_16_17_NSP_GenomeWideSNP_6_F01_1486204	4	137521261	159752561	12907	0.051
APRES_p_TCGAb_414_15_16_17_NSP_GenomeWideSNP_6_F01_1486204	4	159759905	168166497	4494	0
APRES_p_TCGAb_414_15_16_17_NSP_GenomeWideSNP_6_F01_1486204	4	168167754	170481074	1418	0.0717
APRES_p_TCGAb_414_15_16_17_NSP_GenomeWideSNP_6_F01_1486204	4	170484010	172237122	995	-0.0097
APRES_p_TCGAb_414_15_16_17_NSP_GenomeWideSNP_6_F01_1486204	4	172239084	172852208	234	0.0529
APRES_p_TCGAb_414_15_16_17_NSP_GenomeWideSNP_6_F01_1486204	4	172862318	172864573	2	-2.0916
APRES_p_TCGAb_414_15_16_17_NSP_GenomeWideSNP_6_F01_1486204	4	172865704	179668681	3686	0.0341
APRES_p_TCGAb_414_15_16_17_NSP_GenomeWideSNP_6_F01_1486204	4	179674944	187842528	3909	-0.7984
APRES_p_TCGAb_414_15_16_17_NSP_GenomeWideSNP_6_F01_1486204	5	914118	951567	19	-0.6369
APRES_p_TCGAb_414_15_16_17_NSP_GenomeWideSNP_6_F01_1486204	5	953074	1322578	51	0.5614
APRES_p_TCGAb_414_15_16_17_NSP_GenomeWideSNP_6_F01_1486204	5	1325652	1348683	5	-1.0474
APRES_p_TCGAb_414_15_16_17_NSP_GenomeWideSNP_6_F01_1486204	5	1349896	1936428	72	0.495
APRES_p_TCGAb_414_15_16_17_NSP_GenomeWideSNP_6_F01_1486204	5	1936939	1950653	15	-0.8452
APRES_p_TCGAb_414_15_16_17_NSP_GenomeWideSNP_6_F01_1486204	5	1951812	1960158	9	0.46
APRES_p_TCGAb_414_15_16_17_NSP_GenomeWideSNP_6_F01_1486204	5	1961755	2023310	50	-0.8499
APRES_p_TCGAb_414_15_16_17_NSP_GenomeWideSNP_6_F01_1486204	5	2025384	2150271	81	0.4884
APRES_p_TCGAb_414_15_16_17_NSP_GenomeWideSNP_6_F01_1486204	5	2157372	2318564	130	-0.8841
APRES_p_TCGAb_414_15_16_17_NSP_GenomeWideSNP_6_F01_1486204	5	2319278	2812116	497	0.4957
APRES_p_TCGAb_414_15_16_17_NSP_GenomeWideSNP_6_F01_1486204	5	2812877	2910956	60	0.7953
APRES_p_TCGAb_414_15_16_17_NSP_GenomeWideSNP_6_F01_1486204	5	2911935	3117066	141	0.4667
APRES_p_TCGAb_414_15_16_17_NSP_GenomeWideSNP_6_F01_1486204	5	3122373	3365763	278	0.7998
APRES_p_TCGAb_414_15_16_17_NSP_GenomeWideSNP_6_F01_1486204	5	3366366	3597716	202	1.1021
APRES_p_TCGAb_414_15_16_17_NSP_GenomeWideSNP_6_F01_1486204	5	3600220	3704028	92	0.8244
APRES_p_TCGAb_414_15_16_17_NSP_GenomeWideSNP_6_F01_1486204	5	3706083	3741452	30	0.4914
APRES_p_TCGAb_414_15_16_17_NSP_GenomeWideSNP_6_F01_1486204	5	3741921	3874172	121	0.8556
APRES_p_TCGAb_414_15_16_17_NSP_GenomeWideSNP_6_F01_1486204	5	3879047	3992033	68	1.0445
APRES_p_TCGAb_414_15_16_17_NSP_GenomeWideSNP_6_F01_1486204	5	3992135	4012586	32	0.7562
APRES_p_TCGAb_414_15_16_17_NSP_GenomeWideSNP_6_F01_1486204	5	4013527	4199643	143	1.0188
APRES_p_TCGAb_414_15_16_17_NSP_GenomeWideSNP_6_F01_1486204	5	4200491	4727544	383	0.8124
APRES_p_TCGAb_414_15_16_17_NSP_GenomeWideSNP_6_F01_1486204	5	4734404	4751534	13	0.4979
APRES_p_TCGAb_414_15_16_17_NSP_GenomeWideSNP_6_F01_1486204	5	4755109	5154345	346	-0.8278
APRES_p_TCGAb_414_15_16_17_NSP_GenomeWideSNP_6_F01_1486204	5	5154908	5826825	595	0.0347
APRES_p_TCGAb_414_15_16_17_NSP_GenomeWideSNP_6_F01_1486204	5	5828571	5869609	36	0.8354
APRES_p_TCGAb_414_15_16_17_NSP_GenomeWideSNP_6_F01_1486204	5	5872055	6500082	526	0.0212
APRES_p_TCGAb_414_15_16_17_NSP_GenomeWideSNP_6_F01_1486204	5	6502041	7746841	900	-0.7818
APRES_p_TCGAb_414_15_16_17_NSP_GenomeWideSNP_6_F01_1486204	5	7750252	8489339	574	0.5303
APRES_p_TCGAb_414_15_16_17_NSP_GenomeWideSNP_6_F01_1486204	5	8489393	8581871	88	1.0095
APRES_p_TCGAb_414_15_16_17_NSP_GenomeWideSNP_6_F01_1486204	5	8582282	9997258	1109	0.5114
APRES_p_TCGAb_414_15_16_17_NSP_GenomeWideSNP_6_F01_1486204	5	9997470	10073437	79	0.8462
APRES_p_TCGAb_414_15_16_17_NSP_GenomeWideSNP_6_F01_1486204	5	10073712	10118985	46	0.5089
APRES_p_TCGAb_414_15_16_17_NSP_GenomeWideSNP_6_F01_1486204	5	10124138	10145192	19	0.8145
APRES_p_TCGAb_414_15_16_17_NSP_GenomeWideSNP_6_F01_1486204	5	10145244	11009473	420	0.4939
APRES_p_TCGAb_414_15_16_17_NSP_GenomeWideSNP_6_F01_1486204	5	11010475	14995487	2560	0.0106
APRES_p_TCGAb_414_15_16_17_NSP_GenomeWideSNP_6_F01_1486204	5	14996286	15021287	23	0.6219
APRES_p_TCGAb_414_15_16_17_NSP_GenomeWideSNP_6_F01_1486204	5	15021816	15045999	20	-0.0938
APRES_p_TCGAb_414_15_16_17_NSP_GenomeWideSNP_6_F01_1486204	5	15049081	15283152	114	0.5573
APRES_p_TCGAb_414_15_16_17_NSP_GenomeWideSNP_6_F01_1486204	5	15287368	19671687	2049	0.0514
APRES_p_TCGAb_414_15_16_17_NSP_GenomeWideSNP_6_F01_1486204	5	19677057	19790114	52	-0.8041
APRES_p_TCGAb_414_15_16_17_NSP_GenomeWideSNP_6_F01_1486204	5	19795489	20594323	345	-0.0143
APRES_p_TCGAb_414_15_16_17_NSP_GenomeWideSNP_6_F01_1486204	5	20596566	20624517	21	-0.8231
APRES_p_TCGAb_414_15_16_17_NSP_GenomeWideSNP_6_F01_1486204	5	20625306	20661776	24	0.0518
APRES_p_TCGAb_414_15_16_17_NSP_GenomeWideSNP_6_F01_1486204	5	20664657	27480368	3539	-0.7956
APRES_p_TCGAb_414_15_16_17_NSP_GenomeWideSNP_6_F01_1486204	5	27486319	28235628	380	0.0349
APRES_p_TCGAb_414_15_16_17_NSP_GenomeWideSNP_6_F01_1486204	5	28236522	28261267	13	0.5078
APRES_p_TCGAb_414_15_16_17_NSP_GenomeWideSNP_6_F01_1486204	5	28265810	28364468	56	0.0361
APRES_p_TCGAb_414_15_16_17_NSP_GenomeWideSNP_6_F01_1486204	5	28366957	28424468	34	-0.7469
APRES_p_TCGAb_414_15_16_17_NSP_GenomeWideSNP_6_F01_1486204	5	28426542	28958036	237	-0.0423
APRES_p_TCGAb_414_15_16_17_NSP_GenomeWideSNP_6_F01_1486204	5	28960782	29054919	59	-0.8513
APRES_p_TCGAb_414_15_16_17_NSP_GenomeWideSNP_6_F01_1486204	5	29058936	29077449	29	-0.2467
APRES_p_TCGAb_414_15_16_17_NSP_GenomeWideSNP_6_F01_1486204	5	29082473	29105899	16	-0.9551
APRES_p_TCGAb_414_15_16_17_NSP_GenomeWideSNP_6_F01_1486204	5	29117079	29195880	51	-0.0355
APRES_p_TCGAb_414_15_16_17_NSP_GenomeWideSNP_6_F01_1486204	5	29203770	29314203	65	-0.8273
APRES_p_TCGAb_414_15_16_17_NSP_GenomeWideSNP_6_F01_1486204	5	29314837	29320550	7	0.1429
APRES_p_TCGAb_414_15_16_17_NSP_GenomeWideSNP_6_F01_1486204	5	29323900	29373073	32	-0.715
APRES_p_TCGAb_414_15_16_17_NSP_GenomeWideSNP_6_F01_1486204	5	29375133	29526237	93	0.0389
APRES_p_TCGAb_414_15_16_17_NSP_GenomeWideSNP_6_F01_1486204	5	29532717	30466702	543	-0.8257
APRES_p_TCGAb_414_15_16_17_NSP_GenomeWideSNP_6_F01_1486204	5	30467795	30800269	176	0.0226
APRES_p_TCGAb_414_15_16_17_NSP_GenomeWideSNP_6_F01_1486204	5	30803426	30856296	42	0.5517
APRES_p_TCGAb_414_15_16_17_NSP_GenomeWideSNP_6_F01_1486204	5	30857655	31133211	240	0.0113
APRES_p_TCGAb_414_15_16_17_NSP_GenomeWideSNP_6_F01_1486204	5	31135888	33525378	1661	-0.7871
APRES_p_TCGAb_414_15_16_17_NSP_GenomeWideSNP_6_F01_1486204	5	33526886	33944112	326	0.0244
APRES_p_TCGAb_414_15_16_17_NSP_GenomeWideSNP_6_F01_1486204	5	34754143	34908772	101	0.5487
APRES_p_TCGAb_414_15_16_17_NSP_GenomeWideSNP_6_F01_1486204	5	34909491	84533351	25147	0.045
APRES_p_TCGAb_414_15_16_17_NSP_GenomeWideSNP_6_F01_1486204	5	84535525	88339568	1910	-0.0157
APRES_p_TCGAb_414_15_16_17_NSP_GenomeWideSNP_6_F01_1486204	5	88342523	111776101	11785	0.0358
APRES_p_TCGAb_414_15_16_17_NSP_GenomeWideSNP_6_F01_1486204	5	111777297	111778058	2	1.421
APRES_p_TCGAb_414_15_16_17_NSP_GenomeWideSNP_6_F01_1486204	5	111779320	112713286	692	0.0058
APRES_p_TCGAb_414_15_16_17_NSP_GenomeWideSNP_6_F01_1486204	5	112714425	112791287	102	-0.5404
APRES_p_TCGAb_414_15_16_17_NSP_GenomeWideSNP_6_F01_1486204	5	112791472	112976218	181	0.4655
APRES_p_TCGAb_414_15_16_17_NSP_GenomeWideSNP_6_F01_1486204	5	112983231	112992570	12	-0.9116
APRES_p_TCGAb_414_15_16_17_NSP_GenomeWideSNP_6_F01_1486204	5	112999043	113044930	32	0.4977
APRES_p_TCGAb_414_15_16_17_NSP_GenomeWideSNP_6_F01_1486204	5	113047578	113096858	61	-0.684
APRES_p_TCGAb_414_15_16_17_NSP_GenomeWideSNP_6_F01_1486204	5	113096983	113136810	34	0.5181
APRES_p_TCGAb_414_15_16_17_NSP_GenomeWideSNP_6_F01_1486204	5	113147353	122674561	5583	-0.7742
APRES_p_TCGAb_414_15_16_17_NSP_GenomeWideSNP_6_F01_1486204	5	122680896	123146811	250	0.5316
APRES_p_TCGAb_414_15_16_17_NSP_GenomeWideSNP_6_F01_1486204	5	123147448	123194765	45	-0.6983
APRES_p_TCGAb_414_15_16_17_NSP_GenomeWideSNP_6_F01_1486204	5	123196696	123208513	12	0.4004
APRES_p_TCGAb_414_15_16_17_NSP_GenomeWideSNP_6_F01_1486204	5	123210316	128576262	3215	-0.752
APRES_p_TCGAb_414_15_16_17_NSP_GenomeWideSNP_6_F01_1486204	5	128578571	128683469	73	0.4969
APRES_p_TCGAb_414_15_16_17_NSP_GenomeWideSNP_6_F01_1486204	5	128687351	128689574	3	-0.8601
APRES_p_TCGAb_414_15_16_17_NSP_GenomeWideSNP_6_F01_1486204	5	128692152	128708791	18	0.4971
APRES_p_TCGAb_414_15_16_17_NSP_GenomeWideSNP_6_F01_1486204	5	128713763	128734098	8	-0.7639
APRES_p_TCGAb_414_15_16_17_NSP_GenomeWideSNP_6_F01_1486204	5	128739193	128752059	7	0.3763
APRES_p_TCGAb_414_15_16_17_NSP_GenomeWideSNP_6_F01_1486204	5	128754871	128774405	23	-0.8744
APRES_p_TCGAb_414_15_16_17_NSP_GenomeWideSNP_6_F01_1486204	5	128778810	128977146	134	0.5261
APRES_p_TCGAb_414_15_16_17_NSP_GenomeWideSNP_6_F01_1486204	5	128981532	129026327	32	-0.8223
APRES_p_TCGAb_414_15_16_17_NSP_GenomeWideSNP_6_F01_1486204	5	129032221	129044506	11	0.0383
APRES_p_TCGAb_414_15_16_17_NSP_GenomeWideSNP_6_F01_1486204	5	129045737	129052175	8	-0.7612
APRES_p_TCGAb_414_15_16_17_NSP_GenomeWideSNP_6_F01_1486204	5	129056170	129068633	6	0.4843
APRES_p_TCGAb_414_15_16_17_NSP_GenomeWideSNP_6_F01_1486204	5	129074993	129086798	5	-0.8434
APRES_p_TCGAb_414_15_16_17_NSP_GenomeWideSNP_6_F01_1486204	5	129089001	129110155	17	0.4397
APRES_p_TCGAb_414_15_16_17_NSP_GenomeWideSNP_6_F01_1486204	5	129125020	158628939	18030	-0.7664
APRES_p_TCGAb_414_15_16_17_NSP_GenomeWideSNP_6_F01_1486204	5	158633723	158643982	13	-5.2999
APRES_p_TCGAb_414_15_16_17_NSP_GenomeWideSNP_6_F01_1486204	5	158644263	158647719	4	-2.5157
APRES_p_TCGAb_414_15_16_17_NSP_GenomeWideSNP_6_F01_1486204	5	158651629	169293087	6975	-0.7903
APRES_p_TCGAb_414_15_16_17_NSP_GenomeWideSNP_6_F01_1486204	5	169294044	169294188	2	-3.2442
APRES_p_TCGAb_414_15_16_17_NSP_GenomeWideSNP_6_F01_1486204	5	169295655	180934240	6491	-0.7844
APRES_p_TCGAb_414_15_16_17_NSP_GenomeWideSNP_6_F01_1486204	6	1011760	1075962	75	0.0791
APRES_p_TCGAb_414_15_16_17_NSP_GenomeWideSNP_6_F01_1486204	6	1083276	1419662	317	-0.8139
APRES_p_TCGAb_414_15_16_17_NSP_GenomeWideSNP_6_F01_1486204	6	1423279	5311663	2725	0.0708
APRES_p_TCGAb_414_15_16_17_NSP_GenomeWideSNP_6_F01_1486204	6	5311847	7673335	1811	0.0274
APRES_p_TCGAb_414_15_16_17_NSP_GenomeWideSNP_6_F01_1486204	6	7673486	9919682	1589	0.0812
APRES_p_TCGAb_414_15_16_17_NSP_GenomeWideSNP_6_F01_1486204	6	9919818	10305826	320	-0.7746
APRES_p_TCGAb_414_15_16_17_NSP_GenomeWideSNP_6_F01_1486204	6	10308361	13143292	1929	0.0414
APRES_p_TCGAb_414_15_16_17_NSP_GenomeWideSNP_6_F01_1486204	6	13149260	104564640	48941	-0.7478
APRES_p_TCGAb_414_15_16_17_NSP_GenomeWideSNP_6_F01_1486204	6	104567523	131534222	15701	-0.7214
APRES_p_TCGAb_414_15_16_17_NSP_GenomeWideSNP_6_F01_1486204	6	131545239	131546002	4	-2.7146
APRES_p_TCGAb_414_15_16_17_NSP_GenomeWideSNP_6_F01_1486204	6	131547815	152899139	13623	-0.7169
APRES_p_TCGAb_414_15_16_17_NSP_GenomeWideSNP_6_F01_1486204	6	152899831	170596889	9906	-0.7587
APRES_p_TCGAb_414_15_16_17_NSP_GenomeWideSNP_6_F01_1486204	7	664936	13980715	6444	0.5013
APRES_p_TCGAb_414_15_16_17_NSP_GenomeWideSNP_6_F01_1486204	7	13981238	17850370	2141	0.5524
APRES_p_TCGAb_414_15_16_17_NSP_GenomeWideSNP_6_F01_1486204	7	17851047	36755012	12259	0.5168
APRES_p_TCGAb_414_15_16_17_NSP_GenomeWideSNP_6_F01_1486204	7	36755206	38197041	1075	0.4586
APRES_p_TCGAb_414_15_16_17_NSP_GenomeWideSNP_6_F01_1486204	7	38197823	48914359	6516	0.5229
APRES_p_TCGAb_414_15_16_17_NSP_GenomeWideSNP_6_F01_1486204	7	48914976	50440892	1013	0.4653
APRES_p_TCGAb_414_15_16_17_NSP_GenomeWideSNP_6_F01_1486204	7	50456510	51867848	1113	0.5178
APRES_p_TCGAb_414_15_16_17_NSP_GenomeWideSNP_6_F01_1486204	7	51868135	67059761	4023	0.4602
APRES_p_TCGAb_414_15_16_17_NSP_GenomeWideSNP_6_F01_1486204	7	67065417	74722165	3743	0.4984
APRES_p_TCGAb_414_15_16_17_NSP_GenomeWideSNP_6_F01_1486204	7	74727168	75469664	43	0.2466
APRES_p_TCGAb_414_15_16_17_NSP_GenomeWideSNP_6_F01_1486204	7	75504005	81494971	3249	0.5123
APRES_p_TCGAb_414_15_16_17_NSP_GenomeWideSNP_6_F01_1486204	7	81496475	81507842	7	-0.0868
APRES_p_TCGAb_414_15_16_17_NSP_GenomeWideSNP_6_F01_1486204	7	81519919	84240923	1779	0.5173
APRES_p_TCGAb_414_15_16_17_NSP_GenomeWideSNP_6_F01_1486204	7	84249096	84297849	28	-0.662
APRES_p_TCGAb_414_15_16_17_NSP_GenomeWideSNP_6_F01_1486204	7	84301196	118913609	17346	0.5019
APRES_p_TCGAb_414_15_16_17_NSP_GenomeWideSNP_6_F01_1486204	7	118913752	121054175	1023	0.4463
APRES_p_TCGAb_414_15_16_17_NSP_GenomeWideSNP_6_F01_1486204	7	121054266	141979625	12048	0.4985
APRES_p_TCGAb_414_15_16_17_NSP_GenomeWideSNP_6_F01_1486204	7	141979925	146198769	1722	0.4492
APRES_p_TCGAb_414_15_16_17_NSP_GenomeWideSNP_6_F01_1486204	7	146199101	152200559	3244	0.4977
APRES_p_TCGAb_414_15_16_17_NSP_GenomeWideSNP_6_F01_1486204	7	152205853	152211512	4	-0.7055
APRES_p_TCGAb_414_15_16_17_NSP_GenomeWideSNP_6_F01_1486204	7	152215594	158592540	3341	0.4794
APRES_p_TCGAb_414_15_16_17_NSP_GenomeWideSNP_6_F01_1486204	8	667625	5376611	2639	-0.0032
APRES_p_TCGAb_414_15_16_17_NSP_GenomeWideSNP_6_F01_1486204	8	5377228	14071256	3619	0.0487
APRES_p_TCGAb_414_15_16_17_NSP_GenomeWideSNP_6_F01_1486204	8	14071329	17111834	2195	0.0022
APRES_p_TCGAb_414_15_16_17_NSP_GenomeWideSNP_6_F01_1486204	8	17115561	20725619	3047	0.0657
APRES_p_TCGAb_414_15_16_17_NSP_GenomeWideSNP_6_F01_1486204	8	20726000	53334785	17169	0.0243
APRES_p_TCGAb_414_15_16_17_NSP_GenomeWideSNP_6_F01_1486204	8	53336529	53431871	48	0.5278
APRES_p_TCGAb_414_15_16_17_NSP_GenomeWideSNP_6_F01_1486204	8	53432178	63342882	6181	0.0226
APRES_p_TCGAb_414_15_16_17_NSP_GenomeWideSNP_6_F01_1486204	8	63350461	63648573	155	0.79
APRES_p_TCGAb_414_15_16_17_NSP_GenomeWideSNP_6_F01_1486204	8	63653399	66259759	1355	0.0084
APRES_p_TCGAb_414_15_16_17_NSP_GenomeWideSNP_6_F01_1486204	8	66263387	66489535	137	0.4371
APRES_p_TCGAb_414_15_16_17_NSP_GenomeWideSNP_6_F01_1486204	8	66495639	66906674	167	0.807
APRES_p_TCGAb_414_15_16_17_NSP_GenomeWideSNP_6_F01_1486204	8	66908594	68216643	739	0.0072
APRES_p_TCGAb_414_15_16_17_NSP_GenomeWideSNP_6_F01_1486204	8	68221043	68226073	6	0.7638
APRES_p_TCGAb_414_15_16_17_NSP_GenomeWideSNP_6_F01_1486204	8	68226928	68231601	7	0.0996
APRES_p_TCGAb_414_15_16_17_NSP_GenomeWideSNP_6_F01_1486204	8	68233111	68506929	158	0.7818
APRES_p_TCGAb_414_15_16_17_NSP_GenomeWideSNP_6_F01_1486204	8	68509827	68541179	21	-0.0493
APRES_p_TCGAb_414_15_16_17_NSP_GenomeWideSNP_6_F01_1486204	8	68545622	68790463	150	0.8071
APRES_p_TCGAb_414_15_16_17_NSP_GenomeWideSNP_6_F01_1486204	8	68794005	68806623	9	0.1599
APRES_p_TCGAb_414_15_16_17_NSP_GenomeWideSNP_6_F01_1486204	8	68807126	68831246	24	0.887
APRES_p_TCGAb_414_15_16_17_NSP_GenomeWideSNP_6_F01_1486204	8	68836376	68848248	12	-0.0374
APRES_p_TCGAb_414_15_16_17_NSP_GenomeWideSNP_6_F01_1486204	8	68855679	68880984	16	0.8229
APRES_p_TCGAb_414_15_16_17_NSP_GenomeWideSNP_6_F01_1486204	8	68881619	68886847	4	0.1389
APRES_p_TCGAb_414_15_16_17_NSP_GenomeWideSNP_6_F01_1486204	8	68894144	68902626	10	0.8486
APRES_p_TCGAb_414_15_16_17_NSP_GenomeWideSNP_6_F01_1486204	8	68907506	68961712	33	-0.0059
APRES_p_TCGAb_414_15_16_17_NSP_GenomeWideSNP_6_F01_1486204	8	68966750	68997038	13	0.8171
APRES_p_TCGAb_414_15_16_17_NSP_GenomeWideSNP_6_F01_1486204	8	69001461	69296017	205	-0.0541
APRES_p_TCGAb_414_15_16_17_NSP_GenomeWideSNP_6_F01_1486204	8	69296031	69306402	9	0.7592
APRES_p_TCGAb_414_15_16_17_NSP_GenomeWideSNP_6_F01_1486204	8	69307790	69337294	13	-0.2173
APRES_p_TCGAb_414_15_16_17_NSP_GenomeWideSNP_6_F01_1486204	8	69338172	69438931	55	0.793
APRES_p_TCGAb_414_15_16_17_NSP_GenomeWideSNP_6_F01_1486204	8	69441843	69512059	65	0.0226
APRES_p_TCGAb_414_15_16_17_NSP_GenomeWideSNP_6_F01_1486204	8	69513388	69675559	130	0.798
APRES_p_TCGAb_414_15_16_17_NSP_GenomeWideSNP_6_F01_1486204	8	69679583	69706089	27	-0.0234
APRES_p_TCGAb_414_15_16_17_NSP_GenomeWideSNP_6_F01_1486204	8	69706276	70081874	250	0.4575
APRES_p_TCGAb_414_15_16_17_NSP_GenomeWideSNP_6_F01_1486204	8	70092848	70320098	118	-0.002
APRES_p_TCGAb_414_15_16_17_NSP_GenomeWideSNP_6_F01_1486204	8	70327057	70494052	89	0.8286
APRES_p_TCGAb_414_15_16_17_NSP_GenomeWideSNP_6_F01_1486204	8	70494290	70507805	6	0.1683
APRES_p_TCGAb_414_15_16_17_NSP_GenomeWideSNP_6_F01_1486204	8	70514730	70856310	134	0.4426
APRES_p_TCGAb_414_15_16_17_NSP_GenomeWideSNP_6_F01_1486204	8	70861155	70942552	33	0.772
APRES_p_TCGAb_414_15_16_17_NSP_GenomeWideSNP_6_F01_1486204	8	70945603	71051176	66	0.3971
APRES_p_TCGAb_414_15_16_17_NSP_GenomeWideSNP_6_F01_1486204	8	71052353	71119278	50	0.7684
APRES_p_TCGAb_414_15_16_17_NSP_GenomeWideSNP_6_F01_1486204	8	71126122	71140574	24	0.0347
APRES_p_TCGAb_414_15_16_17_NSP_GenomeWideSNP_6_F01_1486204	8	71141765	71663566	354	0.8222
APRES_p_TCGAb_414_15_16_17_NSP_GenomeWideSNP_6_F01_1486204	8	71671324	71691102	14	-0.0144
APRES_p_TCGAb_414_15_16_17_NSP_GenomeWideSNP_6_F01_1486204	8	71693065	71960607	200	0.8547
APRES_p_TCGAb_414_15_16_17_NSP_GenomeWideSNP_6_F01_1486204	8	71965154	71979997	17	0.027
APRES_p_TCGAb_414_15_16_17_NSP_GenomeWideSNP_6_F01_1486204	8	71988580	72071053	76	0.8121
APRES_p_TCGAb_414_15_16_17_NSP_GenomeWideSNP_6_F01_1486204	8	72074077	72189425	80	-0.0065
APRES_p_TCGAb_414_15_16_17_NSP_GenomeWideSNP_6_F01_1486204	8	72191038	72246645	45	0.7713
APRES_p_TCGAb_414_15_16_17_NSP_GenomeWideSNP_6_F01_1486204	8	72248631	72282806	19	0.0533
APRES_p_TCGAb_414_15_16_17_NSP_GenomeWideSNP_6_F01_1486204	8	72284812	72681875	265	0.7865
APRES_p_TCGAb_414_15_16_17_NSP_GenomeWideSNP_6_F01_1486204	8	72728372	72742263	14	-0.0775
APRES_p_TCGAb_414_15_16_17_NSP_GenomeWideSNP_6_F01_1486204	8	72743227	72750074	7	0.8933
APRES_p_TCGAb_414_15_16_17_NSP_GenomeWideSNP_6_F01_1486204	8	72750580	72811739	51	-0.0242
APRES_p_TCGAb_414_15_16_17_NSP_GenomeWideSNP_6_F01_1486204	8	72814516	72871517	36	0.8354
APRES_p_TCGAb_414_15_16_17_NSP_GenomeWideSNP_6_F01_1486204	8	72871963	77147610	2571	0.0203
APRES_p_TCGAb_414_15_16_17_NSP_GenomeWideSNP_6_F01_1486204	8	77149860	77185569	19	0.7512
APRES_p_TCGAb_414_15_16_17_NSP_GenomeWideSNP_6_F01_1486204	8	77185962	77221012	21	-0.1041
APRES_p_TCGAb_414_15_16_17_NSP_GenomeWideSNP_6_F01_1486204	8	77221247	77693545	255	0.4467
APRES_p_TCGAb_414_15_16_17_NSP_GenomeWideSNP_6_F01_1486204	8	77700285	77725793	15	-0.0335
APRES_p_TCGAb_414_15_16_17_NSP_GenomeWideSNP_6_F01_1486204	8	77731324	80218597	1337	0.497
APRES_p_TCGAb_414_15_16_17_NSP_GenomeWideSNP_6_F01_1486204	8	80221463	80221797	2	2.0306
APRES_p_TCGAb_414_15_16_17_NSP_GenomeWideSNP_6_F01_1486204	8	80224051	84046819	2083	0.4901
APRES_p_TCGAb_414_15_16_17_NSP_GenomeWideSNP_6_F01_1486204	8	84047236	84050102	2	-1.2297
APRES_p_TCGAb_414_15_16_17_NSP_GenomeWideSNP_6_F01_1486204	8	84053763	127774588	25666	0.4951
APRES_p_TCGAb_414_15_16_17_NSP_GenomeWideSNP_6_F01_1486204	8	127776390	129191627	948	0.0448
APRES_p_TCGAb_414_15_16_17_NSP_GenomeWideSNP_6_F01_1486204	8	129194744	144182542	9074	0.4848
APRES_p_TCGAb_414_15_16_17_NSP_GenomeWideSNP_6_F01_1486204	9	789794	16168244	9127	0.0264
APRES_p_TCGAb_414_15_16_17_NSP_GenomeWideSNP_6_F01_1486204	9	16168383	17760099	1224	0.0947
APRES_p_TCGAb_414_15_16_17_NSP_GenomeWideSNP_6_F01_1486204	9	17760531	68423153	13315	0.0322
APRES_p_TCGAb_414_15_16_17_NSP_GenomeWideSNP_6_F01_1486204	9	68424128	104104122	23477	-0.7589
APRES_p_TCGAb_414_15_16_17_NSP_GenomeWideSNP_6_F01_1486204	9	104105145	104736779	471	0.0875
APRES_p_TCGAb_414_15_16_17_NSP_GenomeWideSNP_6_F01_1486204	9	104741053	104868614	110	-0.8049
APRES_p_TCGAb_414_15_16_17_NSP_GenomeWideSNP_6_F01_1486204	9	104868630	105110300	239	0.1031
APRES_p_TCGAb_414_15_16_17_NSP_GenomeWideSNP_6_F01_1486204	9	105113154	105913366	444	-0.6909
APRES_p_TCGAb_414_15_16_17_NSP_GenomeWideSNP_6_F01_1486204	9	105914080	105914436	2	-2.731
APRES_p_TCGAb_414_15_16_17_NSP_GenomeWideSNP_6_F01_1486204	9	105914912	107892410	1373	-0.7224
APRES_p_TCGAb_414_15_16_17_NSP_GenomeWideSNP_6_F01_1486204	9	107894986	108078737	189	0.0633
APRES_p_TCGAb_414_15_16_17_NSP_GenomeWideSNP_6_F01_1486204	9	108079312	108113321	32	-0.8009
APRES_p_TCGAb_414_15_16_17_NSP_GenomeWideSNP_6_F01_1486204	9	108113615	108114077	2	-2.6043
APRES_p_TCGAb_414_15_16_17_NSP_GenomeWideSNP_6_F01_1486204	9	108114282	110790364	2131	-0.7659
APRES_p_TCGAb_414_15_16_17_NSP_GenomeWideSNP_6_F01_1486204	9	110797739	111108351	264	0.0282
APRES_p_TCGAb_414_15_16_17_NSP_GenomeWideSNP_6_F01_1486204	9	111110500	111552618	323	-0.7152
APRES_p_TCGAb_414_15_16_17_NSP_GenomeWideSNP_6_F01_1486204	9	111556631	111859048	201	0.0621
APRES_p_TCGAb_414_15_16_17_NSP_GenomeWideSNP_6_F01_1486204	9	111865190	112266408	276	-0.7146
APRES_p_TCGAb_414_15_16_17_NSP_GenomeWideSNP_6_F01_1486204	9	112266565	112993959	328	0.0228
APRES_p_TCGAb_414_15_16_17_NSP_GenomeWideSNP_6_F01_1486204	9	113125832	113264898	123	-0.7313
APRES_p_TCGAb_414_15_16_17_NSP_GenomeWideSNP_6_F01_1486204	9	113268382	113451894	122	0.0585
APRES_p_TCGAb_414_15_16_17_NSP_GenomeWideSNP_6_F01_1486204	9	113454133	113690721	129	-0.7792
APRES_p_TCGAb_414_15_16_17_NSP_GenomeWideSNP_6_F01_1486204	9	113692157	113694076	2	-2.3671
APRES_p_TCGAb_414_15_16_17_NSP_GenomeWideSNP_6_F01_1486204	9	113695805	113957849	187	-0.7278
APRES_p_TCGAb_414_15_16_17_NSP_GenomeWideSNP_6_F01_1486204	9	113958232	114482972	404	0.0387
APRES_p_TCGAb_414_15_16_17_NSP_GenomeWideSNP_6_F01_1486204	9	114484887	114657852	134	-0.8128
APRES_p_TCGAb_414_15_16_17_NSP_GenomeWideSNP_6_F01_1486204	9	114663036	118484596	2889	0.043
APRES_p_TCGAb_414_15_16_17_NSP_GenomeWideSNP_6_F01_1486204	9	118494959	118501689	6	-0.4525
APRES_p_TCGAb_414_15_16_17_NSP_GenomeWideSNP_6_F01_1486204	9	118502667	118526402	13	-1.0854
APRES_p_TCGAb_414_15_16_17_NSP_GenomeWideSNP_6_F01_1486204	9	118526719	118532682	8	-0.6588
APRES_p_TCGAb_414_15_16_17_NSP_GenomeWideSNP_6_F01_1486204	9	118653963	123020343	3093	0.0337
APRES_p_TCGAb_414_15_16_17_NSP_GenomeWideSNP_6_F01_1486204	9	123024298	123351417	182	-0.7943
APRES_p_TCGAb_414_15_16_17_NSP_GenomeWideSNP_6_F01_1486204	9	123357880	124362779	689	0.0386
APRES_p_TCGAb_414_15_16_17_NSP_GenomeWideSNP_6_F01_1486204	9	124363999	126207037	1026	-0.7407
APRES_p_TCGAb_414_15_16_17_NSP_GenomeWideSNP_6_F01_1486204	9	126207186	126847578	414	0.032
APRES_p_TCGAb_414_15_16_17_NSP_GenomeWideSNP_6_F01_1486204	9	126848140	127214377	206	-0.7615
APRES_p_TCGAb_414_15_16_17_NSP_GenomeWideSNP_6_F01_1486204	9	127215286	127227714	9	-0.0393
APRES_p_TCGAb_414_15_16_17_NSP_GenomeWideSNP_6_F01_1486204	9	127240351	127567949	190	-0.7628
APRES_p_TCGAb_414_15_16_17_NSP_GenomeWideSNP_6_F01_1486204	9	127571374	128120698	278	0.0481
APRES_p_TCGAb_414_15_16_17_NSP_GenomeWideSNP_6_F01_1486204	9	128130666	129123048	361	-0.6745
APRES_p_TCGAb_414_15_16_17_NSP_GenomeWideSNP_6_F01_1486204	9	129124168	129281353	89	0.0229
APRES_p_TCGAb_414_15_16_17_NSP_GenomeWideSNP_6_F01_1486204	9	129286385	133328538	2579	-0.746
APRES_p_TCGAb_414_15_16_17_NSP_GenomeWideSNP_6_F01_1486204	9	133331135	133409865	33	0.0216
APRES_p_TCGAb_414_15_16_17_NSP_GenomeWideSNP_6_F01_1486204	9	133421825	133721245	149	-0.6864
APRES_p_TCGAb_414_15_16_17_NSP_GenomeWideSNP_6_F01_1486204	9	133721819	135752074	990	-0.8892
APRES_p_TCGAb_414_15_16_17_NSP_GenomeWideSNP_6_F01_1486204	9	135752357	138044505	624	-0.7163
APRES_p_TCGAb_414_15_16_17_NSP_GenomeWideSNP_6_F01_1486204	10	366509	62244574	36958	-0.7708
APRES_p_TCGAb_414_15_16_17_NSP_GenomeWideSNP_6_F01_1486204	10	62246013	62254336	2	-4.3653
APRES_p_TCGAb_414_15_16_17_NSP_GenomeWideSNP_6_F01_1486204	10	62254351	69956322	4398	-0.7443
APRES_p_TCGAb_414_15_16_17_NSP_GenomeWideSNP_6_F01_1486204	10	69956396	69956777	3	-3.373
APRES_p_TCGAb_414_15_16_17_NSP_GenomeWideSNP_6_F01_1486204	10	69956883	72106147	1441	-0.78
APRES_p_TCGAb_414_15_16_17_NSP_GenomeWideSNP_6_F01_1486204	10	72106890	75497307	1473	-0.696
APRES_p_TCGAb_414_15_16_17_NSP_GenomeWideSNP_6_F01_1486204	10	75497504	87826220	8063	-0.7735
APRES_p_TCGAb_414_15_16_17_NSP_GenomeWideSNP_6_F01_1486204	10	87826952	87989698	223	-0.4945
APRES_p_TCGAb_414_15_16_17_NSP_GenomeWideSNP_6_F01_1486204	10	87995318	121121180	20929	-0.7403
APRES_p_TCGAb_414_15_16_17_NSP_GenomeWideSNP_6_F01_1486204	10	121127207	121127382	2	-4.7936
APRES_p_TCGAb_414_15_16_17_NSP_GenomeWideSNP_6_F01_1486204	10	121127533	133411599	7570	-0.7996
APRES_p_TCGAb_414_15_16_17_NSP_GenomeWideSNP_6_F01_1486204	11	456012	5928891	2628	-0.0054
APRES_p_TCGAb_414_15_16_17_NSP_GenomeWideSNP_6_F01_1486204	11	5931499	20770223	10504	0.033
APRES_p_TCGAb_414_15_16_17_NSP_GenomeWideSNP_6_F01_1486204	11	20770736	25092464	2945	-0.0032
APRES_p_TCGAb_414_15_16_17_NSP_GenomeWideSNP_6_F01_1486204	11	25092720	36793817	7639	0.0395
APRES_p_TCGAb_414_15_16_17_NSP_GenomeWideSNP_6_F01_1486204	11	36795557	42636876	3299	-0.0189
APRES_p_TCGAb_414_15_16_17_NSP_GenomeWideSNP_6_F01_1486204	11	42637901	60564290	6253	0.4825
APRES_p_TCGAb_414_15_16_17_NSP_GenomeWideSNP_6_F01_1486204	11	60565421	74105821	5720	0.4573
APRES_p_TCGAb_414_15_16_17_NSP_GenomeWideSNP_6_F01_1486204	11	74108930	80060056	3616	0.491
APRES_p_TCGAb_414_15_16_17_NSP_GenomeWideSNP_6_F01_1486204	11	80060808	81505804	1064	0.4424
APRES_p_TCGAb_414_15_16_17_NSP_GenomeWideSNP_6_F01_1486204	11	81515838	81529281	21	0.7816
APRES_p_TCGAb_414_15_16_17_NSP_GenomeWideSNP_6_F01_1486204	11	81581339	81924653	245	0.4151
APRES_p_TCGAb_414_15_16_17_NSP_GenomeWideSNP_6_F01_1486204	11	81924668	90983963	5234	0.4937
APRES_p_TCGAb_414_15_16_17_NSP_GenomeWideSNP_6_F01_1486204	11	90986295	92549508	952	0.4312
APRES_p_TCGAb_414_15_16_17_NSP_GenomeWideSNP_6_F01_1486204	11	92551001	97752375	3301	0.488
APRES_p_TCGAb_414_15_16_17_NSP_GenomeWideSNP_6_F01_1486204	11	97753044	99716567	1279	0.4276
APRES_p_TCGAb_414_15_16_17_NSP_GenomeWideSNP_6_F01_1486204	11	99717077	99982441	209	0.4901
APRES_p_TCGAb_414_15_16_17_NSP_GenomeWideSNP_6_F01_1486204	11	99982545	111617546	7226	0.5076
APRES_p_TCGAb_414_15_16_17_NSP_GenomeWideSNP_6_F01_1486204	11	111618612	134272740	15715	0.4785
APRES_p_TCGAb_414_15_16_17_NSP_GenomeWideSNP_6_F01_1486204	12	780472	16740143	9192	0.0338
APRES_p_TCGAb_414_15_16_17_NSP_GenomeWideSNP_6_F01_1486204	12	16743201	17448674	389	-0.0166
APRES_p_TCGAb_414_15_16_17_NSP_GenomeWideSNP_6_F01_1486204	12	17449829	17464081	11	-0.577
APRES_p_TCGAb_414_15_16_17_NSP_GenomeWideSNP_6_F01_1486204	12	17472671	18963241	917	-0.0197
APRES_p_TCGAb_414_15_16_17_NSP_GenomeWideSNP_6_F01_1486204	12	18963344	25323176	4021	0.0374
APRES_p_TCGAb_414_15_16_17_NSP_GenomeWideSNP_6_F01_1486204	12	25323285	32565631	4801	0.0649
APRES_p_TCGAb_414_15_16_17_NSP_GenomeWideSNP_6_F01_1486204	12	32566839	56924119	10203	0.0327
APRES_p_TCGAb_414_15_16_17_NSP_GenomeWideSNP_6_F01_1486204	12	56924136	61780812	2888	-0.0067
APRES_p_TCGAb_414_15_16_17_NSP_GenomeWideSNP_6_F01_1486204	12	61781426	126376042	39688	0.037
APRES_p_TCGAb_414_15_16_17_NSP_GenomeWideSNP_6_F01_1486204	12	126376948	132485204	2403	-0.0055
APRES_p_TCGAb_414_15_16_17_NSP_GenomeWideSNP_6_F01_1486204	12	132485927	132605822	18	-0.8547
APRES_p_TCGAb_414_15_16_17_NSP_GenomeWideSNP_6_F01_1486204	13	18874255	47232352	18097	0.5014
APRES_p_TCGAb_414_15_16_17_NSP_GenomeWideSNP_6_F01_1486204	13	47232696	73065554	12825	0.4721
APRES_p_TCGAb_414_15_16_17_NSP_GenomeWideSNP_6_F01_1486204	13	73067564	80858303	5259	0.5084
APRES_p_TCGAb_414_15_16_17_NSP_GenomeWideSNP_6_F01_1486204	13	80860403	92492136	6658	0.467
APRES_p_TCGAb_414_15_16_17_NSP_GenomeWideSNP_6_F01_1486204	13	92495036	98483060	3930	0.5245
APRES_p_TCGAb_414_15_16_17_NSP_GenomeWideSNP_6_F01_1486204	13	98485803	98548517	40	1.0564
APRES_p_TCGAb_414_15_16_17_NSP_GenomeWideSNP_6_F01_1486204	13	98550791	114226675	10349	0.4764
APRES_p_TCGAb_414_15_16_17_NSP_GenomeWideSNP_6_F01_1486204	14	20033191	29176597	4482	0.0312
APRES_p_TCGAb_414_15_16_17_NSP_GenomeWideSNP_6_F01_1486204	14	29177871	36098577	4218	0.0704
APRES_p_TCGAb_414_15_16_17_NSP_GenomeWideSNP_6_F01_1486204	14	36098605	40347032	2406	0.0292
APRES_p_TCGAb_414_15_16_17_NSP_GenomeWideSNP_6_F01_1486204	14	40354186	43168237	1530	-0.03
APRES_p_TCGAb_414_15_16_17_NSP_GenomeWideSNP_6_F01_1486204	14	43171974	78197463	20490	0.0427
APRES_p_TCGAb_414_15_16_17_NSP_GenomeWideSNP_6_F01_1486204	14	78197610	101250842	15041	0.0173
APRES_p_TCGAb_414_15_16_17_NSP_GenomeWideSNP_6_F01_1486204	14	101251105	105533894	1694	0.0501
APRES_p_TCGAb_414_15_16_17_NSP_GenomeWideSNP_6_F01_1486204	15	23437561	38720561	7413	-0.7732
APRES_p_TCGAb_414_15_16_17_NSP_GenomeWideSNP_6_F01_1486204	15	38722713	38722790	2	-3.2993
APRES_p_TCGAb_414_15_16_17_NSP_GenomeWideSNP_6_F01_1486204	15	38723045	53912549	8699	-0.7432
APRES_p_TCGAb_414_15_16_17_NSP_GenomeWideSNP_6_F01_1486204	15	53913174	53915182	2	-3.2781
APRES_p_TCGAb_414_15_16_17_NSP_GenomeWideSNP_6_F01_1486204	15	53917325	55151703	931	-0.7439
APRES_p_TCGAb_414_15_16_17_NSP_GenomeWideSNP_6_F01_1486204	15	55157074	101344124	27774	0.0408
APRES_p_TCGAb_414_15_16_17_NSP_GenomeWideSNP_6_F01_1486204	16	603333	23746279	10250	0.0272
APRES_p_TCGAb_414_15_16_17_NSP_GenomeWideSNP_6_F01_1486204	16	23746310	23750159	2	-2.1992
APRES_p_TCGAb_414_15_16_17_NSP_GenomeWideSNP_6_F01_1486204	16	23752990	51607508	6889	0.0191
APRES_p_TCGAb_414_15_16_17_NSP_GenomeWideSNP_6_F01_1486204	16	51614396	76595378	15182	0.0458
APRES_p_TCGAb_414_15_16_17_NSP_GenomeWideSNP_6_F01_1486204	16	76595763	87009102	8192	0.0071
APRES_p_TCGAb_414_15_16_17_NSP_GenomeWideSNP_6_F01_1486204	16	87026877	87027478	2	-1.4763
APRES_p_TCGAb_414_15_16_17_NSP_GenomeWideSNP_6_F01_1486204	16	87027584	89317317	788	0.0056
APRES_p_TCGAb_414_15_16_17_NSP_GenomeWideSNP_6_F01_1486204	17	1074619	82959812	37386	0.0274
APRES_p_TCGAb_414_15_16_17_NSP_GenomeWideSNP_6_F01_1486204	18	326691	5556698	2748	0.0405
APRES_p_TCGAb_414_15_16_17_NSP_GenomeWideSNP_6_F01_1486204	18	5559342	26294253	8577	0.0627
APRES_p_TCGAb_414_15_16_17_NSP_GenomeWideSNP_6_F01_1486204	18	26294860	79349796	31714	0.0292
APRES_p_TCGAb_414_15_16_17_NSP_GenomeWideSNP_6_F01_1486204	19	283868	14698077	5285	0.0126
APRES_p_TCGAb_414_15_16_17_NSP_GenomeWideSNP_6_F01_1486204	19	14699449	14699978	3	-1.1366
APRES_p_TCGAb_414_15_16_17_NSP_GenomeWideSNP_6_F01_1486204	19	14701498	23597312	3635	-0.009
APRES_p_TCGAb_414_15_16_17_NSP_GenomeWideSNP_6_F01_1486204	19	23599316	23628330	14	-0.6546
APRES_p_TCGAb_414_15_16_17_NSP_GenomeWideSNP_6_F01_1486204	19	23631285	58370362	15327	0.0112
APRES_p_TCGAb_414_15_16_17_NSP_GenomeWideSNP_6_F01_1486204	20	472817	3533958	2000	0.4514
APRES_p_TCGAb_414_15_16_17_NSP_GenomeWideSNP_6_F01_1486204	20	3535277	18224387	9718	0.4935
APRES_p_TCGAb_414_15_16_17_NSP_GenomeWideSNP_6_F01_1486204	20	18235435	63588502	25949	0.4674
APRES_p_TCGAb_414_15_16_17_NSP_GenomeWideSNP_6_F01_1486204	21	13974127	25083523	6895	0.0142
APRES_p_TCGAb_414_15_16_17_NSP_GenomeWideSNP_6_F01_1486204	21	25085166	25088487	2	-1.3068
APRES_p_TCGAb_414_15_16_17_NSP_GenomeWideSNP_6_F01_1486204	21	25091972	30227750	3642	0.0395
APRES_p_TCGAb_414_15_16_17_NSP_GenomeWideSNP_6_F01_1486204	21	30235794	30289834	46	-0.703
APRES_p_TCGAb_414_15_16_17_NSP_GenomeWideSNP_6_F01_1486204	21	30291975	30293161	3	0.1465
APRES_p_TCGAb_414_15_16_17_NSP_GenomeWideSNP_6_F01_1486204	21	30300385	30311484	7	-1.0959
APRES_p_TCGAb_414_15_16_17_NSP_GenomeWideSNP_6_F01_1486204	21	30318003	46262057	10227	0.0291
APRES_p_TCGAb_414_15_16_17_NSP_GenomeWideSNP_6_F01_1486204	22	16934932	48940621	17119	0.0293
APRES_p_TCGAb_414_15_16_17_NSP_GenomeWideSNP_6_F01_1486204	X	3236359	70380553	26869	0.0069
APRES_p_TCGAb_414_15_16_17_NSP_GenomeWideSNP_6_F01_1486204	X	70383533	70401980	10	-1.5504
APRES_p_TCGAb_414_15_16_17_NSP_GenomeWideSNP_6_F01_1486204	X	70403794	155677414	37070	-0.0078
