Sample	Chromosome	Start	End	Num_Probes	Segment_Mean
RUNIC_p_2TCGA235_237_250_242_mN_GenomeWideSNP_6_E02_1231222	1	3301765	184452485	89808	0.0496
RUNIC_p_2TCGA235_237_250_242_mN_GenomeWideSNP_6_E02_1231222	1	184454996	200154443	9163	0.0161
RUNIC_p_2TCGA235_237_250_242_mN_GenomeWideSNP_6_E02_1231222	1	200154834	247650984	30861	0.0413
RUNIC_p_2TCGA235_237_250_242_mN_GenomeWideSNP_6_E02_1231222	2	480597	7768108	4430	-0.008
RUNIC_p_2TCGA235_237_250_242_mN_GenomeWideSNP_6_E02_1231222	2	7770650	7927935	118	0.4673
RUNIC_p_2TCGA235_237_250_242_mN_GenomeWideSNP_6_E02_1231222	2	7931788	7954314	18	-0.01
RUNIC_p_2TCGA235_237_250_242_mN_GenomeWideSNP_6_E02_1231222	2	8015429	8060824	28	0.4991
RUNIC_p_2TCGA235_237_250_242_mN_GenomeWideSNP_6_E02_1231222	2	8061841	121711332	59889	-0.0069
RUNIC_p_2TCGA235_237_250_242_mN_GenomeWideSNP_6_E02_1231222	2	121715415	214896563	51362	0.4034
RUNIC_p_2TCGA235_237_250_242_mN_GenomeWideSNP_6_E02_1231222	2	214896960	214897300	2	-1.0415
RUNIC_p_2TCGA235_237_250_242_mN_GenomeWideSNP_6_E02_1231222	2	214901882	241537572	16368	0.4092
RUNIC_p_2TCGA235_237_250_242_mN_GenomeWideSNP_6_E02_1231222	3	2170634	79630138	46003	0.012
RUNIC_p_2TCGA235_237_250_242_mN_GenomeWideSNP_6_E02_1231222	3	79630156	182855818	53422	-0.0025
RUNIC_p_2TCGA235_237_250_242_mN_GenomeWideSNP_6_E02_1231222	3	182856136	197812401	7773	0.0131
RUNIC_p_2TCGA235_237_250_242_mN_GenomeWideSNP_6_E02_1231222	4	1059384	3107701	785	0.039
RUNIC_p_2TCGA235_237_250_242_mN_GenomeWideSNP_6_E02_1231222	4	3107715	10709305	4395	0.0736
RUNIC_p_2TCGA235_237_250_242_mN_GenomeWideSNP_6_E02_1231222	4	10710007	124538250	64406	0.0387
RUNIC_p_2TCGA235_237_250_242_mN_GenomeWideSNP_6_E02_1231222	4	124539196	124541780	3	-1.2888
RUNIC_p_2TCGA235_237_250_242_mN_GenomeWideSNP_6_E02_1231222	4	124541870	133428643	4394	0.0292
RUNIC_p_2TCGA235_237_250_242_mN_GenomeWideSNP_6_E02_1231222	4	133430765	133430791	2	-1.5088
RUNIC_p_2TCGA235_237_250_242_mN_GenomeWideSNP_6_E02_1231222	4	133440773	181359117	26489	0.0391
RUNIC_p_2TCGA235_237_250_242_mN_GenomeWideSNP_6_E02_1231222	4	181359334	181375578	30	-0.6785
RUNIC_p_2TCGA235_237_250_242_mN_GenomeWideSNP_6_E02_1231222	4	181378276	187842528	3046	0.0551
RUNIC_p_2TCGA235_237_250_242_mN_GenomeWideSNP_6_E02_1231222	5	913983	2302280	422	0.0252
RUNIC_p_2TCGA235_237_250_242_mN_GenomeWideSNP_6_E02_1231222	5	2302399	10505473	6629	0.0631
RUNIC_p_2TCGA235_237_250_242_mN_GenomeWideSNP_6_E02_1231222	5	10505605	32874657	12270	0.0328
RUNIC_p_2TCGA235_237_250_242_mN_GenomeWideSNP_6_E02_1231222	5	32874692	32918569	24	-0.4807
RUNIC_p_2TCGA235_237_250_242_mN_GenomeWideSNP_6_E02_1231222	5	32920378	32939392	17	-0.1567
RUNIC_p_2TCGA235_237_250_242_mN_GenomeWideSNP_6_E02_1231222	5	32941055	32998825	41	-0.6254
RUNIC_p_2TCGA235_237_250_242_mN_GenomeWideSNP_6_E02_1231222	5	33006590	113491585	40883	0.0399
RUNIC_p_2TCGA235_237_250_242_mN_GenomeWideSNP_6_E02_1231222	5	113492532	167817088	33131	-0.6124
RUNIC_p_2TCGA235_237_250_242_mN_GenomeWideSNP_6_E02_1231222	5	167817755	171714592	2821	0.0657
RUNIC_p_2TCGA235_237_250_242_mN_GenomeWideSNP_6_E02_1231222	5	171719025	171750100	29	0.5198
RUNIC_p_2TCGA235_237_250_242_mN_GenomeWideSNP_6_E02_1231222	5	171750479	180934240	4871	0.0596
RUNIC_p_2TCGA235_237_250_242_mN_GenomeWideSNP_6_E02_1231222	6	1011760	28695774	18549	0.6362
RUNIC_p_2TCGA235_237_250_242_mN_GenomeWideSNP_6_E02_1231222	6	28697332	38338577	3876	0.5956
RUNIC_p_2TCGA235_237_250_242_mN_GenomeWideSNP_6_E02_1231222	6	38338596	43070457	3247	0.637
RUNIC_p_2TCGA235_237_250_242_mN_GenomeWideSNP_6_E02_1231222	6	43070853	43071189	5	-0.2075
RUNIC_p_2TCGA235_237_250_242_mN_GenomeWideSNP_6_E02_1231222	6	43071350	57347009	8492	0.637
RUNIC_p_2TCGA235_237_250_242_mN_GenomeWideSNP_6_E02_1231222	6	61524627	170596889	63019	-0.2227
RUNIC_p_2TCGA235_237_250_242_mN_GenomeWideSNP_6_E02_1231222	7	664936	73312738	37766	0.0675
RUNIC_p_2TCGA235_237_250_242_mN_GenomeWideSNP_6_E02_1231222	7	73317954	121347384	24135	0.0425
RUNIC_p_2TCGA235_237_250_242_mN_GenomeWideSNP_6_E02_1231222	7	121347578	132321558	5948	0.4729
RUNIC_p_2TCGA235_237_250_242_mN_GenomeWideSNP_6_E02_1231222	7	132322620	132323011	4	-0.6777
RUNIC_p_2TCGA235_237_250_242_mN_GenomeWideSNP_6_E02_1231222	7	132323695	158592540	14178	0.4833
RUNIC_p_2TCGA235_237_250_242_mN_GenomeWideSNP_6_E02_1231222	8	667625	9736225	4110	0.0715
RUNIC_p_2TCGA235_237_250_242_mN_GenomeWideSNP_6_E02_1231222	8	9740301	10103941	250	0.5068
RUNIC_p_2TCGA235_237_250_242_mN_GenomeWideSNP_6_E02_1231222	8	10104095	10527292	20	0.1283
RUNIC_p_2TCGA235_237_250_242_mN_GenomeWideSNP_6_E02_1231222	8	10530522	10685581	74	0.5182
RUNIC_p_2TCGA235_237_250_242_mN_GenomeWideSNP_6_E02_1231222	8	10686262	13352428	1331	0.0752
RUNIC_p_2TCGA235_237_250_242_mN_GenomeWideSNP_6_E02_1231222	8	13357728	13391130	41	0.4265
RUNIC_p_2TCGA235_237_250_242_mN_GenomeWideSNP_6_E02_1231222	8	13395710	14409030	710	0.0564
RUNIC_p_2TCGA235_237_250_242_mN_GenomeWideSNP_6_E02_1231222	8	14409527	14679264	258	0.4532
RUNIC_p_2TCGA235_237_250_242_mN_GenomeWideSNP_6_E02_1231222	8	14681487	14703285	21	-0.0355
RUNIC_p_2TCGA235_237_250_242_mN_GenomeWideSNP_6_E02_1231222	8	14706575	14725865	40	0.3956
RUNIC_p_2TCGA235_237_250_242_mN_GenomeWideSNP_6_E02_1231222	8	14727580	15058542	274	0.0465
RUNIC_p_2TCGA235_237_250_242_mN_GenomeWideSNP_6_E02_1231222	8	15060032	15077781	24	0.4715
RUNIC_p_2TCGA235_237_250_242_mN_GenomeWideSNP_6_E02_1231222	8	15078290	19130141	3035	0.0603
RUNIC_p_2TCGA235_237_250_242_mN_GenomeWideSNP_6_E02_1231222	8	19130239	19407639	195	0.473
RUNIC_p_2TCGA235_237_250_242_mN_GenomeWideSNP_6_E02_1231222	8	19410319	20286178	697	0.0698
RUNIC_p_2TCGA235_237_250_242_mN_GenomeWideSNP_6_E02_1231222	8	20287169	20428621	119	0.4823
RUNIC_p_2TCGA235_237_250_242_mN_GenomeWideSNP_6_E02_1231222	8	20431462	20690046	255	0.0745
RUNIC_p_2TCGA235_237_250_242_mN_GenomeWideSNP_6_E02_1231222	8	20690869	20709624	26	0.5542
RUNIC_p_2TCGA235_237_250_242_mN_GenomeWideSNP_6_E02_1231222	8	20711736	22348381	1156	0.0693
RUNIC_p_2TCGA235_237_250_242_mN_GenomeWideSNP_6_E02_1231222	8	22525267	22664989	79	0.4517
RUNIC_p_2TCGA235_237_250_242_mN_GenomeWideSNP_6_E02_1231222	8	22667653	43078229	12396	0.0627
RUNIC_p_2TCGA235_237_250_242_mN_GenomeWideSNP_6_E02_1231222	8	43080575	58253780	6494	0.4698
RUNIC_p_2TCGA235_237_250_242_mN_GenomeWideSNP_6_E02_1231222	8	58257536	58313492	46	0.052
RUNIC_p_2TCGA235_237_250_242_mN_GenomeWideSNP_6_E02_1231222	8	58313802	130716485	42516	0.4674
RUNIC_p_2TCGA235_237_250_242_mN_GenomeWideSNP_6_E02_1231222	8	130718812	131704147	739	0.0587
RUNIC_p_2TCGA235_237_250_242_mN_GenomeWideSNP_6_E02_1231222	8	131704220	144182542	7330	0.4728
RUNIC_p_2TCGA235_237_250_242_mN_GenomeWideSNP_6_E02_1231222	9	789794	2384242	1007	-0.5819
RUNIC_p_2TCGA235_237_250_242_mN_GenomeWideSNP_6_E02_1231222	9	2386539	2492676	101	0.0596
RUNIC_p_2TCGA235_237_250_242_mN_GenomeWideSNP_6_E02_1231222	9	2493292	21906985	12507	-0.5768
RUNIC_p_2TCGA235_237_250_242_mN_GenomeWideSNP_6_E02_1231222	9	21907787	22053896	110	-1.6622
RUNIC_p_2TCGA235_237_250_242_mN_GenomeWideSNP_6_E02_1231222	9	22054357	25019496	1896	-0.5909
RUNIC_p_2TCGA235_237_250_242_mN_GenomeWideSNP_6_E02_1231222	9	25019907	25054718	21	-0.0227
RUNIC_p_2TCGA235_237_250_242_mN_GenomeWideSNP_6_E02_1231222	9	25056522	25086990	19	-0.5578
RUNIC_p_2TCGA235_237_250_242_mN_GenomeWideSNP_6_E02_1231222	9	25087161	25233486	95	0.0484
RUNIC_p_2TCGA235_237_250_242_mN_GenomeWideSNP_6_E02_1231222	9	25233741	25238333	4	-1.0157
RUNIC_p_2TCGA235_237_250_242_mN_GenomeWideSNP_6_E02_1231222	9	25241084	25252133	12	-0.037
RUNIC_p_2TCGA235_237_250_242_mN_GenomeWideSNP_6_E02_1231222	9	25352693	25519813	108	-0.6015
RUNIC_p_2TCGA235_237_250_242_mN_GenomeWideSNP_6_E02_1231222	9	25521022	25522072	2	1.3472
RUNIC_p_2TCGA235_237_250_242_mN_GenomeWideSNP_6_E02_1231222	9	25525916	27643055	1321	-0.5869
RUNIC_p_2TCGA235_237_250_242_mN_GenomeWideSNP_6_E02_1231222	9	27646559	68423153	6401	0.0573
RUNIC_p_2TCGA235_237_250_242_mN_GenomeWideSNP_6_E02_1231222	9	68424128	73837208	3796	-0.5702
RUNIC_p_2TCGA235_237_250_242_mN_GenomeWideSNP_6_E02_1231222	9	73840358	74245417	211	0.0212
RUNIC_p_2TCGA235_237_250_242_mN_GenomeWideSNP_6_E02_1231222	9	74246149	93301174	13066	-0.5647
RUNIC_p_2TCGA235_237_250_242_mN_GenomeWideSNP_6_E02_1231222	9	93301408	93332743	14	-1.1726
RUNIC_p_2TCGA235_237_250_242_mN_GenomeWideSNP_6_E02_1231222	9	93332794	100623286	4542	-0.5396
RUNIC_p_2TCGA235_237_250_242_mN_GenomeWideSNP_6_E02_1231222	9	100632764	100651403	17	-1.5657
RUNIC_p_2TCGA235_237_250_242_mN_GenomeWideSNP_6_E02_1231222	9	100656158	138044505	23244	-0.5611
RUNIC_p_2TCGA235_237_250_242_mN_GenomeWideSNP_6_E02_1231222	10	366509	87857644	52534	-0.5871
RUNIC_p_2TCGA235_237_250_242_mN_GenomeWideSNP_6_E02_1231222	10	87861304	87977344	196	-1.1476
RUNIC_p_2TCGA235_237_250_242_mN_GenomeWideSNP_6_E02_1231222	10	87977797	88244011	210	-2.2083
RUNIC_p_2TCGA235_237_250_242_mN_GenomeWideSNP_6_E02_1231222	10	88245291	121194452	20858	-0.5791
RUNIC_p_2TCGA235_237_250_242_mN_GenomeWideSNP_6_E02_1231222	10	121194685	121199612	5	-1.7762
RUNIC_p_2TCGA235_237_250_242_mN_GenomeWideSNP_6_E02_1231222	10	121200052	133411599	7544	-0.5803
RUNIC_p_2TCGA235_237_250_242_mN_GenomeWideSNP_6_E02_1231222	11	456012	19760210	12233	0.083
RUNIC_p_2TCGA235_237_250_242_mN_GenomeWideSNP_6_E02_1231222	11	19761315	19784002	17	-0.5557
RUNIC_p_2TCGA235_237_250_242_mN_GenomeWideSNP_6_E02_1231222	11	19786517	134272740	65473	0.0707
RUNIC_p_2TCGA235_237_250_242_mN_GenomeWideSNP_6_E02_1231222	12	780472	32946826	19531	0.0423
RUNIC_p_2TCGA235_237_250_242_mN_GenomeWideSNP_6_E02_1231222	12	32951222	40940857	1454	0.2438
RUNIC_p_2TCGA235_237_250_242_mN_GenomeWideSNP_6_E02_1231222	12	40942812	53205556	6554	0.0385
RUNIC_p_2TCGA235_237_250_242_mN_GenomeWideSNP_6_E02_1231222	12	53206033	99843101	28348	0.0242
RUNIC_p_2TCGA235_237_250_242_mN_GenomeWideSNP_6_E02_1231222	12	99843691	132605822	18531	0.0481
RUNIC_p_2TCGA235_237_250_242_mN_GenomeWideSNP_6_E02_1231222	13	18874255	27383775	4734	0.0382
RUNIC_p_2TCGA235_237_250_242_mN_GenomeWideSNP_6_E02_1231222	13	27384060	87920691	35292	0.0102
RUNIC_p_2TCGA235_237_250_242_mN_GenomeWideSNP_6_E02_1231222	13	87923838	87924290	2	-1.4807
RUNIC_p_2TCGA235_237_250_242_mN_GenomeWideSNP_6_E02_1231222	13	87926414	110333302	15022	0.013
RUNIC_p_2TCGA235_237_250_242_mN_GenomeWideSNP_6_E02_1231222	13	110333722	114226675	1998	0.0469
RUNIC_p_2TCGA235_237_250_242_mN_GenomeWideSNP_6_E02_1231222	14	20033191	105533894	49787	0.0353
RUNIC_p_2TCGA235_237_250_242_mN_GenomeWideSNP_6_E02_1231222	15	23437561	61861817	21631	-0.5743
RUNIC_p_2TCGA235_237_250_242_mN_GenomeWideSNP_6_E02_1231222	15	61863762	101344124	23189	0.0751
RUNIC_p_2TCGA235_237_250_242_mN_GenomeWideSNP_6_E02_1231222	16	603333	603845	5	-0.1811
RUNIC_p_2TCGA235_237_250_242_mN_GenomeWideSNP_6_E02_1231222	16	603862	3705621	927	0.021
RUNIC_p_2TCGA235_237_250_242_mN_GenomeWideSNP_6_E02_1231222	16	3706847	28096051	12283	0.0711
RUNIC_p_2TCGA235_237_250_242_mN_GenomeWideSNP_6_E02_1231222	16	28096152	31838978	863	0.0268
RUNIC_p_2TCGA235_237_250_242_mN_GenomeWideSNP_6_E02_1231222	16	31841585	73347807	16187	0.4701
RUNIC_p_2TCGA235_237_250_242_mN_GenomeWideSNP_6_E02_1231222	16	73356385	73357243	5	-0.5768
RUNIC_p_2TCGA235_237_250_242_mN_GenomeWideSNP_6_E02_1231222	16	73359422	79903460	5001	0.4802
RUNIC_p_2TCGA235_237_250_242_mN_GenomeWideSNP_6_E02_1231222	16	79905152	89317317	5989	-0.594
RUNIC_p_2TCGA235_237_250_242_mN_GenomeWideSNP_6_E02_1231222	17	1074619	17220547	8188	0.064
RUNIC_p_2TCGA235_237_250_242_mN_GenomeWideSNP_6_E02_1231222	17	17220667	17221339	2	1.8168
RUNIC_p_2TCGA235_237_250_242_mN_GenomeWideSNP_6_E02_1231222	17	17222727	50123247	11585	0.0521
RUNIC_p_2TCGA235_237_250_242_mN_GenomeWideSNP_6_E02_1231222	17	50124424	50126694	2	1.9798
RUNIC_p_2TCGA235_237_250_242_mN_GenomeWideSNP_6_E02_1231222	17	50130910	82442879	17261	0.0562
RUNIC_p_2TCGA235_237_250_242_mN_GenomeWideSNP_6_E02_1231222	17	82443018	82453586	3	1.5067
RUNIC_p_2TCGA235_237_250_242_mN_GenomeWideSNP_6_E02_1231222	17	82458038	82959812	299	0.023
RUNIC_p_2TCGA235_237_250_242_mN_GenomeWideSNP_6_E02_1231222	18	326691	9609443	5219	-0.5767
RUNIC_p_2TCGA235_237_250_242_mN_GenomeWideSNP_6_E02_1231222	18	9621040	9715007	74	0.1004
RUNIC_p_2TCGA235_237_250_242_mN_GenomeWideSNP_6_E02_1231222	18	9718884	12313666	1846	-0.5851
RUNIC_p_2TCGA235_237_250_242_mN_GenomeWideSNP_6_E02_1231222	18	12322746	12355974	13	0.0433
RUNIC_p_2TCGA235_237_250_242_mN_GenomeWideSNP_6_E02_1231222	18	12358745	13225296	466	-0.5438
RUNIC_p_2TCGA235_237_250_242_mN_GenomeWideSNP_6_E02_1231222	18	13227053	13422043	121	0.0945
RUNIC_p_2TCGA235_237_250_242_mN_GenomeWideSNP_6_E02_1231222	18	13423694	13470474	47	0.4604
RUNIC_p_2TCGA235_237_250_242_mN_GenomeWideSNP_6_E02_1231222	18	13474266	33526526	8031	0.0704
RUNIC_p_2TCGA235_237_250_242_mN_GenomeWideSNP_6_E02_1231222	18	33527795	33763998	156	0.5167
RUNIC_p_2TCGA235_237_250_242_mN_GenomeWideSNP_6_E02_1231222	18	33767198	38322826	2791	0.0693
RUNIC_p_2TCGA235_237_250_242_mN_GenomeWideSNP_6_E02_1231222	18	38326684	38582937	206	0.4723
RUNIC_p_2TCGA235_237_250_242_mN_GenomeWideSNP_6_E02_1231222	18	38584120	41443087	1625	0.0522
RUNIC_p_2TCGA235_237_250_242_mN_GenomeWideSNP_6_E02_1231222	18	41443960	41473664	21	0.5092
RUNIC_p_2TCGA235_237_250_242_mN_GenomeWideSNP_6_E02_1231222	18	41477671	60004955	12072	0.0723
RUNIC_p_2TCGA235_237_250_242_mN_GenomeWideSNP_6_E02_1231222	18	60012410	60219479	130	0.5139
RUNIC_p_2TCGA235_237_250_242_mN_GenomeWideSNP_6_E02_1231222	18	60220569	60649062	218	0.0568
RUNIC_p_2TCGA235_237_250_242_mN_GenomeWideSNP_6_E02_1231222	18	60649652	60725398	62	0.5019
RUNIC_p_2TCGA235_237_250_242_mN_GenomeWideSNP_6_E02_1231222	18	60725539	61080997	166	0.7796
RUNIC_p_2TCGA235_237_250_242_mN_GenomeWideSNP_6_E02_1231222	18	61084631	61730080	486	0.4917
RUNIC_p_2TCGA235_237_250_242_mN_GenomeWideSNP_6_E02_1231222	18	61732676	79349796	9213	0.0658
RUNIC_p_2TCGA235_237_250_242_mN_GenomeWideSNP_6_E02_1231222	19	283868	2171871	380	-0.002
RUNIC_p_2TCGA235_237_250_242_mN_GenomeWideSNP_6_E02_1231222	19	2182903	2185834	3	1.0966
RUNIC_p_2TCGA235_237_250_242_mN_GenomeWideSNP_6_E02_1231222	19	2186196	13015157	4221	0.0319
RUNIC_p_2TCGA235_237_250_242_mN_GenomeWideSNP_6_E02_1231222	19	13015958	13033158	4	1.4705
RUNIC_p_2TCGA235_237_250_242_mN_GenomeWideSNP_6_E02_1231222	19	13033434	14820825	752	0.0238
RUNIC_p_2TCGA235_237_250_242_mN_GenomeWideSNP_6_E02_1231222	19	14821415	14823079	2	1.5553
RUNIC_p_2TCGA235_237_250_242_mN_GenomeWideSNP_6_E02_1231222	19	14824079	22501942	2959	0.0227
RUNIC_p_2TCGA235_237_250_242_mN_GenomeWideSNP_6_E02_1231222	19	22502182	33875074	5144	0.0722
RUNIC_p_2TCGA235_237_250_242_mN_GenomeWideSNP_6_E02_1231222	19	33875120	58370362	10775	0.0429
RUNIC_p_2TCGA235_237_250_242_mN_GenomeWideSNP_6_E02_1231222	20	472817	63588502	37606	0.0897
RUNIC_p_2TCGA235_237_250_242_mN_GenomeWideSNP_6_E02_1231222	21	13974127	46262057	20790	0.0495
RUNIC_p_2TCGA235_237_250_242_mN_GenomeWideSNP_6_E02_1231222	22	16934932	36545018	9526	0.0894
RUNIC_p_2TCGA235_237_250_242_mN_GenomeWideSNP_6_E02_1231222	22	36555277	43260316	3367	0.0477
RUNIC_p_2TCGA235_237_250_242_mN_GenomeWideSNP_6_E02_1231222	22	43260696	45201031	1502	0.0798
RUNIC_p_2TCGA235_237_250_242_mN_GenomeWideSNP_6_E02_1231222	22	45201675	45202125	2	1.3896
RUNIC_p_2TCGA235_237_250_242_mN_GenomeWideSNP_6_E02_1231222	22	45208247	48940621	2700	0.0897
RUNIC_p_2TCGA235_237_250_242_mN_GenomeWideSNP_6_E02_1231222	X	3236359	27625222	10828	0.0016
RUNIC_p_2TCGA235_237_250_242_mN_GenomeWideSNP_6_E02_1231222	X	27633336	27634661	3	-2.4239
RUNIC_p_2TCGA235_237_250_242_mN_GenomeWideSNP_6_E02_1231222	X	27635324	83858288	21285	0
RUNIC_p_2TCGA235_237_250_242_mN_GenomeWideSNP_6_E02_1231222	X	83859094	83865321	2	1.9623
RUNIC_p_2TCGA235_237_250_242_mN_GenomeWideSNP_6_E02_1231222	X	83866422	89211448	2729	-0.0076
RUNIC_p_2TCGA235_237_250_242_mN_GenomeWideSNP_6_E02_1231222	X	89212862	93167711	964	-0.1377
RUNIC_p_2TCGA235_237_250_242_mN_GenomeWideSNP_6_E02_1231222	X	93168204	99425831	2582	-0.0061
RUNIC_p_2TCGA235_237_250_242_mN_GenomeWideSNP_6_E02_1231222	X	99427369	99427388	2	-2.7781
RUNIC_p_2TCGA235_237_250_242_mN_GenomeWideSNP_6_E02_1231222	X	99427883	155677414	25905	7e-04
