Sample	Chromosome	Start	End	Num_Probes	Segment_Mean
RUNIC_p_2TCGA235_237_250_242_mN_GenomeWideSNP_6_F07_1231180	1	3301765	29975370	14320	0.2507
RUNIC_p_2TCGA235_237_250_242_mN_GenomeWideSNP_6_F07_1231180	1	29987723	29992809	7	-0.7754
RUNIC_p_2TCGA235_237_250_242_mN_GenomeWideSNP_6_F07_1231180	1	29993005	57632122	15514	0.2557
RUNIC_p_2TCGA235_237_250_242_mN_GenomeWideSNP_6_F07_1231180	1	57634523	57671607	31	-0.346
RUNIC_p_2TCGA235_237_250_242_mN_GenomeWideSNP_6_F07_1231180	1	57675202	92721438	22101	0.2723
RUNIC_p_2TCGA235_237_250_242_mN_GenomeWideSNP_6_F07_1231180	1	92721867	92850300	50	-0.2984
RUNIC_p_2TCGA235_237_250_242_mN_GenomeWideSNP_6_F07_1231180	1	92855312	247650984	77814	0.2672
RUNIC_p_2TCGA235_237_250_242_mN_GenomeWideSNP_6_F07_1231180	2	480597	122485139	64977	-0.093
RUNIC_p_2TCGA235_237_250_242_mN_GenomeWideSNP_6_F07_1231180	2	122489393	122580584	66	-0.6587
RUNIC_p_2TCGA235_237_250_242_mN_GenomeWideSNP_6_F07_1231180	2	122581358	239120700	65744	-0.0856
RUNIC_p_2TCGA235_237_250_242_mN_GenomeWideSNP_6_F07_1231180	2	239123352	239255040	90	-0.3645
RUNIC_p_2TCGA235_237_250_242_mN_GenomeWideSNP_6_F07_1231180	2	239255512	241537572	1307	-0.1004
RUNIC_p_2TCGA235_237_250_242_mN_GenomeWideSNP_6_F07_1231180	3	2170634	39752162	22660	0.1166
RUNIC_p_2TCGA235_237_250_242_mN_GenomeWideSNP_6_F07_1231180	3	39753554	39776003	17	-0.3845
RUNIC_p_2TCGA235_237_250_242_mN_GenomeWideSNP_6_F07_1231180	3	39776466	69831562	17491	0.1135
RUNIC_p_2TCGA235_237_250_242_mN_GenomeWideSNP_6_F07_1231180	3	69832122	70032446	162	0.3038
RUNIC_p_2TCGA235_237_250_242_mN_GenomeWideSNP_6_F07_1231180	3	70038194	118152844	24659	0.1224
RUNIC_p_2TCGA235_237_250_242_mN_GenomeWideSNP_6_F07_1231180	3	118153037	118153755	4	-0.9686
RUNIC_p_2TCGA235_237_250_242_mN_GenomeWideSNP_6_F07_1231180	3	118158563	163880709	24816	0.1165
RUNIC_p_2TCGA235_237_250_242_mN_GenomeWideSNP_6_F07_1231180	3	163887032	163887310	2	-1.5292
RUNIC_p_2TCGA235_237_250_242_mN_GenomeWideSNP_6_F07_1231180	3	163888968	197812401	17377	0.1155
RUNIC_p_2TCGA235_237_250_242_mN_GenomeWideSNP_6_F07_1231180	4	1059384	42900717	25981	0.283
RUNIC_p_2TCGA235_237_250_242_mN_GenomeWideSNP_6_F07_1231180	4	43321532	140255844	51804	0.1189
RUNIC_p_2TCGA235_237_250_242_mN_GenomeWideSNP_6_F07_1231180	4	140260890	182075884	23261	-0.3373
RUNIC_p_2TCGA235_237_250_242_mN_GenomeWideSNP_6_F07_1231180	4	182080062	182115761	36	-1.006
RUNIC_p_2TCGA235_237_250_242_mN_GenomeWideSNP_6_F07_1231180	4	182120410	187842528	2465	-0.339
RUNIC_p_2TCGA235_237_250_242_mN_GenomeWideSNP_6_F07_1231180	5	913983	986593	31	0.1406
RUNIC_p_2TCGA235_237_250_242_mN_GenomeWideSNP_6_F07_1231180	5	987220	26368688	15310	0.2673
RUNIC_p_2TCGA235_237_250_242_mN_GenomeWideSNP_6_F07_1231180	5	26369345	175695053	83616	0.1015
RUNIC_p_2TCGA235_237_250_242_mN_GenomeWideSNP_6_F07_1231180	5	175696148	175697957	2	-1.9392
RUNIC_p_2TCGA235_237_250_242_mN_GenomeWideSNP_6_F07_1231180	5	175697978	180934240	2202	0.0805
RUNIC_p_2TCGA235_237_250_242_mN_GenomeWideSNP_6_F07_1231180	6	1011760	16057286	10735	0.2602
RUNIC_p_2TCGA235_237_250_242_mN_GenomeWideSNP_6_F07_1231180	6	16057312	16605180	390	0.4005
RUNIC_p_2TCGA235_237_250_242_mN_GenomeWideSNP_6_F07_1231180	6	16605388	33445241	8516	0.261
RUNIC_p_2TCGA235_237_250_242_mN_GenomeWideSNP_6_F07_1231180	6	33445711	55225809	13333	0.0923
RUNIC_p_2TCGA235_237_250_242_mN_GenomeWideSNP_6_F07_1231180	6	55226652	55546490	225	-0.086
RUNIC_p_2TCGA235_237_250_242_mN_GenomeWideSNP_6_F07_1231180	6	55549370	61646249	1019	0.0853
RUNIC_p_2TCGA235_237_250_242_mN_GenomeWideSNP_6_F07_1231180	6	61647677	63000931	587	0.2287
RUNIC_p_2TCGA235_237_250_242_mN_GenomeWideSNP_6_F07_1231180	6	63012424	83368845	11402	-0.0897
RUNIC_p_2TCGA235_237_250_242_mN_GenomeWideSNP_6_F07_1231180	6	83368906	162062922	47122	-0.3405
RUNIC_p_2TCGA235_237_250_242_mN_GenomeWideSNP_6_F07_1231180	6	162173909	163054393	232	-0.5681
RUNIC_p_2TCGA235_237_250_242_mN_GenomeWideSNP_6_F07_1231180	6	163055762	170596889	3629	-0.3539
RUNIC_p_2TCGA235_237_250_242_mN_GenomeWideSNP_6_F07_1231180	7	664936	1612142	193	0.0822
RUNIC_p_2TCGA235_237_250_242_mN_GenomeWideSNP_6_F07_1231180	7	1612641	41750608	23881	0.1334
RUNIC_p_2TCGA235_237_250_242_mN_GenomeWideSNP_6_F07_1231180	7	41761535	78264393	15360	0.1031
RUNIC_p_2TCGA235_237_250_242_mN_GenomeWideSNP_6_F07_1231180	7	78265380	78443347	150	-0.098
RUNIC_p_2TCGA235_237_250_242_mN_GenomeWideSNP_6_F07_1231180	7	78443385	107644734	15202	0.1121
RUNIC_p_2TCGA235_237_250_242_mN_GenomeWideSNP_6_F07_1231180	7	107652479	158592540	27253	0.4439
RUNIC_p_2TCGA235_237_250_242_mN_GenomeWideSNP_6_F07_1231180	8	667625	144182542	82236	0.2632
RUNIC_p_2TCGA235_237_250_242_mN_GenomeWideSNP_6_F07_1231180	9	789794	9476665	5399	-0.3483
RUNIC_p_2TCGA235_237_250_242_mN_GenomeWideSNP_6_F07_1231180	9	9481247	9760681	176	-0.6713
RUNIC_p_2TCGA235_237_250_242_mN_GenomeWideSNP_6_F07_1231180	9	9761183	138044505	62941	-0.3369
RUNIC_p_2TCGA235_237_250_242_mN_GenomeWideSNP_6_F07_1231180	10	366509	132112604	81008	-0.3408
RUNIC_p_2TCGA235_237_250_242_mN_GenomeWideSNP_6_F07_1231180	10	132112661	132112804	2	-2.2032
RUNIC_p_2TCGA235_237_250_242_mN_GenomeWideSNP_6_F07_1231180	10	132113051	133411599	354	-0.3528
RUNIC_p_2TCGA235_237_250_242_mN_GenomeWideSNP_6_F07_1231180	11	456012	134272740	77696	-0.3304
RUNIC_p_2TCGA235_237_250_242_mN_GenomeWideSNP_6_F07_1231180	12	780472	83378929	45753	0.054
RUNIC_p_2TCGA235_237_250_242_mN_GenomeWideSNP_6_F07_1231180	12	83381531	83405905	17	-0.5418
RUNIC_p_2TCGA235_237_250_242_mN_GenomeWideSNP_6_F07_1231180	12	83406380	132605822	28647	0.0458
RUNIC_p_2TCGA235_237_250_242_mN_GenomeWideSNP_6_F07_1231180	13	18874255	114226675	57026	-0.3093
RUNIC_p_2TCGA235_237_250_242_mN_GenomeWideSNP_6_F07_1231180	14	20033191	67788453	26570	-0.0916
RUNIC_p_2TCGA235_237_250_242_mN_GenomeWideSNP_6_F07_1231180	14	67790366	68573830	406	-0.3201
RUNIC_p_2TCGA235_237_250_242_mN_GenomeWideSNP_6_F07_1231180	14	68574615	105533894	22804	-0.1074
RUNIC_p_2TCGA235_237_250_242_mN_GenomeWideSNP_6_F07_1231180	15	23437561	101344124	44831	0.0753
RUNIC_p_2TCGA235_237_250_242_mN_GenomeWideSNP_6_F07_1231180	16	603333	73272606	30201	0.0813
RUNIC_p_2TCGA235_237_250_242_mN_GenomeWideSNP_6_F07_1231180	16	73275305	73297575	13	-0.4295
RUNIC_p_2TCGA235_237_250_242_mN_GenomeWideSNP_6_F07_1231180	16	73297797	89317317	11050	0.0854
RUNIC_p_2TCGA235_237_250_242_mN_GenomeWideSNP_6_F07_1231180	17	1074619	82959812	37339	0.0888
RUNIC_p_2TCGA235_237_250_242_mN_GenomeWideSNP_6_F07_1231180	18	326691	79349796	42969	0.0982
RUNIC_p_2TCGA235_237_250_242_mN_GenomeWideSNP_6_F07_1231180	19	283868	51193143	21130	-0.1444
RUNIC_p_2TCGA235_237_250_242_mN_GenomeWideSNP_6_F07_1231180	19	51194930	51196339	3	-1.4429
RUNIC_p_2TCGA235_237_250_242_mN_GenomeWideSNP_6_F07_1231180	19	51196555	58370362	3102	-0.1405
RUNIC_p_2TCGA235_237_250_242_mN_GenomeWideSNP_6_F07_1231180	20	472817	63588502	37603	0.0937
RUNIC_p_2TCGA235_237_250_242_mN_GenomeWideSNP_6_F07_1231180	21	13974127	46262057	20788	0.0727
RUNIC_p_2TCGA235_237_250_242_mN_GenomeWideSNP_6_F07_1231180	22	16934932	48940621	17098	0.09
RUNIC_p_2TCGA235_237_250_242_mN_GenomeWideSNP_6_F07_1231180	X	3236359	125965312	51212	-0.0048
RUNIC_p_2TCGA235_237_250_242_mN_GenomeWideSNP_6_F07_1231180	X	126158326	126160344	5	-1.5207
RUNIC_p_2TCGA235_237_250_242_mN_GenomeWideSNP_6_F07_1231180	X	126162996	153572289	12727	0.0019
RUNIC_p_2TCGA235_237_250_242_mN_GenomeWideSNP_6_F07_1231180	X	153572649	153597180	14	-0.946
RUNIC_p_2TCGA235_237_250_242_mN_GenomeWideSNP_6_F07_1231180	X	153601241	155677414	330	-0.0114
