Sample	Chromosome	Start	End	Num_Probes	Segment_Mean
RUNIC_p_2TCGA235_237_250_242_mN_GenomeWideSNP_6_F01_1231114	1	3301765	64683833	34779	0.0569
RUNIC_p_2TCGA235_237_250_242_mN_GenomeWideSNP_6_F01_1231114	1	64685154	85514249	12727	0.0383
RUNIC_p_2TCGA235_237_250_242_mN_GenomeWideSNP_6_F01_1231114	1	85514667	85537483	11	0.5973
RUNIC_p_2TCGA235_237_250_242_mN_GenomeWideSNP_6_F01_1231114	1	85540326	112418322	16019	0.0388
RUNIC_p_2TCGA235_237_250_242_mN_GenomeWideSNP_6_F01_1231114	1	112421990	119984772	4624	0.0646
RUNIC_p_2TCGA235_237_250_242_mN_GenomeWideSNP_6_F01_1231114	1	149906351	208931967	36576	0.7835
RUNIC_p_2TCGA235_237_250_242_mN_GenomeWideSNP_6_F01_1231114	1	208932022	237145315	18508	0.4829
RUNIC_p_2TCGA235_237_250_242_mN_GenomeWideSNP_6_F01_1231114	1	237146331	237570746	358	0.7821
RUNIC_p_2TCGA235_237_250_242_mN_GenomeWideSNP_6_F01_1231114	1	237571716	247565660	6170	1.0251
RUNIC_p_2TCGA235_237_250_242_mN_GenomeWideSNP_6_F01_1231114	1	247567547	247650984	50	0.7189
RUNIC_p_2TCGA235_237_250_242_mN_GenomeWideSNP_6_F01_1231114	2	480597	7174497	4092	0.0495
RUNIC_p_2TCGA235_237_250_242_mN_GenomeWideSNP_6_F01_1231114	2	7181806	7192667	11	-0.8265
RUNIC_p_2TCGA235_237_250_242_mN_GenomeWideSNP_6_F01_1231114	2	7192804	62850991	32850	0.051
RUNIC_p_2TCGA235_237_250_242_mN_GenomeWideSNP_6_F01_1231114	2	62855937	62917560	33	-0.6223
RUNIC_p_2TCGA235_237_250_242_mN_GenomeWideSNP_6_F01_1231114	2	62923432	134159434	33320	0.0487
RUNIC_p_2TCGA235_237_250_242_mN_GenomeWideSNP_6_F01_1231114	2	134160983	214498994	45301	0.0351
RUNIC_p_2TCGA235_237_250_242_mN_GenomeWideSNP_6_F01_1231114	2	214505328	225225774	6976	0.0626
RUNIC_p_2TCGA235_237_250_242_mN_GenomeWideSNP_6_F01_1231114	2	225226321	225242223	12	-0.6054
RUNIC_p_2TCGA235_237_250_242_mN_GenomeWideSNP_6_F01_1231114	2	225245715	230679636	3236	0.0238
RUNIC_p_2TCGA235_237_250_242_mN_GenomeWideSNP_6_F01_1231114	2	230679686	241537572	6381	0.0733
RUNIC_p_2TCGA235_237_250_242_mN_GenomeWideSNP_6_F01_1231114	3	2170634	76377619	44130	0.088
RUNIC_p_2TCGA235_237_250_242_mN_GenomeWideSNP_6_F01_1231114	3	76383768	95781111	8070	0.0598
RUNIC_p_2TCGA235_237_250_242_mN_GenomeWideSNP_6_F01_1231114	3	95781594	95787783	3	-1.5782
RUNIC_p_2TCGA235_237_250_242_mN_GenomeWideSNP_6_F01_1231114	3	95789820	117017892	11967	0.0603
RUNIC_p_2TCGA235_237_250_242_mN_GenomeWideSNP_6_F01_1231114	3	117018148	117365578	263	-0.6665
RUNIC_p_2TCGA235_237_250_242_mN_GenomeWideSNP_6_F01_1231114	3	117366829	136230515	10986	0.0904
RUNIC_p_2TCGA235_237_250_242_mN_GenomeWideSNP_6_F01_1231114	3	136233270	179233867	22065	0.0629
RUNIC_p_2TCGA235_237_250_242_mN_GenomeWideSNP_6_F01_1231114	3	179234001	197720090	9682	0.085
RUNIC_p_2TCGA235_237_250_242_mN_GenomeWideSNP_6_F01_1231114	3	197753630	197812401	28	0.5553
RUNIC_p_2TCGA235_237_250_242_mN_GenomeWideSNP_6_F01_1231114	4	1059384	3232514	858	0.0603
RUNIC_p_2TCGA235_237_250_242_mN_GenomeWideSNP_6_F01_1231114	4	3233253	10894879	4432	0.0867
RUNIC_p_2TCGA235_237_250_242_mN_GenomeWideSNP_6_F01_1231114	4	10895379	27723630	11529	0.0544
RUNIC_p_2TCGA235_237_250_242_mN_GenomeWideSNP_6_F01_1231114	4	27724366	35662157	4613	0.0156
RUNIC_p_2TCGA235_237_250_242_mN_GenomeWideSNP_6_F01_1231114	4	35663306	65709934	15116	0.0458
RUNIC_p_2TCGA235_237_250_242_mN_GenomeWideSNP_6_F01_1231114	4	65712096	68339321	1478	-0.679
RUNIC_p_2TCGA235_237_250_242_mN_GenomeWideSNP_6_F01_1231114	4	69452478	187842528	65526	0.0392
RUNIC_p_2TCGA235_237_250_242_mN_GenomeWideSNP_6_F01_1231114	5	914118	11352600	7532	0.0728
RUNIC_p_2TCGA235_237_250_242_mN_GenomeWideSNP_6_F01_1231114	5	11352989	13455453	1018	0.0149
RUNIC_p_2TCGA235_237_250_242_mN_GenomeWideSNP_6_F01_1231114	5	13456270	19048511	3071	0.0735
RUNIC_p_2TCGA235_237_250_242_mN_GenomeWideSNP_6_F01_1231114	5	19048884	30449443	5953	0.0177
RUNIC_p_2TCGA235_237_250_242_mN_GenomeWideSNP_6_F01_1231114	5	30450945	30451307	2	-1.4678
RUNIC_p_2TCGA235_237_250_242_mN_GenomeWideSNP_6_F01_1231114	5	30455177	30808805	188	-0.0189
RUNIC_p_2TCGA235_237_250_242_mN_GenomeWideSNP_6_F01_1231114	5	30810407	50829022	8391	0.0681
RUNIC_p_2TCGA235_237_250_242_mN_GenomeWideSNP_6_F01_1231114	5	50837510	50867251	24	0.456
RUNIC_p_2TCGA235_237_250_242_mN_GenomeWideSNP_6_F01_1231114	5	50867641	51088637	145	0.0549
RUNIC_p_2TCGA235_237_250_242_mN_GenomeWideSNP_6_F01_1231114	5	51092161	176618014	72900	-0.5581
RUNIC_p_2TCGA235_237_250_242_mN_GenomeWideSNP_6_F01_1231114	5	176622621	177627167	334	0.0272
RUNIC_p_2TCGA235_237_250_242_mN_GenomeWideSNP_6_F01_1231114	5	177631377	178926353	526	-0.5772
RUNIC_p_2TCGA235_237_250_242_mN_GenomeWideSNP_6_F01_1231114	5	178937516	180036334	628	0.0891
RUNIC_p_2TCGA235_237_250_242_mN_GenomeWideSNP_6_F01_1231114	5	180039498	180934240	389	-0.5433
RUNIC_p_2TCGA235_237_250_242_mN_GenomeWideSNP_6_F01_1231114	6	1011760	61647677	34216	0.1066
RUNIC_p_2TCGA235_237_250_242_mN_GenomeWideSNP_6_F01_1231114	6	61659709	64388824	1271	0.0258
RUNIC_p_2TCGA235_237_250_242_mN_GenomeWideSNP_6_F01_1231114	6	64389211	147991958	48252	-0.2405
RUNIC_p_2TCGA235_237_250_242_mN_GenomeWideSNP_6_F01_1231114	6	147992353	170596889	13448	-0.2204
RUNIC_p_2TCGA235_237_250_242_mN_GenomeWideSNP_6_F01_1231114	7	664936	51905210	30547	0.0855
RUNIC_p_2TCGA235_237_250_242_mN_GenomeWideSNP_6_F01_1231114	7	51905560	54616406	1810	0.0336
RUNIC_p_2TCGA235_237_250_242_mN_GenomeWideSNP_6_F01_1231114	7	54621151	113442554	25254	0.0797
RUNIC_p_2TCGA235_237_250_242_mN_GenomeWideSNP_6_F01_1231114	7	113445865	113462370	11	-0.7837
RUNIC_p_2TCGA235_237_250_242_mN_GenomeWideSNP_6_F01_1231114	7	113463209	141584023	15939	0.079
RUNIC_p_2TCGA235_237_250_242_mN_GenomeWideSNP_6_F01_1231114	7	141585752	147929231	2959	0.0387
RUNIC_p_2TCGA235_237_250_242_mN_GenomeWideSNP_6_F01_1231114	7	147936472	158592540	5521	0.0908
RUNIC_p_2TCGA235_237_250_242_mN_GenomeWideSNP_6_F01_1231114	8	667625	43080575	25088	-0.6019
RUNIC_p_2TCGA235_237_250_242_mN_GenomeWideSNP_6_F01_1231114	8	46547532	70040504	13464	1.0474
RUNIC_p_2TCGA235_237_250_242_mN_GenomeWideSNP_6_F01_1231114	8	70041692	70042599	7	-0.0824
RUNIC_p_2TCGA235_237_250_242_mN_GenomeWideSNP_6_F01_1231114	8	70048926	92007424	12244	1.0551
RUNIC_p_2TCGA235_237_250_242_mN_GenomeWideSNP_6_F01_1231114	8	92007733	92007901	4	-0.0414
RUNIC_p_2TCGA235_237_250_242_mN_GenomeWideSNP_6_F01_1231114	8	92008360	94544215	1505	1.0586
RUNIC_p_2TCGA235_237_250_242_mN_GenomeWideSNP_6_F01_1231114	8	94544231	94564122	22	0.5107
RUNIC_p_2TCGA235_237_250_242_mN_GenomeWideSNP_6_F01_1231114	8	94566121	144182542	29882	1.0493
RUNIC_p_2TCGA235_237_250_242_mN_GenomeWideSNP_6_F01_1231114	9	789794	21952149	13639	-0.5933
RUNIC_p_2TCGA235_237_250_242_mN_GenomeWideSNP_6_F01_1231114	9	21956079	22089600	113	-2.1276
RUNIC_p_2TCGA235_237_250_242_mN_GenomeWideSNP_6_F01_1231114	9	22096339	23673384	1033	-0.6209
RUNIC_p_2TCGA235_237_250_242_mN_GenomeWideSNP_6_F01_1231114	9	23676633	23679044	3	-2.6347
RUNIC_p_2TCGA235_237_250_242_mN_GenomeWideSNP_6_F01_1231114	9	23679629	33234652	5528	-0.6215
RUNIC_p_2TCGA235_237_250_242_mN_GenomeWideSNP_6_F01_1231114	9	33234720	37597598	2414	-0.5577
RUNIC_p_2TCGA235_237_250_242_mN_GenomeWideSNP_6_F01_1231114	9	37597708	71217570	2993	0.089
RUNIC_p_2TCGA235_237_250_242_mN_GenomeWideSNP_6_F01_1231114	9	71217761	81528206	7178	0.067
RUNIC_p_2TCGA235_237_250_242_mN_GenomeWideSNP_6_F01_1231114	9	81528545	138044505	35630	0.0898
RUNIC_p_2TCGA235_237_250_242_mN_GenomeWideSNP_6_F01_1231114	10	366509	19078078	13627	-9e-04
RUNIC_p_2TCGA235_237_250_242_mN_GenomeWideSNP_6_F01_1231114	10	19079327	20918071	1452	-0.0609
RUNIC_p_2TCGA235_237_250_242_mN_GenomeWideSNP_6_F01_1231114	10	20921941	27988740	4307	-0.013
RUNIC_p_2TCGA235_237_250_242_mN_GenomeWideSNP_6_F01_1231114	10	27988971	27989142	2	-1.3075
RUNIC_p_2TCGA235_237_250_242_mN_GenomeWideSNP_6_F01_1231114	10	27997120	28727989	512	-0.0205
RUNIC_p_2TCGA235_237_250_242_mN_GenomeWideSNP_6_F01_1231114	10	28730006	35984461	4884	0.0133
RUNIC_p_2TCGA235_237_250_242_mN_GenomeWideSNP_6_F01_1231114	10	35987144	55579314	8072	-0.0212
RUNIC_p_2TCGA235_237_250_242_mN_GenomeWideSNP_6_F01_1231114	10	55581565	133411599	48533	-0.3023
RUNIC_p_2TCGA235_237_250_242_mN_GenomeWideSNP_6_F01_1231114	11	456012	134272740	77608	-0.5875
RUNIC_p_2TCGA235_237_250_242_mN_GenomeWideSNP_6_F01_1231114	12	780472	71700434	38689	0.0511
RUNIC_p_2TCGA235_237_250_242_mN_GenomeWideSNP_6_F01_1231114	12	71703438	92181620	12083	0.0285
RUNIC_p_2TCGA235_237_250_242_mN_GenomeWideSNP_6_F01_1231114	12	92183009	132605822	23647	0.0586
RUNIC_p_2TCGA235_237_250_242_mN_GenomeWideSNP_6_F01_1231114	13	18874255	47258968	18085	0.5135
RUNIC_p_2TCGA235_237_250_242_mN_GenomeWideSNP_6_F01_1231114	13	47259824	93358930	25272	0.4899
RUNIC_p_2TCGA235_237_250_242_mN_GenomeWideSNP_6_F01_1231114	13	93359758	114226675	13695	0.509
RUNIC_p_2TCGA235_237_250_242_mN_GenomeWideSNP_6_F01_1231114	14	20033191	105533894	49720	-0.592
RUNIC_p_2TCGA235_237_250_242_mN_GenomeWideSNP_6_F01_1231114	15	23437561	101344124	44828	0.0903
RUNIC_p_2TCGA235_237_250_242_mN_GenomeWideSNP_6_F01_1231114	16	603333	31841585	14079	0.0949
RUNIC_p_2TCGA235_237_250_242_mN_GenomeWideSNP_6_F01_1231114	16	46470502	59407000	8481	-0.5653
RUNIC_p_2TCGA235_237_250_242_mN_GenomeWideSNP_6_F01_1231114	16	59410874	64639913	3264	-0.6172
RUNIC_p_2TCGA235_237_250_242_mN_GenomeWideSNP_6_F01_1231114	16	64644886	67395961	1822	-0.5679
RUNIC_p_2TCGA235_237_250_242_mN_GenomeWideSNP_6_F01_1231114	16	67403433	68003923	212	-0.3993
RUNIC_p_2TCGA235_237_250_242_mN_GenomeWideSNP_6_F01_1231114	16	68004860	89317317	13374	-0.5789
RUNIC_p_2TCGA235_237_250_242_mN_GenomeWideSNP_6_F01_1231114	17	1074619	82959812	37340	0.0506
RUNIC_p_2TCGA235_237_250_242_mN_GenomeWideSNP_6_F01_1231114	18	326691	25355182	10731	0.0993
RUNIC_p_2TCGA235_237_250_242_mN_GenomeWideSNP_6_F01_1231114	18	25355189	25355698	2	1.5665
RUNIC_p_2TCGA235_237_250_242_mN_GenomeWideSNP_6_F01_1231114	18	25357878	79349796	32233	0.0838
RUNIC_p_2TCGA235_237_250_242_mN_GenomeWideSNP_6_F01_1231114	19	283868	28048374	9317	0.0761
RUNIC_p_2TCGA235_237_250_242_mN_GenomeWideSNP_6_F01_1231114	19	28053208	36237418	5512	0.1061
RUNIC_p_2TCGA235_237_250_242_mN_GenomeWideSNP_6_F01_1231114	19	36238033	58370362	9412	0.0737
RUNIC_p_2TCGA235_237_250_242_mN_GenomeWideSNP_6_F01_1231114	20	472817	63588502	37608	0.0654
RUNIC_p_2TCGA235_237_250_242_mN_GenomeWideSNP_6_F01_1231114	21	13974127	15835762	1140	0.0705
RUNIC_p_2TCGA235_237_250_242_mN_GenomeWideSNP_6_F01_1231114	21	15839803	15840069	2	-1.4035
RUNIC_p_2TCGA235_237_250_242_mN_GenomeWideSNP_6_F01_1231114	21	15840520	17621164	1064	0.0726
RUNIC_p_2TCGA235_237_250_242_mN_GenomeWideSNP_6_F01_1231114	21	17624350	18559223	657	0.4837
RUNIC_p_2TCGA235_237_250_242_mN_GenomeWideSNP_6_F01_1231114	21	18560000	18680981	57	0.0392
RUNIC_p_2TCGA235_237_250_242_mN_GenomeWideSNP_6_F01_1231114	21	18681525	19288983	435	0.4699
RUNIC_p_2TCGA235_237_250_242_mN_GenomeWideSNP_6_F01_1231114	21	19289012	20074696	517	0.7741
RUNIC_p_2TCGA235_237_250_242_mN_GenomeWideSNP_6_F01_1231114	21	20075223	20684849	386	1.0113
RUNIC_p_2TCGA235_237_250_242_mN_GenomeWideSNP_6_F01_1231114	21	20691167	25397616	2826	0.0375
RUNIC_p_2TCGA235_237_250_242_mN_GenomeWideSNP_6_F01_1231114	21	25398908	46262057	13701	0.0909
RUNIC_p_2TCGA235_237_250_242_mN_GenomeWideSNP_6_F01_1231114	22	16934932	48940621	17100	0.1092
RUNIC_p_2TCGA235_237_250_242_mN_GenomeWideSNP_6_F01_1231114	X	3236359	155677414	64261	-0.0016
