Sample	Chromosome	Start	End	Num_Probes	Segment_Mean
SPICS_p_TCGA_B_314_315_316_NSP_GenomeWideSNP_6_E05_1361504	1	3301765	54842913	27639	0.0323
SPICS_p_TCGA_B_314_315_316_NSP_GenomeWideSNP_6_E05_1361504	1	54842936	54859286	15	0.2902
SPICS_p_TCGA_B_314_315_316_NSP_GenomeWideSNP_6_E05_1361504	1	54860121	77517552	15095	0.0769
SPICS_p_TCGA_B_314_315_316_NSP_GenomeWideSNP_6_E05_1361504	1	77517979	78370085	405	0.0437
SPICS_p_TCGA_B_314_315_316_NSP_GenomeWideSNP_6_E05_1361504	1	78370628	90024547	7332	0.556
SPICS_p_TCGA_B_314_315_316_NSP_GenomeWideSNP_6_E05_1361504	1	90030144	90731859	455	0.1119
SPICS_p_TCGA_B_314_315_316_NSP_GenomeWideSNP_6_E05_1361504	1	90734634	90946029	143	0.5525
SPICS_p_TCGA_B_314_315_316_NSP_GenomeWideSNP_6_E05_1361504	1	90952469	110932799	11448	0.0779
SPICS_p_TCGA_B_314_315_316_NSP_GenomeWideSNP_6_E05_1361504	1	110933219	119978092	5760	0.5288
SPICS_p_TCGA_B_314_315_316_NSP_GenomeWideSNP_6_E05_1361504	1	119979030	151767227	708	0.4525
SPICS_p_TCGA_B_314_315_316_NSP_GenomeWideSNP_6_E05_1361504	1	151767944	152431069	363	0.5314
SPICS_p_TCGA_B_314_315_316_NSP_GenomeWideSNP_6_E05_1361504	1	152436200	152459649	16	1.2181
SPICS_p_TCGA_B_314_315_316_NSP_GenomeWideSNP_6_E05_1361504	1	152461715	152828698	209	0.4977
SPICS_p_TCGA_B_314_315_316_NSP_GenomeWideSNP_6_E05_1361504	1	152838707	152881284	32	1.3326
SPICS_p_TCGA_B_314_315_316_NSP_GenomeWideSNP_6_E05_1361504	1	152882330	153256299	305	0.5427
SPICS_p_TCGA_B_314_315_316_NSP_GenomeWideSNP_6_E05_1361504	1	153257097	156725745	1572	0.4534
SPICS_p_TCGA_B_314_315_316_NSP_GenomeWideSNP_6_E05_1361504	1	156726976	183820717	18015	0.5233
SPICS_p_TCGA_B_314_315_316_NSP_GenomeWideSNP_6_E05_1361504	1	183821611	199816514	9423	0.5604
SPICS_p_TCGA_B_314_315_316_NSP_GenomeWideSNP_6_E05_1361504	1	199816914	206556294	4265	0.4932
SPICS_p_TCGA_B_314_315_316_NSP_GenomeWideSNP_6_E05_1361504	1	206559319	221389801	10254	0.536
SPICS_p_TCGA_B_314_315_316_NSP_GenomeWideSNP_6_E05_1361504	1	221394833	221395998	5	-0.8876
SPICS_p_TCGA_B_314_315_316_NSP_GenomeWideSNP_6_E05_1361504	1	221404507	228247953	4005	0.5282
SPICS_p_TCGA_B_314_315_316_NSP_GenomeWideSNP_6_E05_1361504	1	228249504	231680425	2100	-0.7512
SPICS_p_TCGA_B_314_315_316_NSP_GenomeWideSNP_6_E05_1361504	1	231680490	247650984	10530	0.527
SPICS_p_TCGA_B_314_315_316_NSP_GenomeWideSNP_6_E05_1361504	2	480597	131058235	69126	0.0622
SPICS_p_TCGA_B_314_315_316_NSP_GenomeWideSNP_6_E05_1361504	2	131058753	222429353	51811	0.077
SPICS_p_TCGA_B_314_315_316_NSP_GenomeWideSNP_6_E05_1361504	2	222429536	238832942	10115	0.0529
SPICS_p_TCGA_B_314_315_316_NSP_GenomeWideSNP_6_E05_1361504	2	238833881	240127535	689	0.4076
SPICS_p_TCGA_B_314_315_316_NSP_GenomeWideSNP_6_E05_1361504	2	240129181	241537572	719	5e-04
SPICS_p_TCGA_B_314_315_316_NSP_GenomeWideSNP_6_E05_1361504	3	2170634	49187796	27620	-0.7223
SPICS_p_TCGA_B_314_315_316_NSP_GenomeWideSNP_6_E05_1361504	3	49198763	52589583	1344	0.063
SPICS_p_TCGA_B_314_315_316_NSP_GenomeWideSNP_6_E05_1361504	3	52594610	52740868	66	0.4961
SPICS_p_TCGA_B_314_315_316_NSP_GenomeWideSNP_6_E05_1361504	3	52742648	59720118	4613	0.081
SPICS_p_TCGA_B_314_315_316_NSP_GenomeWideSNP_6_E05_1361504	3	61040294	61924518	585	0.5158
SPICS_p_TCGA_B_314_315_316_NSP_GenomeWideSNP_6_E05_1361504	3	61926698	90453712	17099	0.1002
SPICS_p_TCGA_B_314_315_316_NSP_GenomeWideSNP_6_E05_1361504	3	94015345	131819252	21329	-0.7052
SPICS_p_TCGA_B_314_315_316_NSP_GenomeWideSNP_6_E05_1361504	3	131836010	131845897	3	-2.5847
SPICS_p_TCGA_B_314_315_316_NSP_GenomeWideSNP_6_E05_1361504	3	131846025	141710567	5826	-0.7059
SPICS_p_TCGA_B_314_315_316_NSP_GenomeWideSNP_6_E05_1361504	3	141711241	141711315	2	-2.902
SPICS_p_TCGA_B_314_315_316_NSP_GenomeWideSNP_6_E05_1361504	3	141713222	197812401	28797	-0.7112
SPICS_p_TCGA_B_314_315_316_NSP_GenomeWideSNP_6_E05_1361504	4	1059384	8261771	4125	0.0538
SPICS_p_TCGA_B_314_315_316_NSP_GenomeWideSNP_6_E05_1361504	4	8263789	8268593	2	-1.1281
SPICS_p_TCGA_B_314_315_316_NSP_GenomeWideSNP_6_E05_1361504	4	8287270	10312736	765	0.0431
SPICS_p_TCGA_B_314_315_316_NSP_GenomeWideSNP_6_E05_1361504	4	10313472	61186449	29387	0.081
SPICS_p_TCGA_B_314_315_316_NSP_GenomeWideSNP_6_E05_1361504	4	61186738	160830053	55370	0.0935
SPICS_p_TCGA_B_314_315_316_NSP_GenomeWideSNP_6_E05_1361504	4	160830702	161319317	220	0.569
SPICS_p_TCGA_B_314_315_316_NSP_GenomeWideSNP_6_E05_1361504	4	161321144	187842528	13867	0.0917
SPICS_p_TCGA_B_314_315_316_NSP_GenomeWideSNP_6_E05_1361504	5	913983	2558576	683	0.0232
SPICS_p_TCGA_B_314_315_316_NSP_GenomeWideSNP_6_E05_1361504	5	2558800	52577805	26484	0.0702
SPICS_p_TCGA_B_314_315_316_NSP_GenomeWideSNP_6_E05_1361504	5	52577861	129536139	42668	0.0849
SPICS_p_TCGA_B_314_315_316_NSP_GenomeWideSNP_6_E05_1361504	5	129538298	175946505	29438	0.0747
SPICS_p_TCGA_B_314_315_316_NSP_GenomeWideSNP_6_E05_1361504	5	176241574	180934240	2055	0.0347
SPICS_p_TCGA_B_314_315_316_NSP_GenomeWideSNP_6_E05_1361504	6	1011760	24604829	16795	0.5327
SPICS_p_TCGA_B_314_315_316_NSP_GenomeWideSNP_6_E05_1361504	6	24605808	44333370	9572	0.5
SPICS_p_TCGA_B_314_315_316_NSP_GenomeWideSNP_6_E05_1361504	6	44333469	61524627	7851	0.5437
SPICS_p_TCGA_B_314_315_316_NSP_GenomeWideSNP_6_E05_1361504	6	61524628	64221067	1254	0.0833
SPICS_p_TCGA_B_314_315_316_NSP_GenomeWideSNP_6_E05_1361504	6	64223225	65615627	725	-0.6956
SPICS_p_TCGA_B_314_315_316_NSP_GenomeWideSNP_6_E05_1361504	6	65622659	65843946	135	0.062
SPICS_p_TCGA_B_314_315_316_NSP_GenomeWideSNP_6_E05_1361504	6	65845237	65890386	35	-0.7278
SPICS_p_TCGA_B_314_315_316_NSP_GenomeWideSNP_6_E05_1361504	6	65894368	66196314	189	0.0389
SPICS_p_TCGA_B_314_315_316_NSP_GenomeWideSNP_6_E05_1361504	6	66202173	66205058	7	-0.7832
SPICS_p_TCGA_B_314_315_316_NSP_GenomeWideSNP_6_E05_1361504	6	66205120	66465949	102	0.0256
SPICS_p_TCGA_B_314_315_316_NSP_GenomeWideSNP_6_E05_1361504	6	66468059	170596889	60622	-0.7192
SPICS_p_TCGA_B_314_315_316_NSP_GenomeWideSNP_6_E05_1361504	7	664936	1308281	116	0.0285
SPICS_p_TCGA_B_314_315_316_NSP_GenomeWideSNP_6_E05_1361504	7	1312909	1575026	65	-0.7699
SPICS_p_TCGA_B_314_315_316_NSP_GenomeWideSNP_6_E05_1361504	7	1581218	6724952	2123	0.0313
SPICS_p_TCGA_B_314_315_316_NSP_GenomeWideSNP_6_E05_1361504	7	6726603	42227003	22205	0.0811
SPICS_p_TCGA_B_314_315_316_NSP_GenomeWideSNP_6_E05_1361504	7	42227737	42227972	2	-1.3133
SPICS_p_TCGA_B_314_315_316_NSP_GenomeWideSNP_6_E05_1361504	7	42230723	54494770	7817	0.0709
SPICS_p_TCGA_B_314_315_316_NSP_GenomeWideSNP_6_E05_1361504	7	54514649	57864241	1357	-0.7092
SPICS_p_TCGA_B_314_315_316_NSP_GenomeWideSNP_6_E05_1361504	7	57865293	64045459	110	0.3638
SPICS_p_TCGA_B_314_315_316_NSP_GenomeWideSNP_6_E05_1361504	7	64045842	65733190	394	0.4816
SPICS_p_TCGA_B_314_315_316_NSP_GenomeWideSNP_6_E05_1361504	7	65735810	66021101	71	1.1396
SPICS_p_TCGA_B_314_315_316_NSP_GenomeWideSNP_6_E05_1361504	7	66023370	67346326	367	0.4782
SPICS_p_TCGA_B_314_315_316_NSP_GenomeWideSNP_6_E05_1361504	7	67349013	68419198	717	0.7937
SPICS_p_TCGA_B_314_315_316_NSP_GenomeWideSNP_6_E05_1361504	7	68419300	68442716	13	0.6483
SPICS_p_TCGA_B_314_315_316_NSP_GenomeWideSNP_6_E05_1361504	7	68447435	68745474	214	0.4675
SPICS_p_TCGA_B_314_315_316_NSP_GenomeWideSNP_6_E05_1361504	7	68749775	69040266	204	0.8354
SPICS_p_TCGA_B_314_315_316_NSP_GenomeWideSNP_6_E05_1361504	7	69044753	69135839	68	0.5049
SPICS_p_TCGA_B_314_315_316_NSP_GenomeWideSNP_6_E05_1361504	7	69141144	69249332	64	0.8468
SPICS_p_TCGA_B_314_315_316_NSP_GenomeWideSNP_6_E05_1361504	7	69253024	70951251	959	0.4993
SPICS_p_TCGA_B_314_315_316_NSP_GenomeWideSNP_6_E05_1361504	7	70951346	71341419	273	0.8231
SPICS_p_TCGA_B_314_315_316_NSP_GenomeWideSNP_6_E05_1361504	7	71346123	71631706	147	0.4741
SPICS_p_TCGA_B_314_315_316_NSP_GenomeWideSNP_6_E05_1361504	7	71637739	71856603	147	0.8214
SPICS_p_TCGA_B_314_315_316_NSP_GenomeWideSNP_6_E05_1361504	7	71859773	72900354	382	1.0594
SPICS_p_TCGA_B_314_315_316_NSP_GenomeWideSNP_6_E05_1361504	7	72905784	74408258	406	1.5953
SPICS_p_TCGA_B_314_315_316_NSP_GenomeWideSNP_6_E05_1361504	7	74408582	76130770	429	1.2843
SPICS_p_TCGA_B_314_315_316_NSP_GenomeWideSNP_6_E05_1361504	7	76131273	77705235	452	1.4641
SPICS_p_TCGA_B_314_315_316_NSP_GenomeWideSNP_6_E05_1361504	7	77711940	81484625	2508	0.5362
SPICS_p_TCGA_B_314_315_316_NSP_GenomeWideSNP_6_E05_1361504	7	81486532	81754650	164	1.4504
SPICS_p_TCGA_B_314_315_316_NSP_GenomeWideSNP_6_E05_1361504	7	81757805	97250668	8074	0.5372
SPICS_p_TCGA_B_314_315_316_NSP_GenomeWideSNP_6_E05_1361504	7	97250769	100011414	1243	0.4777
SPICS_p_TCGA_B_314_315_316_NSP_GenomeWideSNP_6_E05_1361504	7	100024230	100616864	159	0.7303
SPICS_p_TCGA_B_314_315_316_NSP_GenomeWideSNP_6_E05_1361504	7	100616904	109110132	4456	0.839
SPICS_p_TCGA_B_314_315_316_NSP_GenomeWideSNP_6_E05_1361504	7	109116602	125490181	8676	0.8802
SPICS_p_TCGA_B_314_315_316_NSP_GenomeWideSNP_6_E05_1361504	7	125490384	151564404	14079	1.0956
SPICS_p_TCGA_B_314_315_316_NSP_GenomeWideSNP_6_E05_1361504	7	151564616	152176768	343	1.2582
SPICS_p_TCGA_B_314_315_316_NSP_GenomeWideSNP_6_E05_1361504	7	152180877	158592540	3359	1.0681
SPICS_p_TCGA_B_314_315_316_NSP_GenomeWideSNP_6_E05_1361504	8	667625	48011478	25733	0.0602
SPICS_p_TCGA_B_314_315_316_NSP_GenomeWideSNP_6_E05_1361504	8	48011587	138608907	54516	0.0748
SPICS_p_TCGA_B_314_315_316_NSP_GenomeWideSNP_6_E05_1361504	8	138609125	144182542	2111	0.0477
SPICS_p_TCGA_B_314_315_316_NSP_GenomeWideSNP_6_E05_1361504	9	789794	965006	156	-0.4629
SPICS_p_TCGA_B_314_315_316_NSP_GenomeWideSNP_6_E05_1361504	9	1540009	21626574	13371	0.0715
SPICS_p_TCGA_B_314_315_316_NSP_GenomeWideSNP_6_E05_1361504	9	21626847	22472339	496	-0.4365
SPICS_p_TCGA_B_314_315_316_NSP_GenomeWideSNP_6_E05_1361504	9	22510755	33804032	6676	0.0693
SPICS_p_TCGA_B_314_315_316_NSP_GenomeWideSNP_6_E05_1361504	9	33804397	38599300	2809	0.0318
SPICS_p_TCGA_B_314_315_316_NSP_GenomeWideSNP_6_E05_1361504	9	38601936	106176048	25194	0.0668
SPICS_p_TCGA_B_314_315_316_NSP_GenomeWideSNP_6_E05_1361504	9	106176817	106181854	2	-1.497
SPICS_p_TCGA_B_314_315_316_NSP_GenomeWideSNP_6_E05_1361504	9	106188413	113319652	5143	0.0664
SPICS_p_TCGA_B_314_315_316_NSP_GenomeWideSNP_6_E05_1361504	9	113323143	113327307	2	-1.2053
SPICS_p_TCGA_B_314_315_316_NSP_GenomeWideSNP_6_E05_1361504	9	113327518	118831728	3998	0.0583
SPICS_p_TCGA_B_314_315_316_NSP_GenomeWideSNP_6_E05_1361504	9	118832732	119600196	676	-0.7227
SPICS_p_TCGA_B_314_315_316_NSP_GenomeWideSNP_6_E05_1361504	9	119603313	124053312	2941	0.066
SPICS_p_TCGA_B_314_315_316_NSP_GenomeWideSNP_6_E05_1361504	9	124053596	138044505	7207	0.0144
SPICS_p_TCGA_B_314_315_316_NSP_GenomeWideSNP_6_E05_1361504	10	366509	87406711	52341	-0.7275
SPICS_p_TCGA_B_314_315_316_NSP_GenomeWideSNP_6_E05_1361504	10	87407654	87861304	266	-3.3817
SPICS_p_TCGA_B_314_315_316_NSP_GenomeWideSNP_6_E05_1361504	10	87866697	87977344	195	-1.602
SPICS_p_TCGA_B_314_315_316_NSP_GenomeWideSNP_6_E05_1361504	10	87977797	88126652	135	-3.8161
SPICS_p_TCGA_B_314_315_316_NSP_GenomeWideSNP_6_E05_1361504	10	88130121	98332254	6154	-0.7107
SPICS_p_TCGA_B_314_315_316_NSP_GenomeWideSNP_6_E05_1361504	10	98332391	98332522	3	-2.9117
SPICS_p_TCGA_B_314_315_316_NSP_GenomeWideSNP_6_E05_1361504	10	98338125	133411599	22338	-0.7306
SPICS_p_TCGA_B_314_315_316_NSP_GenomeWideSNP_6_E05_1361504	11	456012	10723372	5681	0.0364
SPICS_p_TCGA_B_314_315_316_NSP_GenomeWideSNP_6_E05_1361504	11	10723813	32420390	14988	0.0628
SPICS_p_TCGA_B_314_315_316_NSP_GenomeWideSNP_6_E05_1361504	11	32420405	34446127	1218	0.0073
SPICS_p_TCGA_B_314_315_316_NSP_GenomeWideSNP_6_E05_1361504	11	34446301	45800069	7338	0.065
SPICS_p_TCGA_B_314_315_316_NSP_GenomeWideSNP_6_E05_1361504	11	45800884	61058695	4349	0.0454
SPICS_p_TCGA_B_314_315_316_NSP_GenomeWideSNP_6_E05_1361504	11	61060074	78250775	7665	0.0157
SPICS_p_TCGA_B_314_315_316_NSP_GenomeWideSNP_6_E05_1361504	11	78252279	134272740	36615	0.063
SPICS_p_TCGA_B_314_315_316_NSP_GenomeWideSNP_6_E05_1361504	12	780472	10459359	5308	0.0442
SPICS_p_TCGA_B_314_315_316_NSP_GenomeWideSNP_6_E05_1361504	12	10459552	46617294	18786	0.0767
SPICS_p_TCGA_B_314_315_316_NSP_GenomeWideSNP_6_E05_1361504	12	46617325	58575453	6385	0.0502
SPICS_p_TCGA_B_314_315_316_NSP_GenomeWideSNP_6_E05_1361504	12	58576210	108340912	31102	0.0802
SPICS_p_TCGA_B_314_315_316_NSP_GenomeWideSNP_6_E05_1361504	12	108341080	132605822	12967	0.0465
SPICS_p_TCGA_B_314_315_316_NSP_GenomeWideSNP_6_E05_1361504	13	18874255	56079901	22227	0.0655
SPICS_p_TCGA_B_314_315_316_NSP_GenomeWideSNP_6_E05_1361504	13	56089076	106738918	30130	0.0814
SPICS_p_TCGA_B_314_315_316_NSP_GenomeWideSNP_6_E05_1361504	13	106738954	114226675	4795	0.0595
SPICS_p_TCGA_B_314_315_316_NSP_GenomeWideSNP_6_E05_1361504	14	20033191	24605251	1786	0.0446
SPICS_p_TCGA_B_314_315_316_NSP_GenomeWideSNP_6_E05_1361504	14	24605505	62090005	21518	0.0732
SPICS_p_TCGA_B_314_315_316_NSP_GenomeWideSNP_6_E05_1361504	14	62090232	78074691	9703	0.0533
SPICS_p_TCGA_B_314_315_316_NSP_GenomeWideSNP_6_E05_1361504	14	78077033	88499040	6783	0.0804
SPICS_p_TCGA_B_314_315_316_NSP_GenomeWideSNP_6_E05_1361504	14	88499087	105533894	10085	0.0447
SPICS_p_TCGA_B_314_315_316_NSP_GenomeWideSNP_6_E05_1361504	15	23437561	101344124	44901	0.053
SPICS_p_TCGA_B_314_315_316_NSP_GenomeWideSNP_6_E05_1361504	16	603333	47074762	14322	0.0313
SPICS_p_TCGA_B_314_315_316_NSP_GenomeWideSNP_6_E05_1361504	16	47080410	66002860	12624	0.0591
SPICS_p_TCGA_B_314_315_316_NSP_GenomeWideSNP_6_E05_1361504	16	66009478	76094664	4931	0.0295
SPICS_p_TCGA_B_314_315_316_NSP_GenomeWideSNP_6_E05_1361504	16	76095457	83395368	6269	0.0633
SPICS_p_TCGA_B_314_315_316_NSP_GenomeWideSNP_6_E05_1361504	16	83395379	89317317	3169	0.0296
SPICS_p_TCGA_B_314_315_316_NSP_GenomeWideSNP_6_E05_1361504	17	1074619	50275509	19862	0.0187
SPICS_p_TCGA_B_314_315_316_NSP_GenomeWideSNP_6_E05_1361504	17	50277977	72384687	13020	0.0432
SPICS_p_TCGA_B_314_315_316_NSP_GenomeWideSNP_6_E05_1361504	17	72384709	82959812	4516	0.0086
SPICS_p_TCGA_B_314_315_316_NSP_GenomeWideSNP_6_E05_1361504	18	326691	79349796	43046	0.0746
SPICS_p_TCGA_B_314_315_316_NSP_GenomeWideSNP_6_E05_1361504	19	283868	21095341	7791	-0.0194
SPICS_p_TCGA_B_314_315_316_NSP_GenomeWideSNP_6_E05_1361504	19	21098170	32043187	4533	0.039
SPICS_p_TCGA_B_314_315_316_NSP_GenomeWideSNP_6_E05_1361504	19	32043221	58370362	11946	-0.0075
SPICS_p_TCGA_B_314_315_316_NSP_GenomeWideSNP_6_E05_1361504	20	472817	6370770	3559	0.0157
SPICS_p_TCGA_B_314_315_316_NSP_GenomeWideSNP_6_E05_1361504	20	6370890	25049140	12965	0.0567
SPICS_p_TCGA_B_314_315_316_NSP_GenomeWideSNP_6_E05_1361504	20	25050668	38002148	3860	0.0052
SPICS_p_TCGA_B_314_315_316_NSP_GenomeWideSNP_6_E05_1361504	20	38003908	61760004	16550	0.0348
SPICS_p_TCGA_B_314_315_316_NSP_GenomeWideSNP_6_E05_1361504	20	61760858	63588502	731	-0.0014
SPICS_p_TCGA_B_314_315_316_NSP_GenomeWideSNP_6_E05_1361504	21	13974127	30018189	10383	0.0728
SPICS_p_TCGA_B_314_315_316_NSP_GenomeWideSNP_6_E05_1361504	21	30018505	46262057	10442	0.0454
SPICS_p_TCGA_B_314_315_316_NSP_GenomeWideSNP_6_E05_1361504	22	16934932	48940621	17122	0.0203
SPICS_p_TCGA_B_314_315_316_NSP_GenomeWideSNP_6_E05_1361504	X	3236359	16833066	5511	0.0089
SPICS_p_TCGA_B_314_315_316_NSP_GenomeWideSNP_6_E05_1361504	X	16833433	16833866	2	-2.3226
SPICS_p_TCGA_B_314_315_316_NSP_GenomeWideSNP_6_E05_1361504	X	16840927	66412304	19836	-0.0052
SPICS_p_TCGA_B_314_315_316_NSP_GenomeWideSNP_6_E05_1361504	X	66412388	66412488	2	2.1806
SPICS_p_TCGA_B_314_315_316_NSP_GenomeWideSNP_6_E05_1361504	X	66412778	100262550	13445	-0.0035
SPICS_p_TCGA_B_314_315_316_NSP_GenomeWideSNP_6_E05_1361504	X	100262691	100262748	2	-2.2059
SPICS_p_TCGA_B_314_315_316_NSP_GenomeWideSNP_6_E05_1361504	X	100264450	113710859	6456	0.007
SPICS_p_TCGA_B_314_315_316_NSP_GenomeWideSNP_6_E05_1361504	X	113711486	113712310	3	-2.8231
SPICS_p_TCGA_B_314_315_316_NSP_GenomeWideSNP_6_E05_1361504	X	113715008	140596552	12292	-7e-04
SPICS_p_TCGA_B_314_315_316_NSP_GenomeWideSNP_6_E05_1361504	X	140596658	140597218	2	-3.5229
SPICS_p_TCGA_B_314_315_316_NSP_GenomeWideSNP_6_E05_1361504	X	140597908	155677414	6769	0.0066
