Sample	Chromosome	Start	End	Num_Probes	Segment_Mean
ALANG_p_TCGA_180_SNP_1N_GenomeWideSNP_6_H11_895930	1	3301765	4291398	550	-0.0251
ALANG_p_TCGA_180_SNP_1N_GenomeWideSNP_6_H11_895930	1	4291828	4307329	14	-0.6262
ALANG_p_TCGA_180_SNP_1N_GenomeWideSNP_6_H11_895930	1	4307522	19676420	8643	-0.0283
ALANG_p_TCGA_180_SNP_1N_GenomeWideSNP_6_H11_895930	1	19682387	46345355	13858	-0.0091
ALANG_p_TCGA_180_SNP_1N_GenomeWideSNP_6_H11_895930	1	46347595	247650984	106842	-0.0337
ALANG_p_TCGA_180_SNP_1N_GenomeWideSNP_6_H11_895930	2	480597	241537572	132251	-0.0195
ALANG_p_TCGA_180_SNP_1N_GenomeWideSNP_6_H11_895930	3	2170634	44946302	25524	-0.0369
ALANG_p_TCGA_180_SNP_1N_GenomeWideSNP_6_H11_895930	3	44948108	53605386	3995	0.0024
ALANG_p_TCGA_180_SNP_1N_GenomeWideSNP_6_H11_895930	3	53605912	175086598	66011	-0.0407
ALANG_p_TCGA_180_SNP_1N_GenomeWideSNP_6_H11_895930	3	175087178	175090139	2	-1.5604
ALANG_p_TCGA_180_SNP_1N_GenomeWideSNP_6_H11_895930	3	175090542	197812401	11713	-0.034
ALANG_p_TCGA_180_SNP_1N_GenomeWideSNP_6_H11_895930	4	1059384	36806042	22150	-0.047
ALANG_p_TCGA_180_SNP_1N_GenomeWideSNP_6_H11_895930	4	36806873	41042921	2607	-0.0075
ALANG_p_TCGA_180_SNP_1N_GenomeWideSNP_6_H11_895930	4	41043950	43645636	1407	-0.0477
ALANG_p_TCGA_180_SNP_1N_GenomeWideSNP_6_H11_895930	4	43648139	43677891	17	0.503
ALANG_p_TCGA_180_SNP_1N_GenomeWideSNP_6_H11_895930	4	43683444	112120533	36387	-0.0401
ALANG_p_TCGA_180_SNP_1N_GenomeWideSNP_6_H11_895930	4	112124421	112129953	7	-1.0237
ALANG_p_TCGA_180_SNP_1N_GenomeWideSNP_6_H11_895930	4	112133919	187842528	41049	-0.0478
ALANG_p_TCGA_180_SNP_1N_GenomeWideSNP_6_H11_895930	5	913983	7516442	4709	0.3625
ALANG_p_TCGA_180_SNP_1N_GenomeWideSNP_6_H11_895930	5	7516834	7862330	287	0.6756
ALANG_p_TCGA_180_SNP_1N_GenomeWideSNP_6_H11_895930	5	7862813	50828231	21193	0.378
ALANG_p_TCGA_180_SNP_1N_GenomeWideSNP_6_H11_895930	5	50829022	166249698	66227	-0.044
ALANG_p_TCGA_180_SNP_1N_GenomeWideSNP_6_H11_895930	5	166250539	166251121	2	-1.7764
ALANG_p_TCGA_180_SNP_1N_GenomeWideSNP_6_H11_895930	5	166251210	180934240	8800	-0.0501
ALANG_p_TCGA_180_SNP_1N_GenomeWideSNP_6_H11_895930	6	1011760	24738668	16843	-0.0378
ALANG_p_TCGA_180_SNP_1N_GenomeWideSNP_6_H11_895930	6	24739144	37823455	5280	-0.0027
ALANG_p_TCGA_180_SNP_1N_GenomeWideSNP_6_H11_895930	6	37823749	41096048	2433	-0.0408
ALANG_p_TCGA_180_SNP_1N_GenomeWideSNP_6_H11_895930	6	41098687	45447808	2351	-0.0013
ALANG_p_TCGA_180_SNP_1N_GenomeWideSNP_6_H11_895930	6	45449354	170596889	70317	-0.0497
ALANG_p_TCGA_180_SNP_1N_GenomeWideSNP_6_H11_895930	7	664936	1847089	278	0.5067
ALANG_p_TCGA_180_SNP_1N_GenomeWideSNP_6_H11_895930	7	1848705	7996567	2823	0.5471
ALANG_p_TCGA_180_SNP_1N_GenomeWideSNP_6_H11_895930	7	7999031	50729988	26625	0.5083
ALANG_p_TCGA_180_SNP_1N_GenomeWideSNP_6_H11_895930	7	50730436	70600824	6909	0.4858
ALANG_p_TCGA_180_SNP_1N_GenomeWideSNP_6_H11_895930	7	70603628	139036617	35518	0.5118
ALANG_p_TCGA_180_SNP_1N_GenomeWideSNP_6_H11_895930	7	139037122	140621762	766	0.5718
ALANG_p_TCGA_180_SNP_1N_GenomeWideSNP_6_H11_895930	7	140621972	148620666	4191	0.5037
ALANG_p_TCGA_180_SNP_1N_GenomeWideSNP_6_H11_895930	7	148623109	152195840	1667	0.5502
ALANG_p_TCGA_180_SNP_1N_GenomeWideSNP_6_H11_895930	7	152198017	158592540	3347	0.494
ALANG_p_TCGA_180_SNP_1N_GenomeWideSNP_6_H11_895930	8	667625	8978020	3749	-0.4795
ALANG_p_TCGA_180_SNP_1N_GenomeWideSNP_6_H11_895930	8	8980588	8981012	3	-3.1783
ALANG_p_TCGA_180_SNP_1N_GenomeWideSNP_6_H11_895930	8	8981603	43080575	21293	-0.4539
ALANG_p_TCGA_180_SNP_1N_GenomeWideSNP_6_H11_895930	8	46547532	103833192	32762	0.4774
ALANG_p_TCGA_180_SNP_1N_GenomeWideSNP_6_H11_895930	8	103833981	103836965	2	-0.8496
ALANG_p_TCGA_180_SNP_1N_GenomeWideSNP_6_H11_895930	8	103838250	128446240	14903	0.4841
ALANG_p_TCGA_180_SNP_1N_GenomeWideSNP_6_H11_895930	8	128452386	128461433	7	-0.6553
ALANG_p_TCGA_180_SNP_1N_GenomeWideSNP_6_H11_895930	8	128461760	130336114	1168	0.5098
ALANG_p_TCGA_180_SNP_1N_GenomeWideSNP_6_H11_895930	8	130336864	140551316	7727	0.4704
ALANG_p_TCGA_180_SNP_1N_GenomeWideSNP_6_H11_895930	8	140552358	144182542	606	0.5173
ALANG_p_TCGA_180_SNP_1N_GenomeWideSNP_6_H11_895930	9	789794	124783904	61780	-0.0396
ALANG_p_TCGA_180_SNP_1N_GenomeWideSNP_6_H11_895930	9	124784761	132773518	4574	-0.0026
ALANG_p_TCGA_180_SNP_1N_GenomeWideSNP_6_H11_895930	9	132775997	138044505	2210	-0.0332
ALANG_p_TCGA_180_SNP_1N_GenomeWideSNP_6_H11_895930	10	366509	64638921	38540	-0.0413
ALANG_p_TCGA_180_SNP_1N_GenomeWideSNP_6_H11_895930	10	64639652	64640112	2	-2.1625
ALANG_p_TCGA_180_SNP_1N_GenomeWideSNP_6_H11_895930	10	64643074	65688827	664	-0.0672
ALANG_p_TCGA_180_SNP_1N_GenomeWideSNP_6_H11_895930	10	65689159	120939334	34406	-0.0394
ALANG_p_TCGA_180_SNP_1N_GenomeWideSNP_6_H11_895930	10	120940767	133411599	7799	-0.0654
ALANG_p_TCGA_180_SNP_1N_GenomeWideSNP_6_H11_895930	11	456012	973976	137	-0.0771
ALANG_p_TCGA_180_SNP_1N_GenomeWideSNP_6_H11_895930	11	976019	56270130	30627	-0.1389
ALANG_p_TCGA_180_SNP_1N_GenomeWideSNP_6_H11_895930	11	56275224	60343649	2335	-0.0406
ALANG_p_TCGA_180_SNP_1N_GenomeWideSNP_6_H11_895930	11	60343679	67490111	2742	0.0047
ALANG_p_TCGA_180_SNP_1N_GenomeWideSNP_6_H11_895930	11	67490352	69446499	762	-0.0386
ALANG_p_TCGA_180_SNP_1N_GenomeWideSNP_6_H11_895930	11	69448736	69448775	2	-1.6645
ALANG_p_TCGA_180_SNP_1N_GenomeWideSNP_6_H11_895930	11	69449602	78698559	4826	-0.0346
ALANG_p_TCGA_180_SNP_1N_GenomeWideSNP_6_H11_895930	11	78698796	78700738	3	-1.6455
ALANG_p_TCGA_180_SNP_1N_GenomeWideSNP_6_H11_895930	11	78701585	122023317	27827	-0.0464
ALANG_p_TCGA_180_SNP_1N_GenomeWideSNP_6_H11_895930	11	122023573	122026689	2	-2.2955
ALANG_p_TCGA_180_SNP_1N_GenomeWideSNP_6_H11_895930	11	122027054	134272740	8472	-0.0497
ALANG_p_TCGA_180_SNP_1N_GenomeWideSNP_6_H11_895930	12	780472	25056830	14203	-0.0201
ALANG_p_TCGA_180_SNP_1N_GenomeWideSNP_6_H11_895930	12	25056936	25276261	267	0.3769
ALANG_p_TCGA_180_SNP_1N_GenomeWideSNP_6_H11_895930	12	25279471	25559140	219	-0.0063
ALANG_p_TCGA_180_SNP_1N_GenomeWideSNP_6_H11_895930	12	25568972	25874274	226	0.4178
ALANG_p_TCGA_180_SNP_1N_GenomeWideSNP_6_H11_895930	12	25875474	38827290	4842	-0.0211
ALANG_p_TCGA_180_SNP_1N_GenomeWideSNP_6_H11_895930	12	38829764	48017319	5114	-0.6366
ALANG_p_TCGA_180_SNP_1N_GenomeWideSNP_6_H11_895930	12	48018044	57539024	4826	-0.5814
ALANG_p_TCGA_180_SNP_1N_GenomeWideSNP_6_H11_895930	12	57539707	105700262	29815	-0.6322
ALANG_p_TCGA_180_SNP_1N_GenomeWideSNP_6_H11_895930	12	105702038	109873322	2649	0.056
ALANG_p_TCGA_180_SNP_1N_GenomeWideSNP_6_H11_895930	12	109874280	110560552	284	0.5315
ALANG_p_TCGA_180_SNP_1N_GenomeWideSNP_6_H11_895930	12	110564506	116202085	3447	0.0548
ALANG_p_TCGA_180_SNP_1N_GenomeWideSNP_6_H11_895930	12	116203875	116601505	261	0.5143
ALANG_p_TCGA_180_SNP_1N_GenomeWideSNP_6_H11_895930	12	116604537	116868400	164	0.0659
ALANG_p_TCGA_180_SNP_1N_GenomeWideSNP_6_H11_895930	12	116872430	116985044	5	0.5438
ALANG_p_TCGA_180_SNP_1N_GenomeWideSNP_6_H11_895930	12	116985459	117501818	395	0.7711
ALANG_p_TCGA_180_SNP_1N_GenomeWideSNP_6_H11_895930	12	117501918	118295626	553	0.4576
ALANG_p_TCGA_180_SNP_1N_GenomeWideSNP_6_H11_895930	12	118300649	118303124	4	0.2739
ALANG_p_TCGA_180_SNP_1N_GenomeWideSNP_6_H11_895930	12	118305982	118950113	406	-0.6228
ALANG_p_TCGA_180_SNP_1N_GenomeWideSNP_6_H11_895930	12	118950636	119072739	80	0.0562
ALANG_p_TCGA_180_SNP_1N_GenomeWideSNP_6_H11_895930	12	119073011	119073019	2	-1.1375
ALANG_p_TCGA_180_SNP_1N_GenomeWideSNP_6_H11_895930	12	119077232	119892351	544	0.0441
ALANG_p_TCGA_180_SNP_1N_GenomeWideSNP_6_H11_895930	12	119894128	119985009	18	0.5596
ALANG_p_TCGA_180_SNP_1N_GenomeWideSNP_6_H11_895930	12	119986089	125229631	2533	0.0972
ALANG_p_TCGA_180_SNP_1N_GenomeWideSNP_6_H11_895930	12	125230242	125264693	20	0.5925
ALANG_p_TCGA_180_SNP_1N_GenomeWideSNP_6_H11_895930	12	125265046	125272436	6	0.0212
ALANG_p_TCGA_180_SNP_1N_GenomeWideSNP_6_H11_895930	12	125275705	125284650	18	0.4061
ALANG_p_TCGA_180_SNP_1N_GenomeWideSNP_6_H11_895930	12	125287666	125938853	512	0.0351
ALANG_p_TCGA_180_SNP_1N_GenomeWideSNP_6_H11_895930	12	125947299	126109117	174	-0.6647
ALANG_p_TCGA_180_SNP_1N_GenomeWideSNP_6_H11_895930	12	126109174	126109841	2	-3.0853
ALANG_p_TCGA_180_SNP_1N_GenomeWideSNP_6_H11_895930	12	126110230	127536245	951	-0.6879
ALANG_p_TCGA_180_SNP_1N_GenomeWideSNP_6_H11_895930	12	127536618	127536662	2	-3.4639
ALANG_p_TCGA_180_SNP_1N_GenomeWideSNP_6_H11_895930	12	127536936	132605822	1687	-0.7087
ALANG_p_TCGA_180_SNP_1N_GenomeWideSNP_6_H11_895930	13	18874255	91839873	42355	-0.0374
ALANG_p_TCGA_180_SNP_1N_GenomeWideSNP_6_H11_895930	13	91840946	91844475	7	-0.833
ALANG_p_TCGA_180_SNP_1N_GenomeWideSNP_6_H11_895930	13	91849030	114226675	14715	-0.047
ALANG_p_TCGA_180_SNP_1N_GenomeWideSNP_6_H11_895930	14	20033191	105533894	49798	-0.0369
ALANG_p_TCGA_180_SNP_1N_GenomeWideSNP_6_H11_895930	15	23437561	38913267	7589	-0.0475
ALANG_p_TCGA_180_SNP_1N_GenomeWideSNP_6_H11_895930	15	38913966	94174588	32797	-0.0187
ALANG_p_TCGA_180_SNP_1N_GenomeWideSNP_6_H11_895930	15	94179566	101344124	4455	-0.0393
ALANG_p_TCGA_180_SNP_1N_GenomeWideSNP_6_H11_895930	16	603333	2128574	399	-0.3916
ALANG_p_TCGA_180_SNP_1N_GenomeWideSNP_6_H11_895930	16	2182793	2571147	124	0.2592
ALANG_p_TCGA_180_SNP_1N_GenomeWideSNP_6_H11_895930	16	2697856	4756194	971	0.658
ALANG_p_TCGA_180_SNP_1N_GenomeWideSNP_6_H11_895930	16	4757311	4911475	86	0.1967
ALANG_p_TCGA_180_SNP_1N_GenomeWideSNP_6_H11_895930	16	4915784	5032288	91	0.6622
ALANG_p_TCGA_180_SNP_1N_GenomeWideSNP_6_H11_895930	16	5041397	6375599	871	0.2313
ALANG_p_TCGA_180_SNP_1N_GenomeWideSNP_6_H11_895930	16	6375751	6481960	118	0.5738
ALANG_p_TCGA_180_SNP_1N_GenomeWideSNP_6_H11_895930	16	6484368	11251842	3179	0.2216
ALANG_p_TCGA_180_SNP_1N_GenomeWideSNP_6_H11_895930	16	11257354	11272732	22	-0.3143
ALANG_p_TCGA_180_SNP_1N_GenomeWideSNP_6_H11_895930	16	11274379	11299245	18	0.1813
ALANG_p_TCGA_180_SNP_1N_GenomeWideSNP_6_H11_895930	16	11300030	14617537	2374	0.5321
ALANG_p_TCGA_180_SNP_1N_GenomeWideSNP_6_H11_895930	16	14618728	19916261	629	0.2235
ALANG_p_TCGA_180_SNP_1N_GenomeWideSNP_6_H11_895930	16	19917232	21348993	794	0.5919
ALANG_p_TCGA_180_SNP_1N_GenomeWideSNP_6_H11_895930	16	22773239	24905335	1297	0.2163
ALANG_p_TCGA_180_SNP_1N_GenomeWideSNP_6_H11_895930	16	24911468	25000012	58	0.6592
ALANG_p_TCGA_180_SNP_1N_GenomeWideSNP_6_H11_895930	16	25000102	25832160	588	0.2319
ALANG_p_TCGA_180_SNP_1N_GenomeWideSNP_6_H11_895930	16	25834501	26208261	325	0.6206
ALANG_p_TCGA_180_SNP_1N_GenomeWideSNP_6_H11_895930	16	26213329	27891437	1116	0.223
ALANG_p_TCGA_180_SNP_1N_GenomeWideSNP_6_H11_895930	16	27894285	27932485	35	0.5855
ALANG_p_TCGA_180_SNP_1N_GenomeWideSNP_6_H11_895930	16	27932541	31756166	944	0.2547
ALANG_p_TCGA_180_SNP_1N_GenomeWideSNP_6_H11_895930	16	31756893	31841585	39	0.6629
ALANG_p_TCGA_180_SNP_1N_GenomeWideSNP_6_H11_895930	16	46470502	52007096	3339	-0.389
ALANG_p_TCGA_180_SNP_1N_GenomeWideSNP_6_H11_895930	16	52014970	52163862	105	0.1039
ALANG_p_TCGA_180_SNP_1N_GenomeWideSNP_6_H11_895930	16	52164129	52559228	303	-0.4063
ALANG_p_TCGA_180_SNP_1N_GenomeWideSNP_6_H11_895930	16	52559990	55365475	2174	0.1419
ALANG_p_TCGA_180_SNP_1N_GenomeWideSNP_6_H11_895930	16	55365483	61011223	3536	-0.3845
ALANG_p_TCGA_180_SNP_1N_GenomeWideSNP_6_H11_895930	16	61020931	64414220	2102	0.1415
ALANG_p_TCGA_180_SNP_1N_GenomeWideSNP_6_H11_895930	16	64415301	64462754	45	-0.3245
ALANG_p_TCGA_180_SNP_1N_GenomeWideSNP_6_H11_895930	16	64465076	65109623	493	0.1466
ALANG_p_TCGA_180_SNP_1N_GenomeWideSNP_6_H11_895930	16	65109674	65509098	273	-0.3907
ALANG_p_TCGA_180_SNP_1N_GenomeWideSNP_6_H11_895930	16	65511153	79711709	8579	0.1508
ALANG_p_TCGA_180_SNP_1N_GenomeWideSNP_6_H11_895930	16	79713988	79715777	7	-0.7206
ALANG_p_TCGA_180_SNP_1N_GenomeWideSNP_6_H11_895930	16	79716133	89317317	6217	0.1532
ALANG_p_TCGA_180_SNP_1N_GenomeWideSNP_6_H11_895930	17	1074619	21403258	9756	-0.3501
ALANG_p_TCGA_180_SNP_1N_GenomeWideSNP_6_H11_895930	17	26943385	33538834	3277	-0.0115
ALANG_p_TCGA_180_SNP_1N_GenomeWideSNP_6_H11_895930	17	33539048	33540706	2	-1.7128
ALANG_p_TCGA_180_SNP_1N_GenomeWideSNP_6_H11_895930	17	33540848	50985229	7165	0.0014
ALANG_p_TCGA_180_SNP_1N_GenomeWideSNP_6_H11_895930	17	50985481	74755524	13696	-0.0254
ALANG_p_TCGA_180_SNP_1N_GenomeWideSNP_6_H11_895930	17	74761382	76582724	774	0.0211
ALANG_p_TCGA_180_SNP_1N_GenomeWideSNP_6_H11_895930	17	76583581	82959812	2644	0.2769
ALANG_p_TCGA_180_SNP_1N_GenomeWideSNP_6_H11_895930	18	326691	79349796	42986	-0.0433
ALANG_p_TCGA_180_SNP_1N_GenomeWideSNP_6_H11_895930	19	283868	18541323	7200	-0.2004
ALANG_p_TCGA_180_SNP_1N_GenomeWideSNP_6_H11_895930	19	18542034	18544624	2	-2.4977
ALANG_p_TCGA_180_SNP_1N_GenomeWideSNP_6_H11_895930	19	18546412	23707692	1733	-0.2207
ALANG_p_TCGA_180_SNP_1N_GenomeWideSNP_6_H11_895930	19	23709460	58370362	15217	-0.3385
ALANG_p_TCGA_180_SNP_1N_GenomeWideSNP_6_H11_895930	20	472817	5401843	3099	0.1797
ALANG_p_TCGA_180_SNP_1N_GenomeWideSNP_6_H11_895930	20	5402497	15964976	6679	0.1361
ALANG_p_TCGA_180_SNP_1N_GenomeWideSNP_6_H11_895930	20	15971241	15981044	17	0.2917
ALANG_p_TCGA_180_SNP_1N_GenomeWideSNP_6_H11_895930	20	15985274	15988235	3	-1.4076
ALANG_p_TCGA_180_SNP_1N_GenomeWideSNP_6_H11_895930	20	15988345	16349477	355	0.1785
ALANG_p_TCGA_180_SNP_1N_GenomeWideSNP_6_H11_895930	20	16349995	31789970	7087	0.1321
ALANG_p_TCGA_180_SNP_1N_GenomeWideSNP_6_H11_895930	20	31790085	63588502	20377	0.1556
ALANG_p_TCGA_180_SNP_1N_GenomeWideSNP_6_H11_895930	21	13974127	46262057	20798	-0.0335
ALANG_p_TCGA_180_SNP_1N_GenomeWideSNP_6_H11_895930	22	16934932	34360728	8142	0.1639
ALANG_p_TCGA_180_SNP_1N_GenomeWideSNP_6_H11_895930	22	34361016	34361586	2	-1.1735
ALANG_p_TCGA_180_SNP_1N_GenomeWideSNP_6_H11_895930	22	34361776	35383642	910	0.1442
ALANG_p_TCGA_180_SNP_1N_GenomeWideSNP_6_H11_895930	22	35383851	43005073	3699	0.1981
ALANG_p_TCGA_180_SNP_1N_GenomeWideSNP_6_H11_895930	22	43006374	48940621	4350	0.156
ALANG_p_TCGA_180_SNP_1N_GenomeWideSNP_6_H11_895930	X	3236359	12879600	3408	0.0043
ALANG_p_TCGA_180_SNP_1N_GenomeWideSNP_6_H11_895930	X	12882796	12883841	2	-3.964
ALANG_p_TCGA_180_SNP_1N_GenomeWideSNP_6_H11_895930	X	12886326	93985864	32570	0.0186
ALANG_p_TCGA_180_SNP_1N_GenomeWideSNP_6_H11_895930	X	93986466	93986593	2	-4.221
ALANG_p_TCGA_180_SNP_1N_GenomeWideSNP_6_H11_895930	X	93988132	97845360	1429	0.0061
ALANG_p_TCGA_180_SNP_1N_GenomeWideSNP_6_H11_895930	X	97847626	97848464	4	-3.052
ALANG_p_TCGA_180_SNP_1N_GenomeWideSNP_6_H11_895930	X	97850242	153558270	26307	0.0034
ALANG_p_TCGA_180_SNP_1N_GenomeWideSNP_6_H11_895930	X	153559975	153568278	2	-5.4909
ALANG_p_TCGA_180_SNP_1N_GenomeWideSNP_6_H11_895930	X	153568702	155677414	345	0.0336
