Sample	Chromosome	Start	End	Num_Probes	Segment_Mean
RAZEE_p_TCGA_277_b2_N_GenomeWideSNP_6_B01_1320992	1	3301765	5731901	1759	-0.1145
RAZEE_p_TCGA_277_b2_N_GenomeWideSNP_6_B01_1320992	1	5732493	13681355	3786	-0.1489
RAZEE_p_TCGA_277_b2_N_GenomeWideSNP_6_B01_1320992	1	13687324	22911530	5528	-0.1082
RAZEE_p_TCGA_277_b2_N_GenomeWideSNP_6_B01_1320992	1	22911713	29096439	2654	-0.1393
RAZEE_p_TCGA_277_b2_N_GenomeWideSNP_6_B01_1320992	1	29100084	80536720	30573	-0.1019
RAZEE_p_TCGA_277_b2_N_GenomeWideSNP_6_B01_1320992	1	80536881	87826864	4721	-0.0654
RAZEE_p_TCGA_277_b2_N_GenomeWideSNP_6_B01_1320992	1	87826978	90525920	1723	-0.114
RAZEE_p_TCGA_277_b2_N_GenomeWideSNP_6_B01_1320992	1	90526003	101272457	6455	-0.0609
RAZEE_p_TCGA_277_b2_N_GenomeWideSNP_6_B01_1320992	1	101274526	101336599	68	0.3635
RAZEE_p_TCGA_277_b2_N_GenomeWideSNP_6_B01_1320992	1	101336633	101647485	232	0.573
RAZEE_p_TCGA_277_b2_N_GenomeWideSNP_6_B01_1320992	1	101647844	101743141	46	0.3932
RAZEE_p_TCGA_277_b2_N_GenomeWideSNP_6_B01_1320992	1	101743352	101751584	8	-0.0574
RAZEE_p_TCGA_277_b2_N_GenomeWideSNP_6_B01_1320992	1	101751625	101915097	151	0.364
RAZEE_p_TCGA_277_b2_N_GenomeWideSNP_6_B01_1320992	1	101922372	101960326	52	0.2713
RAZEE_p_TCGA_277_b2_N_GenomeWideSNP_6_B01_1320992	1	101962788	102003524	24	0.0058
RAZEE_p_TCGA_277_b2_N_GenomeWideSNP_6_B01_1320992	1	102003756	102836233	350	0.2646
RAZEE_p_TCGA_277_b2_N_GenomeWideSNP_6_B01_1320992	1	102838251	103054082	151	0.3626
RAZEE_p_TCGA_277_b2_N_GenomeWideSNP_6_B01_1320992	1	103054273	103307135	129	0.1265
RAZEE_p_TCGA_277_b2_N_GenomeWideSNP_6_B01_1320992	1	103308078	103515125	40	0.2871
RAZEE_p_TCGA_277_b2_N_GenomeWideSNP_6_B01_1320992	1	103520520	105189273	673	0.5383
RAZEE_p_TCGA_277_b2_N_GenomeWideSNP_6_B01_1320992	1	105189874	106504945	725	0.4147
RAZEE_p_TCGA_277_b2_N_GenomeWideSNP_6_B01_1320992	1	106506258	106753930	145	0.1638
RAZEE_p_TCGA_277_b2_N_GenomeWideSNP_6_B01_1320992	1	106755919	108593294	1122	0.352
RAZEE_p_TCGA_277_b2_N_GenomeWideSNP_6_B01_1320992	1	108594671	109282257	321	0.1695
RAZEE_p_TCGA_277_b2_N_GenomeWideSNP_6_B01_1320992	1	109284631	116230348	4481	0.1054
RAZEE_p_TCGA_277_b2_N_GenomeWideSNP_6_B01_1320992	1	116230888	149918981	2282	0.1913
RAZEE_p_TCGA_277_b2_N_GenomeWideSNP_6_B01_1320992	1	149927059	210247193	37551	0.0334
RAZEE_p_TCGA_277_b2_N_GenomeWideSNP_6_B01_1320992	1	210252382	210620956	304	-1.0906
RAZEE_p_TCGA_277_b2_N_GenomeWideSNP_6_B01_1320992	1	210622491	221315716	7159	0.0218
RAZEE_p_TCGA_277_b2_N_GenomeWideSNP_6_B01_1320992	1	221319834	221764616	323	0.5772
RAZEE_p_TCGA_277_b2_N_GenomeWideSNP_6_B01_1320992	1	221767440	236041821	8892	0.0221
RAZEE_p_TCGA_277_b2_N_GenomeWideSNP_6_B01_1320992	1	236042140	236431986	243	-0.5641
RAZEE_p_TCGA_277_b2_N_GenomeWideSNP_6_B01_1320992	1	236440911	245459004	6336	0.0255
RAZEE_p_TCGA_277_b2_N_GenomeWideSNP_6_B01_1320992	1	245460749	245473108	9	-1.3373
RAZEE_p_TCGA_277_b2_N_GenomeWideSNP_6_B01_1320992	1	245487127	247650984	859	0.0262
RAZEE_p_TCGA_277_b2_N_GenomeWideSNP_6_B01_1320992	2	480597	13389728	8274	0.2416
RAZEE_p_TCGA_277_b2_N_GenomeWideSNP_6_B01_1320992	2	13394851	13409547	2	1.6739
RAZEE_p_TCGA_277_b2_N_GenomeWideSNP_6_B01_1320992	2	13409603	111865911	50948	0.2304
RAZEE_p_TCGA_277_b2_N_GenomeWideSNP_6_B01_1320992	2	111867374	114925937	1680	-0.0991
RAZEE_p_TCGA_277_b2_N_GenomeWideSNP_6_B01_1320992	2	114927269	115280429	199	0.2571
RAZEE_p_TCGA_277_b2_N_GenomeWideSNP_6_B01_1320992	2	115285021	115589886	190	-0.1011
RAZEE_p_TCGA_277_b2_N_GenomeWideSNP_6_B01_1320992	2	115596768	115598334	2	-1.7976
RAZEE_p_TCGA_277_b2_N_GenomeWideSNP_6_B01_1320992	2	115598478	116280769	269	-0.1
RAZEE_p_TCGA_277_b2_N_GenomeWideSNP_6_B01_1320992	2	116281956	118484380	1007	0.138
RAZEE_p_TCGA_277_b2_N_GenomeWideSNP_6_B01_1320992	2	118485830	118668776	128	-0.0914
RAZEE_p_TCGA_277_b2_N_GenomeWideSNP_6_B01_1320992	2	118672417	118692587	16	0.3693
RAZEE_p_TCGA_277_b2_N_GenomeWideSNP_6_B01_1320992	2	118692613	119246218	427	-0.0419
RAZEE_p_TCGA_277_b2_N_GenomeWideSNP_6_B01_1320992	2	119246502	119248291	2	-1.0951
RAZEE_p_TCGA_277_b2_N_GenomeWideSNP_6_B01_1320992	2	119248705	119334478	74	0.0015
RAZEE_p_TCGA_277_b2_N_GenomeWideSNP_6_B01_1320992	2	119335243	119393202	38	0.2439
RAZEE_p_TCGA_277_b2_N_GenomeWideSNP_6_B01_1320992	2	119393825	120937314	801	-0.0651
RAZEE_p_TCGA_277_b2_N_GenomeWideSNP_6_B01_1320992	2	120938435	122151057	703	0.2433
RAZEE_p_TCGA_277_b2_N_GenomeWideSNP_6_B01_1320992	2	122151190	122201062	52	0.4539
RAZEE_p_TCGA_277_b2_N_GenomeWideSNP_6_B01_1320992	2	122206261	135005034	6081	-0.0714
RAZEE_p_TCGA_277_b2_N_GenomeWideSNP_6_B01_1320992	2	135005086	135016484	5	0.4711
RAZEE_p_TCGA_277_b2_N_GenomeWideSNP_6_B01_1320992	2	135017560	135154566	63	-0.5096
RAZEE_p_TCGA_277_b2_N_GenomeWideSNP_6_B01_1320992	2	135159274	135210751	24	-0.0807
RAZEE_p_TCGA_277_b2_N_GenomeWideSNP_6_B01_1320992	2	135212055	143081211	4409	-0.5702
RAZEE_p_TCGA_277_b2_N_GenomeWideSNP_6_B01_1320992	2	143081635	143219471	82	0.4715
RAZEE_p_TCGA_277_b2_N_GenomeWideSNP_6_B01_1320992	2	143223400	143854710	376	-0.5636
RAZEE_p_TCGA_277_b2_N_GenomeWideSNP_6_B01_1320992	2	143855402	143966172	57	0.4674
RAZEE_p_TCGA_277_b2_N_GenomeWideSNP_6_B01_1320992	2	143975421	144019420	20	-0.5579
RAZEE_p_TCGA_277_b2_N_GenomeWideSNP_6_B01_1320992	2	144020822	144041627	16	0.3782
RAZEE_p_TCGA_277_b2_N_GenomeWideSNP_6_B01_1320992	2	144046559	145416492	742	-0.539
RAZEE_p_TCGA_277_b2_N_GenomeWideSNP_6_B01_1320992	2	145420809	155162947	5661	-0.1098
RAZEE_p_TCGA_277_b2_N_GenomeWideSNP_6_B01_1320992	2	155163149	162123888	3971	0.2308
RAZEE_p_TCGA_277_b2_N_GenomeWideSNP_6_B01_1320992	2	162127239	162491176	205	-0.1024
RAZEE_p_TCGA_277_b2_N_GenomeWideSNP_6_B01_1320992	2	162493619	162846075	171	-0.5704
RAZEE_p_TCGA_277_b2_N_GenomeWideSNP_6_B01_1320992	2	162846753	163212155	184	-0.0536
RAZEE_p_TCGA_277_b2_N_GenomeWideSNP_6_B01_1320992	2	163212290	172684681	5747	-0.5578
RAZEE_p_TCGA_277_b2_N_GenomeWideSNP_6_B01_1320992	2	172685285	176985507	2822	-0.0611
RAZEE_p_TCGA_277_b2_N_GenomeWideSNP_6_B01_1320992	2	176990697	177126890	107	0.7488
RAZEE_p_TCGA_277_b2_N_GenomeWideSNP_6_B01_1320992	2	177128181	177180384	28	0.4639
RAZEE_p_TCGA_277_b2_N_GenomeWideSNP_6_B01_1320992	2	177184472	178644066	845	-0.0622
RAZEE_p_TCGA_277_b2_N_GenomeWideSNP_6_B01_1320992	2	178645699	179530502	497	0.2419
RAZEE_p_TCGA_277_b2_N_GenomeWideSNP_6_B01_1320992	2	179530724	179871781	272	0.5232
RAZEE_p_TCGA_277_b2_N_GenomeWideSNP_6_B01_1320992	2	179875088	179954544	53	0.0145
RAZEE_p_TCGA_277_b2_N_GenomeWideSNP_6_B01_1320992	2	179955877	181254788	812	0.6853
RAZEE_p_TCGA_277_b2_N_GenomeWideSNP_6_B01_1320992	2	181259114	184286588	1635	-0.0793
RAZEE_p_TCGA_277_b2_N_GenomeWideSNP_6_B01_1320992	2	184290169	184306330	2	1.4866
RAZEE_p_TCGA_277_b2_N_GenomeWideSNP_6_B01_1320992	2	184306640	184542207	169	-0.0831
RAZEE_p_TCGA_277_b2_N_GenomeWideSNP_6_B01_1320992	2	184548316	184865268	129	-0.5549
RAZEE_p_TCGA_277_b2_N_GenomeWideSNP_6_B01_1320992	2	184865860	184963378	49	0.1945
RAZEE_p_TCGA_277_b2_N_GenomeWideSNP_6_B01_1320992	2	184964945	185065589	51	-0.0368
RAZEE_p_TCGA_277_b2_N_GenomeWideSNP_6_B01_1320992	2	185065932	186800173	550	0.272
RAZEE_p_TCGA_277_b2_N_GenomeWideSNP_6_B01_1320992	2	186800221	187216447	204	-0.0601
RAZEE_p_TCGA_277_b2_N_GenomeWideSNP_6_B01_1320992	2	187219231	187322695	24	-0.5542
RAZEE_p_TCGA_277_b2_N_GenomeWideSNP_6_B01_1320992	2	187327121	187377271	31	-0.1983
RAZEE_p_TCGA_277_b2_N_GenomeWideSNP_6_B01_1320992	2	187378968	188168023	326	-0.5089
RAZEE_p_TCGA_277_b2_N_GenomeWideSNP_6_B01_1320992	2	188168989	190578413	1286	-0.2087
RAZEE_p_TCGA_277_b2_N_GenomeWideSNP_6_B01_1320992	2	190583523	190654900	47	0.1219
RAZEE_p_TCGA_277_b2_N_GenomeWideSNP_6_B01_1320992	2	190669181	191819605	741	-0.1943
RAZEE_p_TCGA_277_b2_N_GenomeWideSNP_6_B01_1320992	2	191823359	191910683	22	0.1817
RAZEE_p_TCGA_277_b2_N_GenomeWideSNP_6_B01_1320992	2	191915163	192071500	99	-0.144
RAZEE_p_TCGA_277_b2_N_GenomeWideSNP_6_B01_1320992	2	192072840	192102063	25	0.2197
RAZEE_p_TCGA_277_b2_N_GenomeWideSNP_6_B01_1320992	2	192102259	192128884	20	-0.2235
RAZEE_p_TCGA_277_b2_N_GenomeWideSNP_6_B01_1320992	2	192128925	192216521	54	0.1217
RAZEE_p_TCGA_277_b2_N_GenomeWideSNP_6_B01_1320992	2	192222835	193748963	564	-0.2178
RAZEE_p_TCGA_277_b2_N_GenomeWideSNP_6_B01_1320992	2	193750734	194841198	431	0.1573
RAZEE_p_TCGA_277_b2_N_GenomeWideSNP_6_B01_1320992	2	194851060	201320439	3426	-0.2248
RAZEE_p_TCGA_277_b2_N_GenomeWideSNP_6_B01_1320992	2	201320881	202656559	660	0.1474
RAZEE_p_TCGA_277_b2_N_GenomeWideSNP_6_B01_1320992	2	202663256	203514969	290	-0.116
RAZEE_p_TCGA_277_b2_N_GenomeWideSNP_6_B01_1320992	2	203521927	206010714	1741	0.1694
RAZEE_p_TCGA_277_b2_N_GenomeWideSNP_6_B01_1320992	2	206017672	230103816	14842	-0.2388
RAZEE_p_TCGA_277_b2_N_GenomeWideSNP_6_B01_1320992	2	230111946	230309705	134	-0.0052
RAZEE_p_TCGA_277_b2_N_GenomeWideSNP_6_B01_1320992	2	230311348	235591728	3087	-0.2619
RAZEE_p_TCGA_277_b2_N_GenomeWideSNP_6_B01_1320992	2	235594357	235834825	157	-0.8196
RAZEE_p_TCGA_277_b2_N_GenomeWideSNP_6_B01_1320992	2	235837490	241537572	3343	-0.2596
RAZEE_p_TCGA_277_b2_N_GenomeWideSNP_6_B01_1320992	3	2170634	6201255	1949	-0.4409
RAZEE_p_TCGA_277_b2_N_GenomeWideSNP_6_B01_1320992	3	6203133	6203149	2	-2.3544
RAZEE_p_TCGA_277_b2_N_GenomeWideSNP_6_B01_1320992	3	6203258	63116419	33201	-0.4374
RAZEE_p_TCGA_277_b2_N_GenomeWideSNP_6_B01_1320992	3	63117181	63160982	16	0.358
RAZEE_p_TCGA_277_b2_N_GenomeWideSNP_6_B01_1320992	3	63163002	69871397	5033	-0.4391
RAZEE_p_TCGA_277_b2_N_GenomeWideSNP_6_B01_1320992	3	69871518	117572392	24362	-0.5488
RAZEE_p_TCGA_277_b2_N_GenomeWideSNP_6_B01_1320992	3	117573901	117777248	140	-3.8932
RAZEE_p_TCGA_277_b2_N_GenomeWideSNP_6_B01_1320992	3	117778359	137360513	11153	-0.5349
RAZEE_p_TCGA_277_b2_N_GenomeWideSNP_6_B01_1320992	3	137362041	137407722	19	0.1632
RAZEE_p_TCGA_277_b2_N_GenomeWideSNP_6_B01_1320992	3	137410860	144371351	3708	-0.5333
RAZEE_p_TCGA_277_b2_N_GenomeWideSNP_6_B01_1320992	3	144374302	144767267	208	0.2275
RAZEE_p_TCGA_277_b2_N_GenomeWideSNP_6_B01_1320992	3	144767690	157887259	7042	-0.5508
RAZEE_p_TCGA_277_b2_N_GenomeWideSNP_6_B01_1320992	3	157894433	158122896	99	0.2378
RAZEE_p_TCGA_277_b2_N_GenomeWideSNP_6_B01_1320992	3	158130209	158303305	90	-0.5004
RAZEE_p_TCGA_277_b2_N_GenomeWideSNP_6_B01_1320992	3	158315061	158475723	80	0.2682
RAZEE_p_TCGA_277_b2_N_GenomeWideSNP_6_B01_1320992	3	158476931	158511087	17	-0.629
RAZEE_p_TCGA_277_b2_N_GenomeWideSNP_6_B01_1320992	3	158521108	158547126	19	0.2312
RAZEE_p_TCGA_277_b2_N_GenomeWideSNP_6_B01_1320992	3	158555404	163999057	2715	-0.5539
RAZEE_p_TCGA_277_b2_N_GenomeWideSNP_6_B01_1320992	3	164001313	164099483	59	0.2267
RAZEE_p_TCGA_277_b2_N_GenomeWideSNP_6_B01_1320992	3	164108178	167672547	1421	-0.5501
RAZEE_p_TCGA_277_b2_N_GenomeWideSNP_6_B01_1320992	3	167674855	167762199	40	0.2058
RAZEE_p_TCGA_277_b2_N_GenomeWideSNP_6_B01_1320992	3	167763984	168568101	453	-0.5423
RAZEE_p_TCGA_277_b2_N_GenomeWideSNP_6_B01_1320992	3	168572211	168575117	5	0.3843
RAZEE_p_TCGA_277_b2_N_GenomeWideSNP_6_B01_1320992	3	168576749	171622551	1907	-0.5665
RAZEE_p_TCGA_277_b2_N_GenomeWideSNP_6_B01_1320992	3	171972471	172007069	17	0.2238
RAZEE_p_TCGA_277_b2_N_GenomeWideSNP_6_B01_1320992	3	172013271	176042772	1938	-0.5794
RAZEE_p_TCGA_277_b2_N_GenomeWideSNP_6_B01_1320992	3	176045421	176434728	200	0.2237
RAZEE_p_TCGA_277_b2_N_GenomeWideSNP_6_B01_1320992	3	176437728	183221508	3687	-0.5521
RAZEE_p_TCGA_277_b2_N_GenomeWideSNP_6_B01_1320992	3	183221648	186832634	1638	-0.0698
RAZEE_p_TCGA_277_b2_N_GenomeWideSNP_6_B01_1320992	3	186835118	191511201	3258	-0.0431
RAZEE_p_TCGA_277_b2_N_GenomeWideSNP_6_B01_1320992	3	191511420	197799330	2656	-0.0913
RAZEE_p_TCGA_277_b2_N_GenomeWideSNP_6_B01_1320992	3	197803285	197812401	8	-0.3994
RAZEE_p_TCGA_277_b2_N_GenomeWideSNP_6_B01_1320992	4	1059384	38409234	23369	0.2232
RAZEE_p_TCGA_277_b2_N_GenomeWideSNP_6_B01_1320992	4	38409252	40863120	1244	0.1775
RAZEE_p_TCGA_277_b2_N_GenomeWideSNP_6_B01_1320992	4	40863571	63497379	10661	0.2276
RAZEE_p_TCGA_277_b2_N_GenomeWideSNP_6_B01_1320992	4	63501410	70816687	3531	-0.5835
RAZEE_p_TCGA_277_b2_N_GenomeWideSNP_6_B01_1320992	4	70821503	71080787	105	-0.0978
RAZEE_p_TCGA_277_b2_N_GenomeWideSNP_6_B01_1320992	4	71082587	74231771	1806	-0.5586
RAZEE_p_TCGA_277_b2_N_GenomeWideSNP_6_B01_1320992	4	74233734	79552077	3316	-0.0671
RAZEE_p_TCGA_277_b2_N_GenomeWideSNP_6_B01_1320992	4	79570490	96305101	9645	-0.5638
RAZEE_p_TCGA_277_b2_N_GenomeWideSNP_6_B01_1320992	4	96310727	96499990	100	-0.087
RAZEE_p_TCGA_277_b2_N_GenomeWideSNP_6_B01_1320992	4	96505245	116930354	11503	-0.5682
RAZEE_p_TCGA_277_b2_N_GenomeWideSNP_6_B01_1320992	4	116966550	118994256	1091	-0.0738
RAZEE_p_TCGA_277_b2_N_GenomeWideSNP_6_B01_1320992	4	118994418	119649614	383	0.2656
RAZEE_p_TCGA_277_b2_N_GenomeWideSNP_6_B01_1320992	4	119652408	119825720	109	-0.0796
RAZEE_p_TCGA_277_b2_N_GenomeWideSNP_6_B01_1320992	4	119825768	124017347	2413	0.2637
RAZEE_p_TCGA_277_b2_N_GenomeWideSNP_6_B01_1320992	4	124017482	125357803	780	-0.0671
RAZEE_p_TCGA_277_b2_N_GenomeWideSNP_6_B01_1320992	4	125360768	125366200	8	-0.6767
RAZEE_p_TCGA_277_b2_N_GenomeWideSNP_6_B01_1320992	4	125372142	125874911	296	-0.0604
RAZEE_p_TCGA_277_b2_N_GenomeWideSNP_6_B01_1320992	4	125875256	125885234	9	-0.6676
RAZEE_p_TCGA_277_b2_N_GenomeWideSNP_6_B01_1320992	4	125887036	125977105	48	-0.0935
RAZEE_p_TCGA_277_b2_N_GenomeWideSNP_6_B01_1320992	4	125977725	129172148	1502	-0.5652
RAZEE_p_TCGA_277_b2_N_GenomeWideSNP_6_B01_1320992	4	129177852	132453532	1568	-0.0887
RAZEE_p_TCGA_277_b2_N_GenomeWideSNP_6_B01_1320992	4	132463016	133722441	599	-0.5656
RAZEE_p_TCGA_277_b2_N_GenomeWideSNP_6_B01_1320992	4	133723278	134389347	166	-0.1353
RAZEE_p_TCGA_277_b2_N_GenomeWideSNP_6_B01_1320992	4	134393033	135273538	452	-0.5896
RAZEE_p_TCGA_277_b2_N_GenomeWideSNP_6_B01_1320992	4	135277012	142834512	4663	-0.0878
RAZEE_p_TCGA_277_b2_N_GenomeWideSNP_6_B01_1320992	4	142843400	143769473	525	-0.5478
RAZEE_p_TCGA_277_b2_N_GenomeWideSNP_6_B01_1320992	4	143773633	144929080	474	-0.1099
RAZEE_p_TCGA_277_b2_N_GenomeWideSNP_6_B01_1320992	4	144931704	147344987	1310	-0.0622
RAZEE_p_TCGA_277_b2_N_GenomeWideSNP_6_B01_1320992	4	147346421	153098916	3102	-0.1259
RAZEE_p_TCGA_277_b2_N_GenomeWideSNP_6_B01_1320992	4	153099540	160617174	4537	-0.6318
RAZEE_p_TCGA_277_b2_N_GenomeWideSNP_6_B01_1320992	4	160628061	162978756	1358	-0.1334
RAZEE_p_TCGA_277_b2_N_GenomeWideSNP_6_B01_1320992	4	162979188	163015033	26	0.2773
RAZEE_p_TCGA_277_b2_N_GenomeWideSNP_6_B01_1320992	4	163015821	165424314	1147	-0.1395
RAZEE_p_TCGA_277_b2_N_GenomeWideSNP_6_B01_1320992	4	165425470	167018545	911	-0.6426
RAZEE_p_TCGA_277_b2_N_GenomeWideSNP_6_B01_1320992	4	167018774	174466078	4040	-0.0851
RAZEE_p_TCGA_277_b2_N_GenomeWideSNP_6_B01_1320992	4	174467183	175894881	766	-0.6142
RAZEE_p_TCGA_277_b2_N_GenomeWideSNP_6_B01_1320992	4	175895872	176433799	365	-0.1233
RAZEE_p_TCGA_277_b2_N_GenomeWideSNP_6_B01_1320992	4	176444101	178058963	1002	-0.649
RAZEE_p_TCGA_277_b2_N_GenomeWideSNP_6_B01_1320992	4	178059890	180304095	1069	-0.1154
RAZEE_p_TCGA_277_b2_N_GenomeWideSNP_6_B01_1320992	4	180307168	180528202	181	-1.3399
RAZEE_p_TCGA_277_b2_N_GenomeWideSNP_6_B01_1320992	4	180531137	180604429	77	-0.0777
RAZEE_p_TCGA_277_b2_N_GenomeWideSNP_6_B01_1320992	4	181157671	181576753	350	-4.142
RAZEE_p_TCGA_277_b2_N_GenomeWideSNP_6_B01_1320992	4	181631890	182544763	768	-0.6049
RAZEE_p_TCGA_277_b2_N_GenomeWideSNP_6_B01_1320992	4	182546492	183286625	41	0.1581
RAZEE_p_TCGA_277_b2_N_GenomeWideSNP_6_B01_1320992	4	183288582	187842528	2083	-0.6445
RAZEE_p_TCGA_277_b2_N_GenomeWideSNP_6_B01_1320992	5	913983	22925704	13457	-0.1172
RAZEE_p_TCGA_277_b2_N_GenomeWideSNP_6_B01_1320992	5	22928010	27818578	2657	0.2059
RAZEE_p_TCGA_277_b2_N_GenomeWideSNP_6_B01_1320992	5	27819436	27848206	18	0.4609
RAZEE_p_TCGA_277_b2_N_GenomeWideSNP_6_B01_1320992	5	27848768	28121667	155	0.6787
RAZEE_p_TCGA_277_b2_N_GenomeWideSNP_6_B01_1320992	5	28126801	29484984	727	0.4256
RAZEE_p_TCGA_277_b2_N_GenomeWideSNP_6_B01_1320992	5	29486042	33669292	2814	0.2041
RAZEE_p_TCGA_277_b2_N_GenomeWideSNP_6_B01_1320992	5	33669532	38684533	2655	-0.1153
RAZEE_p_TCGA_277_b2_N_GenomeWideSNP_6_B01_1320992	5	38687793	45383300	3669	0.3923
RAZEE_p_TCGA_277_b2_N_GenomeWideSNP_6_B01_1320992	5	50828231	166552605	66418	0.1972
RAZEE_p_TCGA_277_b2_N_GenomeWideSNP_6_B01_1320992	5	166557183	166634712	55	-0.6167
RAZEE_p_TCGA_277_b2_N_GenomeWideSNP_6_B01_1320992	5	166638266	168937316	1640	0.1937
RAZEE_p_TCGA_277_b2_N_GenomeWideSNP_6_B01_1320992	5	168939553	168951387	9	-0.6884
RAZEE_p_TCGA_277_b2_N_GenomeWideSNP_6_B01_1320992	5	168953350	180934240	6882	0.1904
RAZEE_p_TCGA_277_b2_N_GenomeWideSNP_6_B01_1320992	6	1011760	1036050	35	0.3948
RAZEE_p_TCGA_277_b2_N_GenomeWideSNP_6_B01_1320992	6	1037778	69446967	38371	0.2402
RAZEE_p_TCGA_277_b2_N_GenomeWideSNP_6_B01_1320992	6	69447099	71247802	962	0.4245
RAZEE_p_TCGA_277_b2_N_GenomeWideSNP_6_B01_1320992	6	71248449	73298260	1347	0.0484
RAZEE_p_TCGA_277_b2_N_GenomeWideSNP_6_B01_1320992	6	73309615	73732186	201	0.4071
RAZEE_p_TCGA_277_b2_N_GenomeWideSNP_6_B01_1320992	6	73733835	73826632	76	0.2214
RAZEE_p_TCGA_277_b2_N_GenomeWideSNP_6_B01_1320992	6	73826750	73858456	17	0.4014
RAZEE_p_TCGA_277_b2_N_GenomeWideSNP_6_B01_1320992	6	73858474	75233353	843	0.1295
RAZEE_p_TCGA_277_b2_N_GenomeWideSNP_6_B01_1320992	6	75235832	77875331	1477	0.0483
RAZEE_p_TCGA_277_b2_N_GenomeWideSNP_6_B01_1320992	6	77875585	80566048	1300	0.2539
RAZEE_p_TCGA_277_b2_N_GenomeWideSNP_6_B01_1320992	6	80566072	82508195	1106	0.4831
RAZEE_p_TCGA_277_b2_N_GenomeWideSNP_6_B01_1320992	6	82509824	82766413	168	0.2418
RAZEE_p_TCGA_277_b2_N_GenomeWideSNP_6_B01_1320992	6	82766802	83518745	394	0.3889
RAZEE_p_TCGA_277_b2_N_GenomeWideSNP_6_B01_1320992	6	83519904	83520934	3	-0.6625
RAZEE_p_TCGA_277_b2_N_GenomeWideSNP_6_B01_1320992	6	83524112	83619428	59	0.4989
RAZEE_p_TCGA_277_b2_N_GenomeWideSNP_6_B01_1320992	6	83620415	83907400	146	0.2166
RAZEE_p_TCGA_277_b2_N_GenomeWideSNP_6_B01_1320992	6	83907451	84398164	334	0.49
RAZEE_p_TCGA_277_b2_N_GenomeWideSNP_6_B01_1320992	6	84398526	88027828	2074	0.2204
RAZEE_p_TCGA_277_b2_N_GenomeWideSNP_6_B01_1320992	6	88028529	89715929	1010	0.0145
RAZEE_p_TCGA_277_b2_N_GenomeWideSNP_6_B01_1320992	6	89718013	89937435	126	0.3201
RAZEE_p_TCGA_277_b2_N_GenomeWideSNP_6_B01_1320992	6	89941242	89943125	5	-0.2658
RAZEE_p_TCGA_277_b2_N_GenomeWideSNP_6_B01_1320992	6	89945142	90199977	166	0.2891
RAZEE_p_TCGA_277_b2_N_GenomeWideSNP_6_B01_1320992	6	90202945	90485829	227	-0.6406
RAZEE_p_TCGA_277_b2_N_GenomeWideSNP_6_B01_1320992	6	90489501	90686873	143	0.0819
RAZEE_p_TCGA_277_b2_N_GenomeWideSNP_6_B01_1320992	6	90689422	92611782	1126	0.2752
RAZEE_p_TCGA_277_b2_N_GenomeWideSNP_6_B01_1320992	6	92619312	92640045	12	0.779
RAZEE_p_TCGA_277_b2_N_GenomeWideSNP_6_B01_1320992	6	92640308	92668369	17	0.3619
RAZEE_p_TCGA_277_b2_N_GenomeWideSNP_6_B01_1320992	6	92668389	92745777	39	0.1014
RAZEE_p_TCGA_277_b2_N_GenomeWideSNP_6_B01_1320992	6	92748443	95990623	1093	0.4697
RAZEE_p_TCGA_277_b2_N_GenomeWideSNP_6_B01_1320992	6	95993061	96190545	144	0.6817
RAZEE_p_TCGA_277_b2_N_GenomeWideSNP_6_B01_1320992	6	96190934	96352199	96	0.528
RAZEE_p_TCGA_277_b2_N_GenomeWideSNP_6_B01_1320992	6	96352708	96563558	115	0.3621
RAZEE_p_TCGA_277_b2_N_GenomeWideSNP_6_B01_1320992	6	96565497	98755254	1268	0.2103
RAZEE_p_TCGA_277_b2_N_GenomeWideSNP_6_B01_1320992	6	98755651	99323321	413	0.5221
RAZEE_p_TCGA_277_b2_N_GenomeWideSNP_6_B01_1320992	6	99323664	99610145	176	0.3647
RAZEE_p_TCGA_277_b2_N_GenomeWideSNP_6_B01_1320992	6	99618677	99698238	67	0.6017
RAZEE_p_TCGA_277_b2_N_GenomeWideSNP_6_B01_1320992	6	99698894	102350594	1479	0.3618
RAZEE_p_TCGA_277_b2_N_GenomeWideSNP_6_B01_1320992	6	102351594	102871161	266	-0.6007
RAZEE_p_TCGA_277_b2_N_GenomeWideSNP_6_B01_1320992	6	102871398	102894061	17	0.315
RAZEE_p_TCGA_277_b2_N_GenomeWideSNP_6_B01_1320992	6	102894349	102923559	17	-0.5862
RAZEE_p_TCGA_277_b2_N_GenomeWideSNP_6_B01_1320992	6	102927547	106594310	2193	0.2361
RAZEE_p_TCGA_277_b2_N_GenomeWideSNP_6_B01_1320992	6	106596939	110293817	2188	-0.5906
RAZEE_p_TCGA_277_b2_N_GenomeWideSNP_6_B01_1320992	6	110298035	110484622	162	0.3676
RAZEE_p_TCGA_277_b2_N_GenomeWideSNP_6_B01_1320992	6	110484988	110727475	151	-0.5859
RAZEE_p_TCGA_277_b2_N_GenomeWideSNP_6_B01_1320992	6	110728352	110728480	2	-2.0885
RAZEE_p_TCGA_277_b2_N_GenomeWideSNP_6_B01_1320992	6	110730258	118227934	4324	-0.5759
RAZEE_p_TCGA_277_b2_N_GenomeWideSNP_6_B01_1320992	6	118816495	136650341	11084	0.2525
RAZEE_p_TCGA_277_b2_N_GenomeWideSNP_6_B01_1320992	6	136653968	136715696	40	0.6041
RAZEE_p_TCGA_277_b2_N_GenomeWideSNP_6_B01_1320992	6	136718899	139587637	1835	0.2394
RAZEE_p_TCGA_277_b2_N_GenomeWideSNP_6_B01_1320992	6	139591134	139595126	2	-0.9828
RAZEE_p_TCGA_277_b2_N_GenomeWideSNP_6_B01_1320992	6	139596304	154669531	9547	0.2453
RAZEE_p_TCGA_277_b2_N_GenomeWideSNP_6_B01_1320992	6	154669930	157648367	1756	-0.6074
RAZEE_p_TCGA_277_b2_N_GenomeWideSNP_6_B01_1320992	6	157648483	157648969	2	-2.4699
RAZEE_p_TCGA_277_b2_N_GenomeWideSNP_6_B01_1320992	6	157649029	160555116	1957	-0.5926
RAZEE_p_TCGA_277_b2_N_GenomeWideSNP_6_B01_1320992	6	160555754	160647076	42	0.2122
RAZEE_p_TCGA_277_b2_N_GenomeWideSNP_6_B01_1320992	6	160647445	160648010	11	-0.3914
RAZEE_p_TCGA_277_b2_N_GenomeWideSNP_6_B01_1320992	6	160648111	160687280	31	0.1213
RAZEE_p_TCGA_277_b2_N_GenomeWideSNP_6_B01_1320992	6	160692339	161130484	299	-0.6081
RAZEE_p_TCGA_277_b2_N_GenomeWideSNP_6_B01_1320992	6	161132601	161141235	11	0.4158
RAZEE_p_TCGA_277_b2_N_GenomeWideSNP_6_B01_1320992	6	161150119	165981879	2910	-0.6026
RAZEE_p_TCGA_277_b2_N_GenomeWideSNP_6_B01_1320992	6	165983119	166131373	102	0.317
RAZEE_p_TCGA_277_b2_N_GenomeWideSNP_6_B01_1320992	6	166131864	166134790	4	-0.5613
RAZEE_p_TCGA_277_b2_N_GenomeWideSNP_6_B01_1320992	6	166138318	166151308	7	0.4521
RAZEE_p_TCGA_277_b2_N_GenomeWideSNP_6_B01_1320992	6	166152783	166743536	457	-0.6169
RAZEE_p_TCGA_277_b2_N_GenomeWideSNP_6_B01_1320992	6	166745675	166843164	82	0.2412
RAZEE_p_TCGA_277_b2_N_GenomeWideSNP_6_B01_1320992	6	166847855	170596889	1018	-0.6006
RAZEE_p_TCGA_277_b2_N_GenomeWideSNP_6_B01_1320992	7	664936	665647	2	0.6112
RAZEE_p_TCGA_277_b2_N_GenomeWideSNP_6_B01_1320992	7	669137	15978394	7773	-0.0632
RAZEE_p_TCGA_277_b2_N_GenomeWideSNP_6_B01_1320992	7	15978471	15978487	2	1.3369
RAZEE_p_TCGA_277_b2_N_GenomeWideSNP_6_B01_1320992	7	15978882	48290690	20162	-0.063
RAZEE_p_TCGA_277_b2_N_GenomeWideSNP_6_B01_1320992	7	48290726	57861998	5674	0.0221
RAZEE_p_TCGA_277_b2_N_GenomeWideSNP_6_B01_1320992	7	57864241	63672748	9	-0.2252
RAZEE_p_TCGA_277_b2_N_GenomeWideSNP_6_B01_1320992	7	63675854	68263624	1537	0.2444
RAZEE_p_TCGA_277_b2_N_GenomeWideSNP_6_B01_1320992	7	68263785	69367938	751	0.5559
RAZEE_p_TCGA_277_b2_N_GenomeWideSNP_6_B01_1320992	7	69368080	69656607	138	0.9097
RAZEE_p_TCGA_277_b2_N_GenomeWideSNP_6_B01_1320992	7	69662368	69665980	4	0.4149
RAZEE_p_TCGA_277_b2_N_GenomeWideSNP_6_B01_1320992	7	69666183	70080324	238	-0.537
RAZEE_p_TCGA_277_b2_N_GenomeWideSNP_6_B01_1320992	7	70085167	70832585	474	0.8461
RAZEE_p_TCGA_277_b2_N_GenomeWideSNP_6_B01_1320992	7	70835745	71054178	99	0.4441
RAZEE_p_TCGA_277_b2_N_GenomeWideSNP_6_B01_1320992	7	71055560	71276316	163	0.6385
RAZEE_p_TCGA_277_b2_N_GenomeWideSNP_6_B01_1320992	7	71277214	71431704	106	0.4583
RAZEE_p_TCGA_277_b2_N_GenomeWideSNP_6_B01_1320992	7	71497397	71642239	89	0.6416
RAZEE_p_TCGA_277_b2_N_GenomeWideSNP_6_B01_1320992	7	71642891	71791098	104	0.775
RAZEE_p_TCGA_277_b2_N_GenomeWideSNP_6_B01_1320992	7	71796235	72411961	335	0.604
RAZEE_p_TCGA_277_b2_N_GenomeWideSNP_6_B01_1320992	7	72413805	77319265	1152	0.51
RAZEE_p_TCGA_277_b2_N_GenomeWideSNP_6_B01_1320992	7	77319874	77927697	320	0.3953
RAZEE_p_TCGA_277_b2_N_GenomeWideSNP_6_B01_1320992	7	77927855	86366652	5165	0.0418
RAZEE_p_TCGA_277_b2_N_GenomeWideSNP_6_B01_1320992	7	86369725	97826044	5782	0.2415
RAZEE_p_TCGA_277_b2_N_GenomeWideSNP_6_B01_1320992	7	97826474	107989214	4900	0.2133
RAZEE_p_TCGA_277_b2_N_GenomeWideSNP_6_B01_1320992	7	107991334	156330551	25923	0.2429
RAZEE_p_TCGA_277_b2_N_GenomeWideSNP_6_B01_1320992	7	156335270	156383879	40	-0.637
RAZEE_p_TCGA_277_b2_N_GenomeWideSNP_6_B01_1320992	7	156390632	158592540	1081	0.2414
RAZEE_p_TCGA_277_b2_N_GenomeWideSNP_6_B01_1320992	8	667625	43080575	25075	-0.5952
RAZEE_p_TCGA_277_b2_N_GenomeWideSNP_6_B01_1320992	8	46547532	130208689	48680	0.6956
RAZEE_p_TCGA_277_b2_N_GenomeWideSNP_6_B01_1320992	8	130212730	130320686	81	0.2399
RAZEE_p_TCGA_277_b2_N_GenomeWideSNP_6_B01_1320992	8	130321253	135951406	4358	0.6982
RAZEE_p_TCGA_277_b2_N_GenomeWideSNP_6_B01_1320992	8	135955574	135980058	28	0.1921
RAZEE_p_TCGA_277_b2_N_GenomeWideSNP_6_B01_1320992	8	135982709	141150299	3384	0.7008
RAZEE_p_TCGA_277_b2_N_GenomeWideSNP_6_B01_1320992	8	141153819	144177507	569	0.2271
RAZEE_p_TCGA_277_b2_N_GenomeWideSNP_6_B01_1320992	8	144177593	144182542	2	0.0113
RAZEE_p_TCGA_277_b2_N_GenomeWideSNP_6_B01_1320992	9	789794	834780	52	-0.1771
RAZEE_p_TCGA_277_b2_N_GenomeWideSNP_6_B01_1320992	9	839245	2145512	720	0.1792
RAZEE_p_TCGA_277_b2_N_GenomeWideSNP_6_B01_1320992	9	2152115	2294806	163	-0.1404
RAZEE_p_TCGA_277_b2_N_GenomeWideSNP_6_B01_1320992	9	2295086	2352431	42	0.1733
RAZEE_p_TCGA_277_b2_N_GenomeWideSNP_6_B01_1320992	9	2357818	2470305	103	0.4503
RAZEE_p_TCGA_277_b2_N_GenomeWideSNP_6_B01_1320992	9	2472254	4404472	1555	0.2518
RAZEE_p_TCGA_277_b2_N_GenomeWideSNP_6_B01_1320992	9	4411273	4562549	84	0.6469
RAZEE_p_TCGA_277_b2_N_GenomeWideSNP_6_B01_1320992	9	4563316	4776703	190	0.9952
RAZEE_p_TCGA_277_b2_N_GenomeWideSNP_6_B01_1320992	9	4778777	7906017	1474	-1.3008
RAZEE_p_TCGA_277_b2_N_GenomeWideSNP_6_B01_1320992	9	7910640	10135016	1376	0.4745
RAZEE_p_TCGA_277_b2_N_GenomeWideSNP_6_B01_1320992	9	10165285	10733474	287	-1.2717
RAZEE_p_TCGA_277_b2_N_GenomeWideSNP_6_B01_1320992	9	10735979	10741198	10	1.5128
RAZEE_p_TCGA_277_b2_N_GenomeWideSNP_6_B01_1320992	9	10755356	11275227	280	-1.4216
RAZEE_p_TCGA_277_b2_N_GenomeWideSNP_6_B01_1320992	9	12527414	13576368	654	-3.6738
RAZEE_p_TCGA_277_b2_N_GenomeWideSNP_6_B01_1320992	9	13577495	13617636	38	-5.7891
RAZEE_p_TCGA_277_b2_N_GenomeWideSNP_6_B01_1320992	9	13617854	14102613	432	0.1784
RAZEE_p_TCGA_277_b2_N_GenomeWideSNP_6_B01_1320992	9	14103243	14103619	3	-1.149
RAZEE_p_TCGA_277_b2_N_GenomeWideSNP_6_B01_1320992	9	14105814	18419152	3462	0.1861
RAZEE_p_TCGA_277_b2_N_GenomeWideSNP_6_B01_1320992	9	18419422	18434649	15	1.2506
RAZEE_p_TCGA_277_b2_N_GenomeWideSNP_6_B01_1320992	9	18443062	20136173	1399	0.1669
RAZEE_p_TCGA_277_b2_N_GenomeWideSNP_6_B01_1320992	9	20136920	21864674	1255	0.904
RAZEE_p_TCGA_277_b2_N_GenomeWideSNP_6_B01_1320992	9	21865498	22838083	609	-3.5274
RAZEE_p_TCGA_277_b2_N_GenomeWideSNP_6_B01_1320992	9	22851022	23930658	760	0.1891
RAZEE_p_TCGA_277_b2_N_GenomeWideSNP_6_B01_1320992	9	23933252	23941566	6	0.8339
RAZEE_p_TCGA_277_b2_N_GenomeWideSNP_6_B01_1320992	9	23948161	24714315	416	0.1738
RAZEE_p_TCGA_277_b2_N_GenomeWideSNP_6_B01_1320992	9	24717138	25099941	280	0.439
RAZEE_p_TCGA_277_b2_N_GenomeWideSNP_6_B01_1320992	9	25108017	25129608	18	-1.1889
RAZEE_p_TCGA_277_b2_N_GenomeWideSNP_6_B01_1320992	9	25142244	25194953	35	0.4778
RAZEE_p_TCGA_277_b2_N_GenomeWideSNP_6_B01_1320992	9	25195025	25427789	99	0.7055
RAZEE_p_TCGA_277_b2_N_GenomeWideSNP_6_B01_1320992	9	25429512	25537538	68	0.9586
RAZEE_p_TCGA_277_b2_N_GenomeWideSNP_6_B01_1320992	9	25544795	26110014	343	1.5366
RAZEE_p_TCGA_277_b2_N_GenomeWideSNP_6_B01_1320992	9	26113425	26439644	104	0.9277
RAZEE_p_TCGA_277_b2_N_GenomeWideSNP_6_B01_1320992	9	26439833	27487351	755	1.1108
RAZEE_p_TCGA_277_b2_N_GenomeWideSNP_6_B01_1320992	9	27488094	27797136	234	0.8277
RAZEE_p_TCGA_277_b2_N_GenomeWideSNP_6_B01_1320992	9	27799233	27924557	106	1.0557
RAZEE_p_TCGA_277_b2_N_GenomeWideSNP_6_B01_1320992	9	27926115	27983687	80	0.8773
RAZEE_p_TCGA_277_b2_N_GenomeWideSNP_6_B01_1320992	9	27983849	29681643	667	0.6598
RAZEE_p_TCGA_277_b2_N_GenomeWideSNP_6_B01_1320992	9	29682403	29726515	29	0.7631
RAZEE_p_TCGA_277_b2_N_GenomeWideSNP_6_B01_1320992	9	29726705	30001540	49	1.1107
RAZEE_p_TCGA_277_b2_N_GenomeWideSNP_6_B01_1320992	9	30008345	33166236	1998	0.829
RAZEE_p_TCGA_277_b2_N_GenomeWideSNP_6_B01_1320992	9	33173018	34474993	716	0.7528
RAZEE_p_TCGA_277_b2_N_GenomeWideSNP_6_B01_1320992	9	34479742	34804765	174	1.286
RAZEE_p_TCGA_277_b2_N_GenomeWideSNP_6_B01_1320992	9	34804780	34926318	66	0.7292
RAZEE_p_TCGA_277_b2_N_GenomeWideSNP_6_B01_1320992	9	34926931	35015231	45	1.0583
RAZEE_p_TCGA_277_b2_N_GenomeWideSNP_6_B01_1320992	9	35017073	35440437	210	1.2556
RAZEE_p_TCGA_277_b2_N_GenomeWideSNP_6_B01_1320992	9	35448365	36444442	523	1.0569
RAZEE_p_TCGA_277_b2_N_GenomeWideSNP_6_B01_1320992	9	36448073	37102255	497	0.8011
RAZEE_p_TCGA_277_b2_N_GenomeWideSNP_6_B01_1320992	9	37105348	37294437	76	0.4658
RAZEE_p_TCGA_277_b2_N_GenomeWideSNP_6_B01_1320992	9	37303492	37390967	45	0.8345
RAZEE_p_TCGA_277_b2_N_GenomeWideSNP_6_B01_1320992	9	37392090	37701376	206	0.3941
RAZEE_p_TCGA_277_b2_N_GenomeWideSNP_6_B01_1320992	9	37702877	37716703	16	0.656
RAZEE_p_TCGA_277_b2_N_GenomeWideSNP_6_B01_1320992	9	37719014	38206043	307	0.8239
RAZEE_p_TCGA_277_b2_N_GenomeWideSNP_6_B01_1320992	9	38206365	38569160	291	0.9721
RAZEE_p_TCGA_277_b2_N_GenomeWideSNP_6_B01_1320992	9	38579867	38752071	171	0.7905
RAZEE_p_TCGA_277_b2_N_GenomeWideSNP_6_B01_1320992	9	68423153	69675622	1015	-0.1959
RAZEE_p_TCGA_277_b2_N_GenomeWideSNP_6_B01_1320992	9	69675917	106772305	24379	0.1795
RAZEE_p_TCGA_277_b2_N_GenomeWideSNP_6_B01_1320992	9	106773875	117439690	7768	0.254
RAZEE_p_TCGA_277_b2_N_GenomeWideSNP_6_B01_1320992	9	117440299	122607241	3689	0.1888
RAZEE_p_TCGA_277_b2_N_GenomeWideSNP_6_B01_1320992	9	122607556	131191582	4839	0.1366
RAZEE_p_TCGA_277_b2_N_GenomeWideSNP_6_B01_1320992	9	131195294	137142577	2982	0.1794
RAZEE_p_TCGA_277_b2_N_GenomeWideSNP_6_B01_1320992	9	137148611	137156786	5	-0.7784
RAZEE_p_TCGA_277_b2_N_GenomeWideSNP_6_B01_1320992	9	137190033	138044505	247	0.1623
RAZEE_p_TCGA_277_b2_N_GenomeWideSNP_6_B01_1320992	10	366509	599934	60	-0.301
RAZEE_p_TCGA_277_b2_N_GenomeWideSNP_6_B01_1320992	10	599976	5887097	3490	-0.2563
RAZEE_p_TCGA_277_b2_N_GenomeWideSNP_6_B01_1320992	10	5887733	6155737	234	0.151
RAZEE_p_TCGA_277_b2_N_GenomeWideSNP_6_B01_1320992	10	6156311	7493345	1099	-0.0362
RAZEE_p_TCGA_277_b2_N_GenomeWideSNP_6_B01_1320992	10	7494253	8150118	482	0.1898
RAZEE_p_TCGA_277_b2_N_GenomeWideSNP_6_B01_1320992	10	8150276	8335568	160	0.4428
RAZEE_p_TCGA_277_b2_N_GenomeWideSNP_6_B01_1320992	10	8336175	9043340	590	0.1773
RAZEE_p_TCGA_277_b2_N_GenomeWideSNP_6_B01_1320992	10	9043377	29681663	14596	-0.0047
RAZEE_p_TCGA_277_b2_N_GenomeWideSNP_6_B01_1320992	10	29682770	34040064	3020	-0.2411
RAZEE_p_TCGA_277_b2_N_GenomeWideSNP_6_B01_1320992	10	34040267	37165778	1861	0.0529
RAZEE_p_TCGA_277_b2_N_GenomeWideSNP_6_B01_1320992	10	37193077	37198405	3	-0.8776
RAZEE_p_TCGA_277_b2_N_GenomeWideSNP_6_B01_1320992	10	37198726	37276059	43	0.1035
RAZEE_p_TCGA_277_b2_N_GenomeWideSNP_6_B01_1320992	10	37277697	37279611	2	-1.0964
RAZEE_p_TCGA_277_b2_N_GenomeWideSNP_6_B01_1320992	10	37280985	38694038	669	0.0268
RAZEE_p_TCGA_277_b2_N_GenomeWideSNP_6_B01_1320992	10	38694109	38770921	22	-0.12
RAZEE_p_TCGA_277_b2_N_GenomeWideSNP_6_B01_1320992	10	42450960	45622525	2005	-0.5588
RAZEE_p_TCGA_277_b2_N_GenomeWideSNP_6_B01_1320992	10	46013135	50716389	1476	0.2432
RAZEE_p_TCGA_277_b2_N_GenomeWideSNP_6_B01_1320992	10	50719256	68701523	10794	-0.5716
RAZEE_p_TCGA_277_b2_N_GenomeWideSNP_6_B01_1320992	10	68705225	68837740	71	0.2959
RAZEE_p_TCGA_277_b2_N_GenomeWideSNP_6_B01_1320992	10	68840864	68976977	81	0.0851
RAZEE_p_TCGA_277_b2_N_GenomeWideSNP_6_B01_1320992	10	68977159	69110086	83	0.388
RAZEE_p_TCGA_277_b2_N_GenomeWideSNP_6_B01_1320992	10	69110486	75013695	3362	-0.5736
RAZEE_p_TCGA_277_b2_N_GenomeWideSNP_6_B01_1320992	10	75013918	76634145	1080	0.382
RAZEE_p_TCGA_277_b2_N_GenomeWideSNP_6_B01_1320992	10	76634198	90676094	9302	-0.5582
RAZEE_p_TCGA_277_b2_N_GenomeWideSNP_6_B01_1320992	10	90680724	91955592	797	0.2503
RAZEE_p_TCGA_277_b2_N_GenomeWideSNP_6_B01_1320992	10	91962061	109664174	10369	-0.562
RAZEE_p_TCGA_277_b2_N_GenomeWideSNP_6_B01_1320992	10	109668049	111872305	1510	0.2263
RAZEE_p_TCGA_277_b2_N_GenomeWideSNP_6_B01_1320992	10	111872499	120037230	5517	-0.5523
RAZEE_p_TCGA_277_b2_N_GenomeWideSNP_6_B01_1320992	10	120037555	120037578	2	-2.4903
RAZEE_p_TCGA_277_b2_N_GenomeWideSNP_6_B01_1320992	10	120038510	123039648	2448	-0.5446
RAZEE_p_TCGA_277_b2_N_GenomeWideSNP_6_B01_1320992	10	123039672	123039743	2	-3.4222
RAZEE_p_TCGA_277_b2_N_GenomeWideSNP_6_B01_1320992	10	123044303	133411599	6114	-0.56
RAZEE_p_TCGA_277_b2_N_GenomeWideSNP_6_B01_1320992	11	456012	3184657	966	-0.0568
RAZEE_p_TCGA_277_b2_N_GenomeWideSNP_6_B01_1320992	11	3186209	11920159	5789	-0.5648
RAZEE_p_TCGA_277_b2_N_GenomeWideSNP_6_B01_1320992	11	11932897	12042310	93	-0.052
RAZEE_p_TCGA_277_b2_N_GenomeWideSNP_6_B01_1320992	11	12048403	12754920	592	-0.5665
RAZEE_p_TCGA_277_b2_N_GenomeWideSNP_6_B01_1320992	11	12755919	12756073	2	-2.7825
RAZEE_p_TCGA_277_b2_N_GenomeWideSNP_6_B01_1320992	11	12757222	13604242	709	-0.5706
RAZEE_p_TCGA_277_b2_N_GenomeWideSNP_6_B01_1320992	11	13604717	14634675	654	-0.0643
RAZEE_p_TCGA_277_b2_N_GenomeWideSNP_6_B01_1320992	11	14640900	17528715	1824	-0.5741
RAZEE_p_TCGA_277_b2_N_GenomeWideSNP_6_B01_1320992	11	17534003	17723362	134	-0.0134
RAZEE_p_TCGA_277_b2_N_GenomeWideSNP_6_B01_1320992	11	17723368	18097343	225	0.2976
RAZEE_p_TCGA_277_b2_N_GenomeWideSNP_6_B01_1320992	11	18097424	20023510	1484	-0.0544
RAZEE_p_TCGA_277_b2_N_GenomeWideSNP_6_B01_1320992	11	20024093	22366199	1733	0.2539
RAZEE_p_TCGA_277_b2_N_GenomeWideSNP_6_B01_1320992	11	22374993	22465068	74	-0.5698
RAZEE_p_TCGA_277_b2_N_GenomeWideSNP_6_B01_1320992	11	22470682	22495974	23	0.3373
RAZEE_p_TCGA_277_b2_N_GenomeWideSNP_6_B01_1320992	11	22496066	22515269	16	0.1556
RAZEE_p_TCGA_277_b2_N_GenomeWideSNP_6_B01_1320992	11	22516128	22518148	5	-0.5746
RAZEE_p_TCGA_277_b2_N_GenomeWideSNP_6_B01_1320992	11	22522071	22569277	38	0.3093
RAZEE_p_TCGA_277_b2_N_GenomeWideSNP_6_B01_1320992	11	22569465	22834307	209	-0.5259
RAZEE_p_TCGA_277_b2_N_GenomeWideSNP_6_B01_1320992	11	22841980	22898606	45	0.2794
RAZEE_p_TCGA_277_b2_N_GenomeWideSNP_6_B01_1320992	11	22901297	47372087	15166	-0.5739
RAZEE_p_TCGA_277_b2_N_GenomeWideSNP_6_B01_1320992	11	47372754	47372766	2	-2.9002
RAZEE_p_TCGA_277_b2_N_GenomeWideSNP_6_B01_1320992	11	47374671	50096159	925	-0.582
RAZEE_p_TCGA_277_b2_N_GenomeWideSNP_6_B01_1320992	11	50101778	58911035	1518	0.2262
RAZEE_p_TCGA_277_b2_N_GenomeWideSNP_6_B01_1320992	11	58913615	60239281	745	0.4749
RAZEE_p_TCGA_277_b2_N_GenomeWideSNP_6_B01_1320992	11	60239292	60972011	447	0.6597
RAZEE_p_TCGA_277_b2_N_GenomeWideSNP_6_B01_1320992	11	60976381	66120673	1890	-0.6022
RAZEE_p_TCGA_277_b2_N_GenomeWideSNP_6_B01_1320992	11	66124327	68115280	565	0.4797
RAZEE_p_TCGA_277_b2_N_GenomeWideSNP_6_B01_1320992	11	68116898	68263554	75	0.62
RAZEE_p_TCGA_277_b2_N_GenomeWideSNP_6_B01_1320992	11	68266033	68620981	146	0.824
RAZEE_p_TCGA_277_b2_N_GenomeWideSNP_6_B01_1320992	11	68621099	73422581	2465	0.6784
RAZEE_p_TCGA_277_b2_N_GenomeWideSNP_6_B01_1320992	11	73423535	76288710	1549	0.471
RAZEE_p_TCGA_277_b2_N_GenomeWideSNP_6_B01_1320992	11	76290154	76294056	7	-0.6
RAZEE_p_TCGA_277_b2_N_GenomeWideSNP_6_B01_1320992	11	76297624	78775096	1361	0.4924
RAZEE_p_TCGA_277_b2_N_GenomeWideSNP_6_B01_1320992	11	78779479	79135093	322	0.5583
RAZEE_p_TCGA_277_b2_N_GenomeWideSNP_6_B01_1320992	11	79136262	79222024	64	0.7311
RAZEE_p_TCGA_277_b2_N_GenomeWideSNP_6_B01_1320992	11	79222139	79762394	458	0.55
RAZEE_p_TCGA_277_b2_N_GenomeWideSNP_6_B01_1320992	11	79763116	80226885	332	0.6793
RAZEE_p_TCGA_277_b2_N_GenomeWideSNP_6_B01_1320992	11	80236076	81658001	998	0.5117
RAZEE_p_TCGA_277_b2_N_GenomeWideSNP_6_B01_1320992	11	81658272	81893321	160	0.2504
RAZEE_p_TCGA_277_b2_N_GenomeWideSNP_6_B01_1320992	11	81896642	82288942	270	-0.0785
RAZEE_p_TCGA_277_b2_N_GenomeWideSNP_6_B01_1320992	11	82289092	89642789	4365	-0.5692
RAZEE_p_TCGA_277_b2_N_GenomeWideSNP_6_B01_1320992	11	89646024	89650686	6	-2.155
RAZEE_p_TCGA_277_b2_N_GenomeWideSNP_6_B01_1320992	11	89659726	127047485	24380	-0.5723
RAZEE_p_TCGA_277_b2_N_GenomeWideSNP_6_B01_1320992	11	127047721	127058293	8	-4.3714
RAZEE_p_TCGA_277_b2_N_GenomeWideSNP_6_B01_1320992	11	127059820	134272740	4807	-0.5753
RAZEE_p_TCGA_277_b2_N_GenomeWideSNP_6_B01_1320992	12	780472	4304846	1910	0.6065
RAZEE_p_TCGA_277_b2_N_GenomeWideSNP_6_B01_1320992	12	4304960	4313271	2	1.8432
RAZEE_p_TCGA_277_b2_N_GenomeWideSNP_6_B01_1320992	12	4315842	5580828	1114	0.6354
RAZEE_p_TCGA_277_b2_N_GenomeWideSNP_6_B01_1320992	12	5581064	8983755	1575	0.5678
RAZEE_p_TCGA_277_b2_N_GenomeWideSNP_6_B01_1320992	12	8984778	24240820	9234	0.625
RAZEE_p_TCGA_277_b2_N_GenomeWideSNP_6_B01_1320992	12	24242268	24242338	3	-1.0996
RAZEE_p_TCGA_277_b2_N_GenomeWideSNP_6_B01_1320992	12	24244010	38829764	5905	0.643
RAZEE_p_TCGA_277_b2_N_GenomeWideSNP_6_B01_1320992	12	38834281	40081680	678	0.1965
RAZEE_p_TCGA_277_b2_N_GenomeWideSNP_6_B01_1320992	12	40082225	41841047	1198	0.2466
RAZEE_p_TCGA_277_b2_N_GenomeWideSNP_6_B01_1320992	12	41841669	50374725	4374	0.1782
RAZEE_p_TCGA_277_b2_N_GenomeWideSNP_6_B01_1320992	12	50376508	50430421	28	0.5953
RAZEE_p_TCGA_277_b2_N_GenomeWideSNP_6_B01_1320992	12	50431291	51007674	289	0.1499
RAZEE_p_TCGA_277_b2_N_GenomeWideSNP_6_B01_1320992	12	51014313	51015589	2	1.3865
RAZEE_p_TCGA_277_b2_N_GenomeWideSNP_6_B01_1320992	12	51017194	51955343	465	0.1678
RAZEE_p_TCGA_277_b2_N_GenomeWideSNP_6_B01_1320992	12	51958397	51999424	22	-0.2127
RAZEE_p_TCGA_277_b2_N_GenomeWideSNP_6_B01_1320992	12	52002760	65037014	7472	0.1793
RAZEE_p_TCGA_277_b2_N_GenomeWideSNP_6_B01_1320992	12	65038654	70359742	3623	0.2761
RAZEE_p_TCGA_277_b2_N_GenomeWideSNP_6_B01_1320992	12	70360303	119958895	30583	0.1805
RAZEE_p_TCGA_277_b2_N_GenomeWideSNP_6_B01_1320992	12	119961966	123873310	1689	0.1366
RAZEE_p_TCGA_277_b2_N_GenomeWideSNP_6_B01_1320992	12	123873574	125880097	1373	0.1898
RAZEE_p_TCGA_277_b2_N_GenomeWideSNP_6_B01_1320992	12	125882279	132605822	2872	-0.5814
RAZEE_p_TCGA_277_b2_N_GenomeWideSNP_6_B01_1320992	13	18874255	20024235	407	0.2171
RAZEE_p_TCGA_277_b2_N_GenomeWideSNP_6_B01_1320992	13	20025195	20052782	14	0.6528
RAZEE_p_TCGA_277_b2_N_GenomeWideSNP_6_B01_1320992	13	20056381	20609565	131	0.2497
RAZEE_p_TCGA_277_b2_N_GenomeWideSNP_6_B01_1320992	13	20614541	20722094	65	0.6581
RAZEE_p_TCGA_277_b2_N_GenomeWideSNP_6_B01_1320992	13	20722128	47718744	17783	0.2244
RAZEE_p_TCGA_277_b2_N_GenomeWideSNP_6_B01_1320992	13	47718757	59107057	5148	0.1828
RAZEE_p_TCGA_277_b2_N_GenomeWideSNP_6_B01_1320992	13	59114533	59141049	14	0.7077
RAZEE_p_TCGA_277_b2_N_GenomeWideSNP_6_B01_1320992	13	59143209	114226675	33469	0.188
RAZEE_p_TCGA_277_b2_N_GenomeWideSNP_6_B01_1320992	14	20033191	20109539	38	0.3181
RAZEE_p_TCGA_277_b2_N_GenomeWideSNP_6_B01_1320992	14	20110011	22670570	878	0.4957
RAZEE_p_TCGA_277_b2_N_GenomeWideSNP_6_B01_1320992	14	22796272	23157536	160	0.6677
RAZEE_p_TCGA_277_b2_N_GenomeWideSNP_6_B01_1320992	14	23158781	23523087	161	0.5024
RAZEE_p_TCGA_277_b2_N_GenomeWideSNP_6_B01_1320992	14	23527607	23954373	288	0.6892
RAZEE_p_TCGA_277_b2_N_GenomeWideSNP_6_B01_1320992	14	23954835	24031436	19	0.2331
RAZEE_p_TCGA_277_b2_N_GenomeWideSNP_6_B01_1320992	14	24031630	24677224	288	0.6806
RAZEE_p_TCGA_277_b2_N_GenomeWideSNP_6_B01_1320992	14	24677490	26145719	1044	0.5254
RAZEE_p_TCGA_277_b2_N_GenomeWideSNP_6_B01_1320992	14	26147540	27229423	658	0.2867
RAZEE_p_TCGA_277_b2_N_GenomeWideSNP_6_B01_1320992	14	27230116	28630006	661	-0.5165
RAZEE_p_TCGA_277_b2_N_GenomeWideSNP_6_B01_1320992	14	28630912	28675660	29	-0.0972
RAZEE_p_TCGA_277_b2_N_GenomeWideSNP_6_B01_1320992	14	28678464	28740593	38	-0.575
RAZEE_p_TCGA_277_b2_N_GenomeWideSNP_6_B01_1320992	14	28745248	28780143	22	-0.0887
RAZEE_p_TCGA_277_b2_N_GenomeWideSNP_6_B01_1320992	14	28780495	28818782	23	0.0741
RAZEE_p_TCGA_277_b2_N_GenomeWideSNP_6_B01_1320992	14	28824080	29044513	98	0.518
RAZEE_p_TCGA_277_b2_N_GenomeWideSNP_6_B01_1320992	14	29044593	29697329	384	0.7125
RAZEE_p_TCGA_277_b2_N_GenomeWideSNP_6_B01_1320992	14	29708925	29914087	118	0.2173
RAZEE_p_TCGA_277_b2_N_GenomeWideSNP_6_B01_1320992	14	29918314	31440039	794	-0.0399
RAZEE_p_TCGA_277_b2_N_GenomeWideSNP_6_B01_1320992	14	31444195	32240296	444	0.5208
RAZEE_p_TCGA_277_b2_N_GenomeWideSNP_6_B01_1320992	14	32244086	32708746	374	0.2658
RAZEE_p_TCGA_277_b2_N_GenomeWideSNP_6_B01_1320992	14	32714752	36765541	2667	0.524
RAZEE_p_TCGA_277_b2_N_GenomeWideSNP_6_B01_1320992	14	36765758	40913590	2212	0.6811
RAZEE_p_TCGA_277_b2_N_GenomeWideSNP_6_B01_1320992	14	40916300	41751717	461	0.5039
RAZEE_p_TCGA_277_b2_N_GenomeWideSNP_6_B01_1320992	14	41759896	46053939	1492	0.7089
RAZEE_p_TCGA_277_b2_N_GenomeWideSNP_6_B01_1320992	14	46096049	46128734	21	0.2974
RAZEE_p_TCGA_277_b2_N_GenomeWideSNP_6_B01_1320992	14	46134584	46340079	87	-0.0904
RAZEE_p_TCGA_277_b2_N_GenomeWideSNP_6_B01_1320992	14	46342732	46448888	45	0.4666
RAZEE_p_TCGA_277_b2_N_GenomeWideSNP_6_B01_1320992	14	46452747	47226862	448	0.2618
RAZEE_p_TCGA_277_b2_N_GenomeWideSNP_6_B01_1320992	14	47227057	47457237	139	0.5202
RAZEE_p_TCGA_277_b2_N_GenomeWideSNP_6_B01_1320992	14	47460809	48231291	471	0.7289
RAZEE_p_TCGA_277_b2_N_GenomeWideSNP_6_B01_1320992	14	48236834	48830991	245	0.5054
RAZEE_p_TCGA_277_b2_N_GenomeWideSNP_6_B01_1320992	14	48835069	49076705	121	0.2685
RAZEE_p_TCGA_277_b2_N_GenomeWideSNP_6_B01_1320992	14	49077814	49225490	89	-0.0416
RAZEE_p_TCGA_277_b2_N_GenomeWideSNP_6_B01_1320992	14	49226045	49762781	315	0.2721
RAZEE_p_TCGA_277_b2_N_GenomeWideSNP_6_B01_1320992	14	49775250	50438770	366	0.5835
RAZEE_p_TCGA_277_b2_N_GenomeWideSNP_6_B01_1320992	14	50447858	50668591	105	0.1791
RAZEE_p_TCGA_277_b2_N_GenomeWideSNP_6_B01_1320992	14	50690442	51574356	656	0.497
RAZEE_p_TCGA_277_b2_N_GenomeWideSNP_6_B01_1320992	14	51576960	52588445	773	0.2492
RAZEE_p_TCGA_277_b2_N_GenomeWideSNP_6_B01_1320992	14	52589793	52962975	192	0.4592
RAZEE_p_TCGA_277_b2_N_GenomeWideSNP_6_B01_1320992	14	52978269	53171988	104	0.2404
RAZEE_p_TCGA_277_b2_N_GenomeWideSNP_6_B01_1320992	14	53173396	53226799	23	0.9945
RAZEE_p_TCGA_277_b2_N_GenomeWideSNP_6_B01_1320992	14	53231336	53306839	29	0.2351
RAZEE_p_TCGA_277_b2_N_GenomeWideSNP_6_B01_1320992	14	53309428	53804053	398	-0.0602
RAZEE_p_TCGA_277_b2_N_GenomeWideSNP_6_B01_1320992	14	53804777	53807316	4	-1.8169
RAZEE_p_TCGA_277_b2_N_GenomeWideSNP_6_B01_1320992	14	53809506	54476673	448	-0.0608
RAZEE_p_TCGA_277_b2_N_GenomeWideSNP_6_B01_1320992	14	54481452	54481726	2	-1.1508
RAZEE_p_TCGA_277_b2_N_GenomeWideSNP_6_B01_1320992	14	54486665	55577482	675	-0.0731
RAZEE_p_TCGA_277_b2_N_GenomeWideSNP_6_B01_1320992	14	55581230	55633387	31	-0.1304
RAZEE_p_TCGA_277_b2_N_GenomeWideSNP_6_B01_1320992	14	55635946	56162283	372	-0.5078
RAZEE_p_TCGA_277_b2_N_GenomeWideSNP_6_B01_1320992	14	56171559	56652905	409	-1.2842
RAZEE_p_TCGA_277_b2_N_GenomeWideSNP_6_B01_1320992	14	56659512	56695534	25	-0.6968
RAZEE_p_TCGA_277_b2_N_GenomeWideSNP_6_B01_1320992	14	56697501	56939680	172	-0.1078
RAZEE_p_TCGA_277_b2_N_GenomeWideSNP_6_B01_1320992	14	56940081	57040997	82	0.2485
RAZEE_p_TCGA_277_b2_N_GenomeWideSNP_6_B01_1320992	14	57045443	57397541	205	-0.1398
RAZEE_p_TCGA_277_b2_N_GenomeWideSNP_6_B01_1320992	14	57409648	58065991	485	0.224
RAZEE_p_TCGA_277_b2_N_GenomeWideSNP_6_B01_1320992	14	58066029	58894034	452	-0.0877
RAZEE_p_TCGA_277_b2_N_GenomeWideSNP_6_B01_1320992	14	58894783	58974135	54	0.2134
RAZEE_p_TCGA_277_b2_N_GenomeWideSNP_6_B01_1320992	14	58975666	59393720	323	-0.4778
RAZEE_p_TCGA_277_b2_N_GenomeWideSNP_6_B01_1320992	14	59406607	61259944	967	-1.2277
RAZEE_p_TCGA_277_b2_N_GenomeWideSNP_6_B01_1320992	14	61265464	77219192	9642	-0.525
RAZEE_p_TCGA_277_b2_N_GenomeWideSNP_6_B01_1320992	14	77223864	77721661	333	0.2231
RAZEE_p_TCGA_277_b2_N_GenomeWideSNP_6_B01_1320992	14	77731282	77785574	29	0.5501
RAZEE_p_TCGA_277_b2_N_GenomeWideSNP_6_B01_1320992	14	77785719	77855699	46	0.1839
RAZEE_p_TCGA_277_b2_N_GenomeWideSNP_6_B01_1320992	14	77857744	78150460	276	0.4565
RAZEE_p_TCGA_277_b2_N_GenomeWideSNP_6_B01_1320992	14	78152400	78198406	47	0.8001
RAZEE_p_TCGA_277_b2_N_GenomeWideSNP_6_B01_1320992	14	78200276	78640083	321	0.255
RAZEE_p_TCGA_277_b2_N_GenomeWideSNP_6_B01_1320992	14	78640800	78794582	128	0.8521
RAZEE_p_TCGA_277_b2_N_GenomeWideSNP_6_B01_1320992	14	78800376	80934422	1367	0.4894
RAZEE_p_TCGA_277_b2_N_GenomeWideSNP_6_B01_1320992	14	80937004	81969749	678	0.6837
RAZEE_p_TCGA_277_b2_N_GenomeWideSNP_6_B01_1320992	14	81972701	81995140	18	0.1349
RAZEE_p_TCGA_277_b2_N_GenomeWideSNP_6_B01_1320992	14	82001341	82190194	101	-0.0688
RAZEE_p_TCGA_277_b2_N_GenomeWideSNP_6_B01_1320992	14	82193215	82245701	38	0.2541
RAZEE_p_TCGA_277_b2_N_GenomeWideSNP_6_B01_1320992	14	82255839	82938895	482	-0.0677
RAZEE_p_TCGA_277_b2_N_GenomeWideSNP_6_B01_1320992	14	82951122	83014603	45	0.6645
RAZEE_p_TCGA_277_b2_N_GenomeWideSNP_6_B01_1320992	14	83015372	83224496	151	-0.0658
RAZEE_p_TCGA_277_b2_N_GenomeWideSNP_6_B01_1320992	14	83224770	83232099	9	0.713
RAZEE_p_TCGA_277_b2_N_GenomeWideSNP_6_B01_1320992	14	83233964	83483213	154	-0.055
RAZEE_p_TCGA_277_b2_N_GenomeWideSNP_6_B01_1320992	14	83489128	84838440	846	-0.5026
RAZEE_p_TCGA_277_b2_N_GenomeWideSNP_6_B01_1320992	14	84842078	86211934	900	-0.0318
RAZEE_p_TCGA_277_b2_N_GenomeWideSNP_6_B01_1320992	14	86212917	86253340	30	0.2615
RAZEE_p_TCGA_277_b2_N_GenomeWideSNP_6_B01_1320992	14	86253864	86260438	7	0.5554
RAZEE_p_TCGA_277_b2_N_GenomeWideSNP_6_B01_1320992	14	86268263	86880778	393	-0.0704
RAZEE_p_TCGA_277_b2_N_GenomeWideSNP_6_B01_1320992	14	86885204	86998854	57	0.2234
RAZEE_p_TCGA_277_b2_N_GenomeWideSNP_6_B01_1320992	14	86999649	87169030	106	0.5279
RAZEE_p_TCGA_277_b2_N_GenomeWideSNP_6_B01_1320992	14	87174871	88241117	650	-0.0655
RAZEE_p_TCGA_277_b2_N_GenomeWideSNP_6_B01_1320992	14	88241612	88299315	54	0.1981
RAZEE_p_TCGA_277_b2_N_GenomeWideSNP_6_B01_1320992	14	88299401	90048766	934	-0.087
RAZEE_p_TCGA_277_b2_N_GenomeWideSNP_6_B01_1320992	14	90051156	90177748	89	0.1949
RAZEE_p_TCGA_277_b2_N_GenomeWideSNP_6_B01_1320992	14	90177779	91941349	998	-0.0555
RAZEE_p_TCGA_277_b2_N_GenomeWideSNP_6_B01_1320992	14	91942759	91990291	27	0.648
RAZEE_p_TCGA_277_b2_N_GenomeWideSNP_6_B01_1320992	14	91998921	92037530	21	0.2016
RAZEE_p_TCGA_277_b2_N_GenomeWideSNP_6_B01_1320992	14	92046063	92084985	23	0.5841
RAZEE_p_TCGA_277_b2_N_GenomeWideSNP_6_B01_1320992	14	92085718	92548144	343	0.2111
RAZEE_p_TCGA_277_b2_N_GenomeWideSNP_6_B01_1320992	14	92548218	94042200	909	0.4633
RAZEE_p_TCGA_277_b2_N_GenomeWideSNP_6_B01_1320992	14	94048369	94201719	85	0.2741
RAZEE_p_TCGA_277_b2_N_GenomeWideSNP_6_B01_1320992	14	94202449	94493715	260	0.5029
RAZEE_p_TCGA_277_b2_N_GenomeWideSNP_6_B01_1320992	14	94493812	94642815	161	0.2611
RAZEE_p_TCGA_277_b2_N_GenomeWideSNP_6_B01_1320992	14	94646043	94752801	86	0.4453
RAZEE_p_TCGA_277_b2_N_GenomeWideSNP_6_B01_1320992	14	94753282	95155863	322	0.2499
RAZEE_p_TCGA_277_b2_N_GenomeWideSNP_6_B01_1320992	14	95159374	95199553	19	0.4863
RAZEE_p_TCGA_277_b2_N_GenomeWideSNP_6_B01_1320992	14	95201441	95238408	18	0.8801
RAZEE_p_TCGA_277_b2_N_GenomeWideSNP_6_B01_1320992	14	95241753	95264706	11	0.2932
RAZEE_p_TCGA_277_b2_N_GenomeWideSNP_6_B01_1320992	14	95268709	95538778	225	0.7637
RAZEE_p_TCGA_277_b2_N_GenomeWideSNP_6_B01_1320992	14	95539679	96417632	711	0.2405
RAZEE_p_TCGA_277_b2_N_GenomeWideSNP_6_B01_1320992	14	96417698	96509640	33	0.7756
RAZEE_p_TCGA_277_b2_N_GenomeWideSNP_6_B01_1320992	14	96512977	97160998	459	0.6407
RAZEE_p_TCGA_277_b2_N_GenomeWideSNP_6_B01_1320992	14	97162660	97555065	278	0.8785
RAZEE_p_TCGA_277_b2_N_GenomeWideSNP_6_B01_1320992	14	97562091	97636721	39	0.4515
RAZEE_p_TCGA_277_b2_N_GenomeWideSNP_6_B01_1320992	14	97643116	97713020	74	0.2162
RAZEE_p_TCGA_277_b2_N_GenomeWideSNP_6_B01_1320992	14	97713123	97736895	21	0.5182
RAZEE_p_TCGA_277_b2_N_GenomeWideSNP_6_B01_1320992	14	97745192	97857006	91	-0.1263
RAZEE_p_TCGA_277_b2_N_GenomeWideSNP_6_B01_1320992	14	97858301	97885340	23	0.2584
RAZEE_p_TCGA_277_b2_N_GenomeWideSNP_6_B01_1320992	14	97885534	98783478	773	0.4841
RAZEE_p_TCGA_277_b2_N_GenomeWideSNP_6_B01_1320992	14	98974537	99012026	43	0.2893
RAZEE_p_TCGA_277_b2_N_GenomeWideSNP_6_B01_1320992	14	99013332	99822866	603	0.2193
RAZEE_p_TCGA_277_b2_N_GenomeWideSNP_6_B01_1320992	14	99826008	102503588	1399	-0.0776
RAZEE_p_TCGA_277_b2_N_GenomeWideSNP_6_B01_1320992	14	102506427	103403998	436	0.6521
RAZEE_p_TCGA_277_b2_N_GenomeWideSNP_6_B01_1320992	14	103407878	105533894	668	-0.1117
RAZEE_p_TCGA_277_b2_N_GenomeWideSNP_6_B01_1320992	15	23437561	27543967	2461	0.122
RAZEE_p_TCGA_277_b2_N_GenomeWideSNP_6_B01_1320992	15	27544553	27589279	50	0.3775
RAZEE_p_TCGA_277_b2_N_GenomeWideSNP_6_B01_1320992	15	27591656	27645537	58	0.1279
RAZEE_p_TCGA_277_b2_N_GenomeWideSNP_6_B01_1320992	15	27647423	52349491	12437	-0.1066
RAZEE_p_TCGA_277_b2_N_GenomeWideSNP_6_B01_1320992	15	52356919	52391872	22	0.4918
RAZEE_p_TCGA_277_b2_N_GenomeWideSNP_6_B01_1320992	15	52394173	55821087	2406	-0.1018
RAZEE_p_TCGA_277_b2_N_GenomeWideSNP_6_B01_1320992	15	55822043	58535497	1654	-0.0285
RAZEE_p_TCGA_277_b2_N_GenomeWideSNP_6_B01_1320992	15	58535671	59426754	552	-0.1052
RAZEE_p_TCGA_277_b2_N_GenomeWideSNP_6_B01_1320992	15	59426970	63146987	2959	-0.0099
RAZEE_p_TCGA_277_b2_N_GenomeWideSNP_6_B01_1320992	15	63147121	68369518	2961	-0.0592
RAZEE_p_TCGA_277_b2_N_GenomeWideSNP_6_B01_1320992	15	68369743	74285704	3624	-0.0162
RAZEE_p_TCGA_277_b2_N_GenomeWideSNP_6_B01_1320992	15	74285734	89603680	8430	-0.07
RAZEE_p_TCGA_277_b2_N_GenomeWideSNP_6_B01_1320992	15	89604356	91980619	1411	-0.0192
RAZEE_p_TCGA_277_b2_N_GenomeWideSNP_6_B01_1320992	15	91981326	92869548	870	-0.0861
RAZEE_p_TCGA_277_b2_N_GenomeWideSNP_6_B01_1320992	15	92878014	92881111	4	-0.92
RAZEE_p_TCGA_277_b2_N_GenomeWideSNP_6_B01_1320992	15	92884062	95746501	1537	-0.0839
RAZEE_p_TCGA_277_b2_N_GenomeWideSNP_6_B01_1320992	15	95748097	95753821	2	-1.3154
RAZEE_p_TCGA_277_b2_N_GenomeWideSNP_6_B01_1320992	15	95755896	96233443	388	-0.0828
RAZEE_p_TCGA_277_b2_N_GenomeWideSNP_6_B01_1320992	15	96233467	101344124	2985	0.0348
RAZEE_p_TCGA_277_b2_N_GenomeWideSNP_6_B01_1320992	16	603333	6399388	2569	0.2181
RAZEE_p_TCGA_277_b2_N_GenomeWideSNP_6_B01_1320992	16	6400462	6583259	220	-0.596
RAZEE_p_TCGA_277_b2_N_GenomeWideSNP_6_B01_1320992	16	7081613	65924719	24033	0.2197
RAZEE_p_TCGA_277_b2_N_GenomeWideSNP_6_B01_1320992	16	65926025	66711942	542	0.4649
RAZEE_p_TCGA_277_b2_N_GenomeWideSNP_6_B01_1320992	16	66714950	70808194	1714	0.9279
RAZEE_p_TCGA_277_b2_N_GenomeWideSNP_6_B01_1320992	16	71168894	89317317	12163	-0.6261
RAZEE_p_TCGA_277_b2_N_GenomeWideSNP_6_B01_1320992	17	1074619	9380343	4172	-0.5901
RAZEE_p_TCGA_277_b2_N_GenomeWideSNP_6_B01_1320992	17	9382128	9851647	344	1.8174
RAZEE_p_TCGA_277_b2_N_GenomeWideSNP_6_B01_1320992	17	9851867	10322963	333	1.4042
RAZEE_p_TCGA_277_b2_N_GenomeWideSNP_6_B01_1320992	17	10323362	11208044	531	1.7952
RAZEE_p_TCGA_277_b2_N_GenomeWideSNP_6_B01_1320992	17	11209431	11284315	70	1.3996
RAZEE_p_TCGA_277_b2_N_GenomeWideSNP_6_B01_1320992	17	11284692	11336014	54	1.1541
RAZEE_p_TCGA_277_b2_N_GenomeWideSNP_6_B01_1320992	17	11336949	11383529	59	1.4545
RAZEE_p_TCGA_277_b2_N_GenomeWideSNP_6_B01_1320992	17	11383637	12683279	889	1.1304
RAZEE_p_TCGA_277_b2_N_GenomeWideSNP_6_B01_1320992	17	12684234	14229461	1107	1.5203
RAZEE_p_TCGA_277_b2_N_GenomeWideSNP_6_B01_1320992	17	14231324	15826449	27	0.1619
RAZEE_p_TCGA_277_b2_N_GenomeWideSNP_6_B01_1320992	17	15827428	18957450	1376	-0.5879
RAZEE_p_TCGA_277_b2_N_GenomeWideSNP_6_B01_1320992	17	18957997	19297186	31	0.129
RAZEE_p_TCGA_277_b2_N_GenomeWideSNP_6_B01_1320992	17	19301218	45461373	9059	-0.566
RAZEE_p_TCGA_277_b2_N_GenomeWideSNP_6_B01_1320992	17	46733528	51530264	2273	0.1573
RAZEE_p_TCGA_277_b2_N_GenomeWideSNP_6_B01_1320992	17	51532123	57730026	4224	0.1965
RAZEE_p_TCGA_277_b2_N_GenomeWideSNP_6_B01_1320992	17	57730029	61084285	1584	0.1603
RAZEE_p_TCGA_277_b2_N_GenomeWideSNP_6_B01_1320992	17	61086724	82959812	11193	0.6215
RAZEE_p_TCGA_277_b2_N_GenomeWideSNP_6_B01_1320992	18	326691	2079800	519	0.4771
RAZEE_p_TCGA_277_b2_N_GenomeWideSNP_6_B01_1320992	18	2081265	4030372	1209	0.2053
RAZEE_p_TCGA_277_b2_N_GenomeWideSNP_6_B01_1320992	18	4036438	4182980	127	-0.0635
RAZEE_p_TCGA_277_b2_N_GenomeWideSNP_6_B01_1320992	18	4184220	5521213	857	0.1851
RAZEE_p_TCGA_277_b2_N_GenomeWideSNP_6_B01_1320992	18	5521808	21131323	5571	-0.1586
RAZEE_p_TCGA_277_b2_N_GenomeWideSNP_6_B01_1320992	18	21139423	25009163	2253	-0.5819
RAZEE_p_TCGA_277_b2_N_GenomeWideSNP_6_B01_1320992	18	25013321	25561040	323	0.523
RAZEE_p_TCGA_277_b2_N_GenomeWideSNP_6_B01_1320992	18	25562012	25726696	129	0.3351
RAZEE_p_TCGA_277_b2_N_GenomeWideSNP_6_B01_1320992	18	25727076	27796200	1335	0.5036
RAZEE_p_TCGA_277_b2_N_GenomeWideSNP_6_B01_1320992	18	27796509	28371107	368	0.3767
RAZEE_p_TCGA_277_b2_N_GenomeWideSNP_6_B01_1320992	18	28373939	28669141	166	0.0415
RAZEE_p_TCGA_277_b2_N_GenomeWideSNP_6_B01_1320992	18	28673838	28749090	51	0.3703
RAZEE_p_TCGA_277_b2_N_GenomeWideSNP_6_B01_1320992	18	28755730	29082716	129	0.5236
RAZEE_p_TCGA_277_b2_N_GenomeWideSNP_6_B01_1320992	18	29084041	29981856	524	0.6296
RAZEE_p_TCGA_277_b2_N_GenomeWideSNP_6_B01_1320992	18	29985640	30199523	113	0.4622
RAZEE_p_TCGA_277_b2_N_GenomeWideSNP_6_B01_1320992	18	30202050	30635093	294	0.6688
RAZEE_p_TCGA_277_b2_N_GenomeWideSNP_6_B01_1320992	18	30639344	30960589	177	0.4727
RAZEE_p_TCGA_277_b2_N_GenomeWideSNP_6_B01_1320992	18	30960960	31746309	502	0.6717
RAZEE_p_TCGA_277_b2_N_GenomeWideSNP_6_B01_1320992	18	31746658	33126080	928	0.5669
RAZEE_p_TCGA_277_b2_N_GenomeWideSNP_6_B01_1320992	18	33126618	33731197	370	0.3428
RAZEE_p_TCGA_277_b2_N_GenomeWideSNP_6_B01_1320992	18	33731428	33850596	87	0.5675
RAZEE_p_TCGA_277_b2_N_GenomeWideSNP_6_B01_1320992	18	33851565	34115140	135	0.3677
RAZEE_p_TCGA_277_b2_N_GenomeWideSNP_6_B01_1320992	18	34115428	34241861	58	0.0428
RAZEE_p_TCGA_277_b2_N_GenomeWideSNP_6_B01_1320992	18	34244301	34341164	42	-0.3584
RAZEE_p_TCGA_277_b2_N_GenomeWideSNP_6_B01_1320992	18	34342053	34579990	114	0.0567
RAZEE_p_TCGA_277_b2_N_GenomeWideSNP_6_B01_1320992	18	34582352	34630307	42	-0.3407
RAZEE_p_TCGA_277_b2_N_GenomeWideSNP_6_B01_1320992	18	34634059	34634937	3	0.1713
RAZEE_p_TCGA_277_b2_N_GenomeWideSNP_6_B01_1320992	18	34636536	34832489	118	0.3655
RAZEE_p_TCGA_277_b2_N_GenomeWideSNP_6_B01_1320992	18	34835846	38380559	2270	0.5684
RAZEE_p_TCGA_277_b2_N_GenomeWideSNP_6_B01_1320992	18	38380962	38963938	407	0.3535
RAZEE_p_TCGA_277_b2_N_GenomeWideSNP_6_B01_1320992	18	38964312	39343276	218	0.5866
RAZEE_p_TCGA_277_b2_N_GenomeWideSNP_6_B01_1320992	18	39343974	39672523	99	0.0482
RAZEE_p_TCGA_277_b2_N_GenomeWideSNP_6_B01_1320992	18	39674670	41188966	908	0.3285
RAZEE_p_TCGA_277_b2_N_GenomeWideSNP_6_B01_1320992	18	41190558	41418326	140	0.5435
RAZEE_p_TCGA_277_b2_N_GenomeWideSNP_6_B01_1320992	18	41418694	41545920	85	0.3428
RAZEE_p_TCGA_277_b2_N_GenomeWideSNP_6_B01_1320992	18	41546322	42918179	816	0.5675
RAZEE_p_TCGA_277_b2_N_GenomeWideSNP_6_B01_1320992	18	42918919	42948621	29	0.3455
RAZEE_p_TCGA_277_b2_N_GenomeWideSNP_6_B01_1320992	18	42948926	43013380	39	0.5513
RAZEE_p_TCGA_277_b2_N_GenomeWideSNP_6_B01_1320992	18	43015377	43120320	67	0.28
RAZEE_p_TCGA_277_b2_N_GenomeWideSNP_6_B01_1320992	18	43123940	43353601	114	0.5583
RAZEE_p_TCGA_277_b2_N_GenomeWideSNP_6_B01_1320992	18	43354003	43626633	86	0.3381
RAZEE_p_TCGA_277_b2_N_GenomeWideSNP_6_B01_1320992	18	43628660	46641108	1952	0.5644
RAZEE_p_TCGA_277_b2_N_GenomeWideSNP_6_B01_1320992	18	46688355	47074180	165	0.3044
RAZEE_p_TCGA_277_b2_N_GenomeWideSNP_6_B01_1320992	18	47075240	47317402	125	0.0494
RAZEE_p_TCGA_277_b2_N_GenomeWideSNP_6_B01_1320992	18	47319545	52085372	3465	0.5615
RAZEE_p_TCGA_277_b2_N_GenomeWideSNP_6_B01_1320992	18	52090905	52203786	62	0.3322
RAZEE_p_TCGA_277_b2_N_GenomeWideSNP_6_B01_1320992	18	52208812	52566703	287	0.5984
RAZEE_p_TCGA_277_b2_N_GenomeWideSNP_6_B01_1320992	18	52566879	52744546	105	0.3698
RAZEE_p_TCGA_277_b2_N_GenomeWideSNP_6_B01_1320992	18	52745959	52804443	38	0.2684
RAZEE_p_TCGA_277_b2_N_GenomeWideSNP_6_B01_1320992	18	52804545	52903041	78	-0.0095
RAZEE_p_TCGA_277_b2_N_GenomeWideSNP_6_B01_1320992	18	52903905	52914029	15	0.3111
RAZEE_p_TCGA_277_b2_N_GenomeWideSNP_6_B01_1320992	18	52914572	53226240	191	0.5637
RAZEE_p_TCGA_277_b2_N_GenomeWideSNP_6_B01_1320992	18	53229749	53505836	160	0.3286
RAZEE_p_TCGA_277_b2_N_GenomeWideSNP_6_B01_1320992	18	53508714	55036629	907	0.561
RAZEE_p_TCGA_277_b2_N_GenomeWideSNP_6_B01_1320992	18	55037330	56464161	885	0.3434
RAZEE_p_TCGA_277_b2_N_GenomeWideSNP_6_B01_1320992	18	56468310	56651868	95	0.0025
RAZEE_p_TCGA_277_b2_N_GenomeWideSNP_6_B01_1320992	18	56655188	56869690	103	-0.2754
RAZEE_p_TCGA_277_b2_N_GenomeWideSNP_6_B01_1320992	18	56870033	56965366	71	0.1579
RAZEE_p_TCGA_277_b2_N_GenomeWideSNP_6_B01_1320992	18	56967707	59658094	1904	0.3313
RAZEE_p_TCGA_277_b2_N_GenomeWideSNP_6_B01_1320992	18	59661170	59787829	105	0.0121
RAZEE_p_TCGA_277_b2_N_GenomeWideSNP_6_B01_1320992	18	59792672	60703015	548	0.3159
RAZEE_p_TCGA_277_b2_N_GenomeWideSNP_6_B01_1320992	18	60705178	60993277	120	0.0079
RAZEE_p_TCGA_277_b2_N_GenomeWideSNP_6_B01_1320992	18	60993747	61162686	123	0.3001
RAZEE_p_TCGA_277_b2_N_GenomeWideSNP_6_B01_1320992	18	61163177	61217559	49	0.0409
RAZEE_p_TCGA_277_b2_N_GenomeWideSNP_6_B01_1320992	18	61218081	63977930	1909	0.2836
RAZEE_p_TCGA_277_b2_N_GenomeWideSNP_6_B01_1320992	18	63980661	64161253	135	0.0034
RAZEE_p_TCGA_277_b2_N_GenomeWideSNP_6_B01_1320992	18	64165995	64442831	140	0.3065
RAZEE_p_TCGA_277_b2_N_GenomeWideSNP_6_B01_1320992	18	64443731	64772455	120	0.4899
RAZEE_p_TCGA_277_b2_N_GenomeWideSNP_6_B01_1320992	18	64772685	64797048	32	0.2635
RAZEE_p_TCGA_277_b2_N_GenomeWideSNP_6_B01_1320992	18	64797815	64892101	64	0.5199
RAZEE_p_TCGA_277_b2_N_GenomeWideSNP_6_B01_1320992	18	64892181	65146299	138	0.3028
RAZEE_p_TCGA_277_b2_N_GenomeWideSNP_6_B01_1320992	18	65150832	65374007	156	0.005
RAZEE_p_TCGA_277_b2_N_GenomeWideSNP_6_B01_1320992	18	65390546	65454994	48	-0.3999
RAZEE_p_TCGA_277_b2_N_GenomeWideSNP_6_B01_1320992	18	65455095	65531957	44	-0.0123
RAZEE_p_TCGA_277_b2_N_GenomeWideSNP_6_B01_1320992	18	65532150	67282577	725	0.3131
RAZEE_p_TCGA_277_b2_N_GenomeWideSNP_6_B01_1320992	18	67282620	67740871	304	0.5667
RAZEE_p_TCGA_277_b2_N_GenomeWideSNP_6_B01_1320992	18	67786460	73701344	2033	0.3252
RAZEE_p_TCGA_277_b2_N_GenomeWideSNP_6_B01_1320992	18	73701659	74253731	340	0.0533
RAZEE_p_TCGA_277_b2_N_GenomeWideSNP_6_B01_1320992	18	74257438	74257584	3	0.7875
RAZEE_p_TCGA_277_b2_N_GenomeWideSNP_6_B01_1320992	18	74261394	74295952	29	0.0156
RAZEE_p_TCGA_277_b2_N_GenomeWideSNP_6_B01_1320992	18	74297950	75831414	1089	0.3556
RAZEE_p_TCGA_277_b2_N_GenomeWideSNP_6_B01_1320992	18	75832721	75886842	33	0.4213
RAZEE_p_TCGA_277_b2_N_GenomeWideSNP_6_B01_1320992	18	75887788	77571161	1162	0.0332
RAZEE_p_TCGA_277_b2_N_GenomeWideSNP_6_B01_1320992	18	77571546	78124860	438	-0.3854
RAZEE_p_TCGA_277_b2_N_GenomeWideSNP_6_B01_1320992	18	78171939	78405831	134	-1.0483
RAZEE_p_TCGA_277_b2_N_GenomeWideSNP_6_B01_1320992	18	78408275	78408821	3	-3.2264
RAZEE_p_TCGA_277_b2_N_GenomeWideSNP_6_B01_1320992	18	78408940	78554876	80	-0.9775
RAZEE_p_TCGA_277_b2_N_GenomeWideSNP_6_B01_1320992	18	78555261	79349796	424	-0.3672
RAZEE_p_TCGA_277_b2_N_GenomeWideSNP_6_B01_1320992	19	283868	1465199	236	-0.5995
RAZEE_p_TCGA_277_b2_N_GenomeWideSNP_6_B01_1320992	19	1476534	3205977	462	0.1924
RAZEE_p_TCGA_277_b2_N_GenomeWideSNP_6_B01_1320992	19	3209485	8153343	1720	-0.5974
RAZEE_p_TCGA_277_b2_N_GenomeWideSNP_6_B01_1320992	19	8161145	8690906	200	0.1412
RAZEE_p_TCGA_277_b2_N_GenomeWideSNP_6_B01_1320992	19	8690920	8700765	15	0.4297
RAZEE_p_TCGA_277_b2_N_GenomeWideSNP_6_B01_1320992	19	8705006	8716480	10	1.0091
RAZEE_p_TCGA_277_b2_N_GenomeWideSNP_6_B01_1320992	19	8717241	8899836	117	0.1906
RAZEE_p_TCGA_277_b2_N_GenomeWideSNP_6_B01_1320992	19	8902481	8908639	6	0.628
RAZEE_p_TCGA_277_b2_N_GenomeWideSNP_6_B01_1320992	19	8908753	8914796	5	0.1588
RAZEE_p_TCGA_277_b2_N_GenomeWideSNP_6_B01_1320992	19	8915975	8954956	23	0.7609
RAZEE_p_TCGA_277_b2_N_GenomeWideSNP_6_B01_1320992	19	8959057	8980086	32	0.2464
RAZEE_p_TCGA_277_b2_N_GenomeWideSNP_6_B01_1320992	19	8984294	10108400	568	0.6703
RAZEE_p_TCGA_277_b2_N_GenomeWideSNP_6_B01_1320992	19	10115006	10841194	285	0.5535
RAZEE_p_TCGA_277_b2_N_GenomeWideSNP_6_B01_1320992	19	10845315	14873323	1730	0.1335
RAZEE_p_TCGA_277_b2_N_GenomeWideSNP_6_B01_1320992	19	14874993	14997117	65	-0.6533
RAZEE_p_TCGA_277_b2_N_GenomeWideSNP_6_B01_1320992	19	14997851	15092720	78	0.163
RAZEE_p_TCGA_277_b2_N_GenomeWideSNP_6_B01_1320992	19	15095220	16680048	873	0.556
RAZEE_p_TCGA_277_b2_N_GenomeWideSNP_6_B01_1320992	19	16680254	17549491	381	0.1082
RAZEE_p_TCGA_277_b2_N_GenomeWideSNP_6_B01_1320992	19	17549792	17565542	5	0.0766
RAZEE_p_TCGA_277_b2_N_GenomeWideSNP_6_B01_1320992	19	17569292	21388461	1124	-0.5878
RAZEE_p_TCGA_277_b2_N_GenomeWideSNP_6_B01_1320992	19	21404606	23872082	1165	0.1849
RAZEE_p_TCGA_277_b2_N_GenomeWideSNP_6_B01_1320992	19	27749470	32206408	3331	-0.0963
RAZEE_p_TCGA_277_b2_N_GenomeWideSNP_6_B01_1320992	19	32206472	45716623	6522	-0.1442
RAZEE_p_TCGA_277_b2_N_GenomeWideSNP_6_B01_1320992	19	45716821	47284187	638	0.1629
RAZEE_p_TCGA_277_b2_N_GenomeWideSNP_6_B01_1320992	19	47284247	47322833	19	0.6545
RAZEE_p_TCGA_277_b2_N_GenomeWideSNP_6_B01_1320992	19	47331649	51767765	1937	0.1698
RAZEE_p_TCGA_277_b2_N_GenomeWideSNP_6_B01_1320992	19	52118391	58370362	2691	0.4015
RAZEE_p_TCGA_277_b2_N_GenomeWideSNP_6_B01_1320992	20	472817	5303605	3019	-0.1384
RAZEE_p_TCGA_277_b2_N_GenomeWideSNP_6_B01_1320992	20	5303734	11992539	4381	-0.0804
RAZEE_p_TCGA_277_b2_N_GenomeWideSNP_6_B01_1320992	20	11992643	17584272	3849	-0.124
RAZEE_p_TCGA_277_b2_N_GenomeWideSNP_6_B01_1320992	20	17585424	33501435	6905	0.2209
RAZEE_p_TCGA_277_b2_N_GenomeWideSNP_6_B01_1320992	20	33506307	37371479	1795	0.1692
RAZEE_p_TCGA_277_b2_N_GenomeWideSNP_6_B01_1320992	20	37372942	52586462	10031	0.2091
RAZEE_p_TCGA_277_b2_N_GenomeWideSNP_6_B01_1320992	20	52586947	60180702	5653	0.2348
RAZEE_p_TCGA_277_b2_N_GenomeWideSNP_6_B01_1320992	20	60182671	60818210	555	0.1867
RAZEE_p_TCGA_277_b2_N_GenomeWideSNP_6_B01_1320992	20	60819963	60834755	2	1.225
RAZEE_p_TCGA_277_b2_N_GenomeWideSNP_6_B01_1320992	20	60836292	63588502	1428	0.1764
RAZEE_p_TCGA_277_b2_N_GenomeWideSNP_6_B01_1320992	21	13974127	22379557	5441	0.2033
RAZEE_p_TCGA_277_b2_N_GenomeWideSNP_6_B01_1320992	21	22576499	22850940	144	0.6267
RAZEE_p_TCGA_277_b2_N_GenomeWideSNP_6_B01_1320992	21	22874371	31218006	5444	0.1901
RAZEE_p_TCGA_277_b2_N_GenomeWideSNP_6_B01_1320992	21	31218884	46262057	9756	0.1597
RAZEE_p_TCGA_277_b2_N_GenomeWideSNP_6_B01_1320992	22	16934932	17511226	341	-0.1181
RAZEE_p_TCGA_277_b2_N_GenomeWideSNP_6_B01_1320992	22	17511574	24962592	1147	-0.5494
RAZEE_p_TCGA_277_b2_N_GenomeWideSNP_6_B01_1320992	22	24964882	25019387	51	-0.0779
RAZEE_p_TCGA_277_b2_N_GenomeWideSNP_6_B01_1320992	22	25019445	27493180	2058	-0.5483
RAZEE_p_TCGA_277_b2_N_GenomeWideSNP_6_B01_1320992	22	27498779	29385811	1120	-1.3476
RAZEE_p_TCGA_277_b2_N_GenomeWideSNP_6_B01_1320992	22	29386444	29393218	2	-7.3858
RAZEE_p_TCGA_277_b2_N_GenomeWideSNP_6_B01_1320992	22	29393365	30345668	504	-1.2809
RAZEE_p_TCGA_277_b2_N_GenomeWideSNP_6_B01_1320992	22	30346136	30375198	10	-3.3071
RAZEE_p_TCGA_277_b2_N_GenomeWideSNP_6_B01_1320992	22	30375565	32750297	1394	-1.2644
RAZEE_p_TCGA_277_b2_N_GenomeWideSNP_6_B01_1320992	22	32751497	33651984	797	0.2309
RAZEE_p_TCGA_277_b2_N_GenomeWideSNP_6_B01_1320992	22	33657457	33667682	17	0.5999
RAZEE_p_TCGA_277_b2_N_GenomeWideSNP_6_B01_1320992	22	33670074	34841605	1073	0.2187
RAZEE_p_TCGA_277_b2_N_GenomeWideSNP_6_B01_1320992	22	34842777	36042607	750	0.4795
RAZEE_p_TCGA_277_b2_N_GenomeWideSNP_6_B01_1320992	22	36087893	36448748	139	0.6894
RAZEE_p_TCGA_277_b2_N_GenomeWideSNP_6_B01_1320992	22	36448806	38747606	1264	0.4686
RAZEE_p_TCGA_277_b2_N_GenomeWideSNP_6_B01_1320992	22	38748020	39007816	89	1.063
RAZEE_p_TCGA_277_b2_N_GenomeWideSNP_6_B01_1320992	22	39010189	39103758	27	0.7063
RAZEE_p_TCGA_277_b2_N_GenomeWideSNP_6_B01_1320992	22	39104446	39584874	206	0.9795
RAZEE_p_TCGA_277_b2_N_GenomeWideSNP_6_B01_1320992	22	39585478	42032664	1277	0.8051
RAZEE_p_TCGA_277_b2_N_GenomeWideSNP_6_B01_1320992	22	42036102	42299142	129	0.6425
RAZEE_p_TCGA_277_b2_N_GenomeWideSNP_6_B01_1320992	22	42300067	43025727	310	0.4657
RAZEE_p_TCGA_277_b2_N_GenomeWideSNP_6_B01_1320992	22	43025860	46048572	2120	0.2497
RAZEE_p_TCGA_277_b2_N_GenomeWideSNP_6_B01_1320992	22	46051217	46475875	264	0.5136
RAZEE_p_TCGA_277_b2_N_GenomeWideSNP_6_B01_1320992	22	46480548	46568919	54	0.8274
RAZEE_p_TCGA_277_b2_N_GenomeWideSNP_6_B01_1320992	22	46572296	48712360	1734	0.5326
RAZEE_p_TCGA_277_b2_N_GenomeWideSNP_6_B01_1320992	22	48712563	48809110	116	-0.399
RAZEE_p_TCGA_277_b2_N_GenomeWideSNP_6_B01_1320992	22	48814955	48940621	52	-1.1522
RAZEE_p_TCGA_277_b2_N_GenomeWideSNP_6_B01_1320992	X	3236359	20150168	6832	0.3467
RAZEE_p_TCGA_277_b2_N_GenomeWideSNP_6_B01_1320992	X	20152409	20420388	120	1.3002
RAZEE_p_TCGA_277_b2_N_GenomeWideSNP_6_B01_1320992	X	20428975	21746481	594	0.2963
RAZEE_p_TCGA_277_b2_N_GenomeWideSNP_6_B01_1320992	X	21751239	51030543	13986	0.3392
RAZEE_p_TCGA_277_b2_N_GenomeWideSNP_6_B01_1320992	X	51030700	51030857	2	-2.1563
RAZEE_p_TCGA_277_b2_N_GenomeWideSNP_6_B01_1320992	X	51031316	55943404	1707	0.3272
RAZEE_p_TCGA_277_b2_N_GenomeWideSNP_6_B01_1320992	X	55947678	105993771	18214	0.2864
RAZEE_p_TCGA_277_b2_N_GenomeWideSNP_6_B01_1320992	X	105994470	106589465	258	-0.4337
RAZEE_p_TCGA_277_b2_N_GenomeWideSNP_6_B01_1320992	X	106591531	106603806	4	-3.6694
RAZEE_p_TCGA_277_b2_N_GenomeWideSNP_6_B01_1320992	X	106603819	106668891	26	-0.3467
RAZEE_p_TCGA_277_b2_N_GenomeWideSNP_6_B01_1320992	X	106672836	106675924	3	-1.9509
RAZEE_p_TCGA_277_b2_N_GenomeWideSNP_6_B01_1320992	X	106689760	106710824	11	-0.4053
RAZEE_p_TCGA_277_b2_N_GenomeWideSNP_6_B01_1320992	X	106710950	106714872	6	-4.5227
RAZEE_p_TCGA_277_b2_N_GenomeWideSNP_6_B01_1320992	X	106715621	155677414	22183	-0.548
