Sample	Chromosome	Start	End	Num_Probes	Segment_Mean
COMMY_p_TCGA_194_198_SNP_N_GenomeWideSNP_6_E10_955670	1	3301765	19353379	8987	-0.1157
COMMY_p_TCGA_194_198_SNP_N_GenomeWideSNP_6_E10_955670	1	19353770	78368747	34139	-0.0968
COMMY_p_TCGA_194_198_SNP_N_GenomeWideSNP_6_E10_955670	1	78369213	109819060	18616	-0.1179
COMMY_p_TCGA_194_198_SNP_N_GenomeWideSNP_6_E10_955670	1	109819099	109820397	2	-1.4457
COMMY_p_TCGA_194_198_SNP_N_GenomeWideSNP_6_E10_955670	1	109821314	119984738	6517	-0.1156
COMMY_p_TCGA_194_198_SNP_N_GenomeWideSNP_6_E10_955670	1	119984772	196446127	28801	0.2394
COMMY_p_TCGA_194_198_SNP_N_GenomeWideSNP_6_E10_955670	1	196447039	196447817	2	-1.3057
COMMY_p_TCGA_194_198_SNP_N_GenomeWideSNP_6_E10_955670	1	196447898	244473659	31651	0.2424
COMMY_p_TCGA_194_198_SNP_N_GenomeWideSNP_6_E10_955670	1	244691519	246435044	884	0.6996
COMMY_p_TCGA_194_198_SNP_N_GenomeWideSNP_6_E10_955670	1	246436444	247650984	437	0.2341
COMMY_p_TCGA_194_198_SNP_N_GenomeWideSNP_6_E10_955670	2	480597	52139478	31166	0.0252
COMMY_p_TCGA_194_198_SNP_N_GenomeWideSNP_6_E10_955670	2	52139868	52168329	20	-1.2697
COMMY_p_TCGA_194_198_SNP_N_GenomeWideSNP_6_E10_955670	2	52171466	241537572	101201	0.0326
COMMY_p_TCGA_194_198_SNP_N_GenomeWideSNP_6_E10_955670	3	2170634	90015365	51242	0.1217
COMMY_p_TCGA_194_198_SNP_N_GenomeWideSNP_6_E10_955670	3	90019585	189282889	51892	0.1421
COMMY_p_TCGA_194_198_SNP_N_GenomeWideSNP_6_E10_955670	3	189284047	197812401	4195	0.1314
COMMY_p_TCGA_194_198_SNP_N_GenomeWideSNP_6_E10_955670	4	1059384	105541263	58814	-0.2152
COMMY_p_TCGA_194_198_SNP_N_GenomeWideSNP_6_E10_955670	4	105543988	105544087	2	-2.5659
COMMY_p_TCGA_194_198_SNP_N_GenomeWideSNP_6_E10_955670	4	105547236	187842528	44836	-0.2125
COMMY_p_TCGA_194_198_SNP_N_GenomeWideSNP_6_E10_955670	5	913983	180934240	101301	0.1283
COMMY_p_TCGA_194_198_SNP_N_GenomeWideSNP_6_E10_955670	6	1011760	61617112	34221	0.0443
COMMY_p_TCGA_194_198_SNP_N_GenomeWideSNP_6_E10_955670	6	61617310	64762521	1511	-0.0201
COMMY_p_TCGA_194_198_SNP_N_GenomeWideSNP_6_E10_955670	6	64764979	65239567	213	0.0586
COMMY_p_TCGA_194_198_SNP_N_GenomeWideSNP_6_E10_955670	6	65240573	66061483	507	0.1334
COMMY_p_TCGA_194_198_SNP_N_GenomeWideSNP_6_E10_955670	6	66062196	69565263	2038	0.0399
COMMY_p_TCGA_194_198_SNP_N_GenomeWideSNP_6_E10_955670	6	69578557	71895098	1360	-0.3578
COMMY_p_TCGA_194_198_SNP_N_GenomeWideSNP_6_E10_955670	6	71895193	72695608	484	0.0529
COMMY_p_TCGA_194_198_SNP_N_GenomeWideSNP_6_E10_955670	6	72704162	86637147	7776	-0.3438
COMMY_p_TCGA_194_198_SNP_N_GenomeWideSNP_6_E10_955670	6	86637265	86641384	2	-1.9698
COMMY_p_TCGA_194_198_SNP_N_GenomeWideSNP_6_E10_955670	6	86641855	110330948	13295	-0.3474
COMMY_p_TCGA_194_198_SNP_N_GenomeWideSNP_6_E10_955670	6	110331852	110332497	2	-1.9973
COMMY_p_TCGA_194_198_SNP_N_GenomeWideSNP_6_E10_955670	6	110333215	170596889	35872	-0.3493
COMMY_p_TCGA_194_198_SNP_N_GenomeWideSNP_6_E10_955670	7	664936	16273156	8014	0.4935
COMMY_p_TCGA_194_198_SNP_N_GenomeWideSNP_6_E10_955670	7	16273178	16309138	30	-0.3299
COMMY_p_TCGA_194_198_SNP_N_GenomeWideSNP_6_E10_955670	7	16363398	88140860	37276	0.4992
COMMY_p_TCGA_194_198_SNP_N_GenomeWideSNP_6_E10_955670	7	88141882	88151362	8	-0.4047
COMMY_p_TCGA_194_198_SNP_N_GenomeWideSNP_6_E10_955670	7	88156090	144410509	29182	0.5002
COMMY_p_TCGA_194_198_SNP_N_GenomeWideSNP_6_E10_955670	7	144410853	144482359	61	0.2264
COMMY_p_TCGA_194_198_SNP_N_GenomeWideSNP_6_E10_955670	7	144482688	158592540	7566	0.4995
COMMY_p_TCGA_194_198_SNP_N_GenomeWideSNP_6_E10_955670	8	667625	96501613	53691	-0.1778
COMMY_p_TCGA_194_198_SNP_N_GenomeWideSNP_6_E10_955670	8	96503439	97566349	660	-0.1044
COMMY_p_TCGA_194_198_SNP_N_GenomeWideSNP_6_E10_955670	8	97568452	101716131	2350	-0.0516
COMMY_p_TCGA_194_198_SNP_N_GenomeWideSNP_6_E10_955670	8	101719071	104656870	1662	0.0061
COMMY_p_TCGA_194_198_SNP_N_GenomeWideSNP_6_E10_955670	8	104658280	105065140	276	-0.0588
COMMY_p_TCGA_194_198_SNP_N_GenomeWideSNP_6_E10_955670	8	105065244	109009813	2007	-0.0816
COMMY_p_TCGA_194_198_SNP_N_GenomeWideSNP_6_E10_955670	8	109011675	118016426	4929	-0.1512
COMMY_p_TCGA_194_198_SNP_N_GenomeWideSNP_6_E10_955670	8	118017632	121646608	2478	-0.1105
COMMY_p_TCGA_194_198_SNP_N_GenomeWideSNP_6_E10_955670	8	121647252	122952579	902	-0.1499
COMMY_p_TCGA_194_198_SNP_N_GenomeWideSNP_6_E10_955670	8	122955586	126359364	2277	-0.0892
COMMY_p_TCGA_194_198_SNP_N_GenomeWideSNP_6_E10_955670	8	126361752	126872406	389	-0.059
COMMY_p_TCGA_194_198_SNP_N_GenomeWideSNP_6_E10_955670	8	126874795	127680486	611	0.0274
COMMY_p_TCGA_194_198_SNP_N_GenomeWideSNP_6_E10_955670	8	127682035	129767448	1467	-0.0462
COMMY_p_TCGA_194_198_SNP_N_GenomeWideSNP_6_E10_955670	8	129772486	129772611	4	-1.8292
COMMY_p_TCGA_194_198_SNP_N_GenomeWideSNP_6_E10_955670	8	129774491	130875348	701	-0.0299
COMMY_p_TCGA_194_198_SNP_N_GenomeWideSNP_6_E10_955670	8	130875806	144182542	7913	-0.122
COMMY_p_TCGA_194_198_SNP_N_GenomeWideSNP_6_E10_955670	9	789794	21978616	13685	-0.2504
COMMY_p_TCGA_194_198_SNP_N_GenomeWideSNP_6_E10_955670	9	21980471	75896112	15131	-0.2116
COMMY_p_TCGA_194_198_SNP_N_GenomeWideSNP_6_E10_955670	9	75896447	76171302	237	-0.2569
COMMY_p_TCGA_194_198_SNP_N_GenomeWideSNP_6_E10_955670	9	76172304	76172845	3	-2.6126
COMMY_p_TCGA_194_198_SNP_N_GenomeWideSNP_6_E10_955670	9	76173627	138044505	39546	-0.2284
COMMY_p_TCGA_194_198_SNP_N_GenomeWideSNP_6_E10_955670	10	366509	819274	161	-0.9345
COMMY_p_TCGA_194_198_SNP_N_GenomeWideSNP_6_E10_955670	10	819671	63222819	37585	-0.3596
COMMY_p_TCGA_194_198_SNP_N_GenomeWideSNP_6_E10_955670	10	63236049	63619837	177	-1.9738
COMMY_p_TCGA_194_198_SNP_N_GenomeWideSNP_6_E10_955670	10	63625760	87815119	14669	-0.3521
COMMY_p_TCGA_194_198_SNP_N_GenomeWideSNP_6_E10_955670	10	87817454	87861304	29	-2.4504
COMMY_p_TCGA_194_198_SNP_N_GenomeWideSNP_6_E10_955670	10	87866697	116435059	17894	-0.3468
COMMY_p_TCGA_194_198_SNP_N_GenomeWideSNP_6_E10_955670	10	116437725	116470330	21	-2.6
COMMY_p_TCGA_194_198_SNP_N_GenomeWideSNP_6_E10_955670	10	116472154	133411599	10918	-0.3691
COMMY_p_TCGA_194_198_SNP_N_GenomeWideSNP_6_E10_955670	11	456012	1381971	274	0.0309
COMMY_p_TCGA_194_198_SNP_N_GenomeWideSNP_6_E10_955670	11	1387501	1397647	2	-1.5212
COMMY_p_TCGA_194_198_SNP_N_GenomeWideSNP_6_E10_955670	11	1414149	25274908	15807	0.0388
COMMY_p_TCGA_194_198_SNP_N_GenomeWideSNP_6_E10_955670	11	25274909	30346143	3177	-0.1788
COMMY_p_TCGA_194_198_SNP_N_GenomeWideSNP_6_E10_955670	11	30350068	42684263	7778	-0.2775
COMMY_p_TCGA_194_198_SNP_N_GenomeWideSNP_6_E10_955670	11	42684846	44381936	1137	-0.1631
COMMY_p_TCGA_194_198_SNP_N_GenomeWideSNP_6_E10_955670	11	44385007	50085543	2597	-0.2767
COMMY_p_TCGA_194_198_SNP_N_GenomeWideSNP_6_E10_955670	11	50088070	134272740	47024	-0.1788
COMMY_p_TCGA_194_198_SNP_N_GenomeWideSNP_6_E10_955670	12	780472	83924940	46114	-0.2121
COMMY_p_TCGA_194_198_SNP_N_GenomeWideSNP_6_E10_955670	12	83924968	83924971	2	-2.3451
COMMY_p_TCGA_194_198_SNP_N_GenomeWideSNP_6_E10_955670	12	83926425	132605822	28363	-0.2118
COMMY_p_TCGA_194_198_SNP_N_GenomeWideSNP_6_E10_955670	13	18874255	57953486	22887	0.1383
COMMY_p_TCGA_194_198_SNP_N_GenomeWideSNP_6_E10_955670	13	57958749	57971130	10	-0.7549
COMMY_p_TCGA_194_198_SNP_N_GenomeWideSNP_6_E10_955670	13	57971478	71142069	6808	0.1293
COMMY_p_TCGA_194_198_SNP_N_GenomeWideSNP_6_E10_955670	13	71143693	79969766	5904	0.4655
COMMY_p_TCGA_194_198_SNP_N_GenomeWideSNP_6_E10_955670	13	79981297	79981687	4	-0.569
COMMY_p_TCGA_194_198_SNP_N_GenomeWideSNP_6_E10_955670	13	79989677	114226675	21508	0.4634
COMMY_p_TCGA_194_198_SNP_N_GenomeWideSNP_6_E10_955670	14	20033191	105533894	49837	-0.1218
COMMY_p_TCGA_194_198_SNP_N_GenomeWideSNP_6_E10_955670	15	23437561	101344124	44872	0.0382
COMMY_p_TCGA_194_198_SNP_N_GenomeWideSNP_6_E10_955670	16	603333	82250762	37089	0.1236
COMMY_p_TCGA_194_198_SNP_N_GenomeWideSNP_6_E10_955670	16	82253568	89317317	4193	-0.8321
COMMY_p_TCGA_194_198_SNP_N_GenomeWideSNP_6_E10_955670	17	1074619	82959812	37376	-0.0737
COMMY_p_TCGA_194_198_SNP_N_GenomeWideSNP_6_E10_955670	18	326691	79349796	43027	0.325
COMMY_p_TCGA_194_198_SNP_N_GenomeWideSNP_6_E10_955670	19	283868	23872082	9109	-0.1976
COMMY_p_TCGA_194_198_SNP_N_GenomeWideSNP_6_E10_955670	19	27749470	58355805	15145	0.4566
COMMY_p_TCGA_194_198_SNP_N_GenomeWideSNP_6_E10_955670	19	58361857	58370362	4	0.0484
COMMY_p_TCGA_194_198_SNP_N_GenomeWideSNP_6_E10_955670	20	472817	36963003	19661	0.3431
COMMY_p_TCGA_194_198_SNP_N_GenomeWideSNP_6_E10_955670	20	36965075	37094427	169	0.227
COMMY_p_TCGA_194_198_SNP_N_GenomeWideSNP_6_E10_955670	20	37097999	63588502	17829	0.342
COMMY_p_TCGA_194_198_SNP_N_GenomeWideSNP_6_E10_955670	21	13974127	28391797	9189	0.3646
COMMY_p_TCGA_194_198_SNP_N_GenomeWideSNP_6_E10_955670	21	28391982	46262057	11627	0.3415
COMMY_p_TCGA_194_198_SNP_N_GenomeWideSNP_6_E10_955670	22	16934932	48940621	17116	-0.093
COMMY_p_TCGA_194_198_SNP_N_GenomeWideSNP_6_E10_955670	X	3236359	31804250	13110	-0.0165
COMMY_p_TCGA_194_198_SNP_N_GenomeWideSNP_6_E10_955670	X	31806546	31809755	6	-4.0445
COMMY_p_TCGA_194_198_SNP_N_GenomeWideSNP_6_E10_955670	X	31810557	155677414	51183	0.009
