Sample	Chromosome	Start	End	Num_Probes	Segment_Mean
NIZAM_p_TCGAb_406_07_08_09_10_N_GenomeWideSNP_6_D07_1486564	1	3301765	42360903	21075	-0.1232
NIZAM_p_TCGAb_406_07_08_09_10_N_GenomeWideSNP_6_D07_1486564	1	42363085	42666942	179	-0.6395
NIZAM_p_TCGAb_406_07_08_09_10_N_GenomeWideSNP_6_D07_1486564	1	42669188	46311136	1800	-0.1156
NIZAM_p_TCGAb_406_07_08_09_10_N_GenomeWideSNP_6_D07_1486564	1	46315160	69029119	14852	-0.1613
NIZAM_p_TCGAb_406_07_08_09_10_N_GenomeWideSNP_6_D07_1486564	1	69029729	78281856	5155	-0.1908
NIZAM_p_TCGAb_406_07_08_09_10_N_GenomeWideSNP_6_D07_1486564	1	78284052	89892261	7309	-0.1719
NIZAM_p_TCGAb_406_07_08_09_10_N_GenomeWideSNP_6_D07_1486564	1	89895195	95346388	3303	-0.1189
NIZAM_p_TCGAb_406_07_08_09_10_N_GenomeWideSNP_6_D07_1486564	1	95346722	112112245	9679	-0.1385
NIZAM_p_TCGAb_406_07_08_09_10_N_GenomeWideSNP_6_D07_1486564	1	112112308	119984738	4878	-0.1088
NIZAM_p_TCGAb_406_07_08_09_10_N_GenomeWideSNP_6_D07_1486564	1	119984772	151554365	604	0.1569
NIZAM_p_TCGAb_406_07_08_09_10_N_GenomeWideSNP_6_D07_1486564	1	151555157	166337573	9271	0.1909
NIZAM_p_TCGAb_406_07_08_09_10_N_GenomeWideSNP_6_D07_1486564	1	166338973	188603960	14364	0.1635
NIZAM_p_TCGAb_406_07_08_09_10_N_GenomeWideSNP_6_D07_1486564	1	188605390	188605658	2	-1.2518
NIZAM_p_TCGAb_406_07_08_09_10_N_GenomeWideSNP_6_D07_1486564	1	188613027	200411186	6822	0.1453
NIZAM_p_TCGAb_406_07_08_09_10_N_GenomeWideSNP_6_D07_1486564	1	200411410	237250350	24220	0.1724
NIZAM_p_TCGAb_406_07_08_09_10_N_GenomeWideSNP_6_D07_1486564	1	237250508	245279235	5477	0.1459
NIZAM_p_TCGAb_406_07_08_09_10_N_GenomeWideSNP_6_D07_1486564	1	245282597	245283419	3	1.1962
NIZAM_p_TCGAb_406_07_08_09_10_N_GenomeWideSNP_6_D07_1486564	1	245285199	247650984	1011	0.1622
NIZAM_p_TCGAb_406_07_08_09_10_N_GenomeWideSNP_6_D07_1486564	2	480597	7653289	4343	0.0352
NIZAM_p_TCGAb_406_07_08_09_10_N_GenomeWideSNP_6_D07_1486564	2	7657696	8695758	751	-0.0123
NIZAM_p_TCGAb_406_07_08_09_10_N_GenomeWideSNP_6_D07_1486564	2	8696072	48895566	24293	0.052
NIZAM_p_TCGAb_406_07_08_09_10_N_GenomeWideSNP_6_D07_1486564	2	48897335	61005887	6732	0.0313
NIZAM_p_TCGAb_406_07_08_09_10_N_GenomeWideSNP_6_D07_1486564	2	61006154	79554910	10182	0.0549
NIZAM_p_TCGAb_406_07_08_09_10_N_GenomeWideSNP_6_D07_1486564	2	79556901	122173106	18532	0.0381
NIZAM_p_TCGAb_406_07_08_09_10_N_GenomeWideSNP_6_D07_1486564	2	122174962	122589226	319	-0.0824
NIZAM_p_TCGAb_406_07_08_09_10_N_GenomeWideSNP_6_D07_1486564	2	122597651	222020792	55447	0.0308
NIZAM_p_TCGAb_406_07_08_09_10_N_GenomeWideSNP_6_D07_1486564	2	222020848	224707517	1787	0.07
NIZAM_p_TCGAb_406_07_08_09_10_N_GenomeWideSNP_6_D07_1486564	2	224708369	231001579	3799	0.0146
NIZAM_p_TCGAb_406_07_08_09_10_N_GenomeWideSNP_6_D07_1486564	2	231002505	237125875	3741	0.0504
NIZAM_p_TCGAb_406_07_08_09_10_N_GenomeWideSNP_6_D07_1486564	2	237128468	238452893	800	0.1028
NIZAM_p_TCGAb_406_07_08_09_10_N_GenomeWideSNP_6_D07_1486564	2	238453471	241537572	1666	0.0292
NIZAM_p_TCGAb_406_07_08_09_10_N_GenomeWideSNP_6_D07_1486564	3	2170634	36260829	20496	0.085
NIZAM_p_TCGAb_406_07_08_09_10_N_GenomeWideSNP_6_D07_1486564	3	36262581	54494375	9691	0.1019
NIZAM_p_TCGAb_406_07_08_09_10_N_GenomeWideSNP_6_D07_1486564	3	54496558	56840701	1773	0.0606
NIZAM_p_TCGAb_406_07_08_09_10_N_GenomeWideSNP_6_D07_1486564	3	56841480	65382052	5158	0.1068
NIZAM_p_TCGAb_406_07_08_09_10_N_GenomeWideSNP_6_D07_1486564	3	65382355	68747364	2223	0.0735
NIZAM_p_TCGAb_406_07_08_09_10_N_GenomeWideSNP_6_D07_1486564	3	68749809	70995849	1651	0.1208
NIZAM_p_TCGAb_406_07_08_09_10_N_GenomeWideSNP_6_D07_1486564	3	70996733	88176416	9272	0.0802
NIZAM_p_TCGAb_406_07_08_09_10_N_GenomeWideSNP_6_D07_1486564	3	88179807	88209300	16	0.486
NIZAM_p_TCGAb_406_07_08_09_10_N_GenomeWideSNP_6_D07_1486564	3	88212717	111097267	10233	0.082
NIZAM_p_TCGAb_406_07_08_09_10_N_GenomeWideSNP_6_D07_1486564	3	111098719	111202096	52	-0.4379
NIZAM_p_TCGAb_406_07_08_09_10_N_GenomeWideSNP_6_D07_1486564	3	111202208	136860586	15134	0.0932
NIZAM_p_TCGAb_406_07_08_09_10_N_GenomeWideSNP_6_D07_1486564	3	136861658	177712503	20987	0.0728
NIZAM_p_TCGAb_406_07_08_09_10_N_GenomeWideSNP_6_D07_1486564	3	177712626	197812401	10640	0.0918
NIZAM_p_TCGAb_406_07_08_09_10_N_GenomeWideSNP_6_D07_1486564	4	1059384	2988177	718	0.3475
NIZAM_p_TCGAb_406_07_08_09_10_N_GenomeWideSNP_6_D07_1486564	4	2988611	8336760	3451	0.3734
NIZAM_p_TCGAb_406_07_08_09_10_N_GenomeWideSNP_6_D07_1486564	4	8336806	43457891	21908	0.3386
NIZAM_p_TCGAb_406_07_08_09_10_N_GenomeWideSNP_6_D07_1486564	4	43461103	55046728	4596	0.3045
NIZAM_p_TCGAb_406_07_08_09_10_N_GenomeWideSNP_6_D07_1486564	4	55048766	57067115	1133	0.5431
NIZAM_p_TCGAb_406_07_08_09_10_N_GenomeWideSNP_6_D07_1486564	4	57067224	57494210	316	0.745
NIZAM_p_TCGAb_406_07_08_09_10_N_GenomeWideSNP_6_D07_1486564	4	57494267	59751112	1314	0.5103
NIZAM_p_TCGAb_406_07_08_09_10_N_GenomeWideSNP_6_D07_1486564	4	59751660	98539471	21463	0.0119
NIZAM_p_TCGAb_406_07_08_09_10_N_GenomeWideSNP_6_D07_1486564	4	98542057	98994149	284	0.3133
NIZAM_p_TCGAb_406_07_08_09_10_N_GenomeWideSNP_6_D07_1486564	4	98997510	119332698	11526	0.0134
NIZAM_p_TCGAb_406_07_08_09_10_N_GenomeWideSNP_6_D07_1486564	4	119336969	119337052	2	-1.7281
NIZAM_p_TCGAb_406_07_08_09_10_N_GenomeWideSNP_6_D07_1486564	4	119339630	181157671	33731	0.0071
NIZAM_p_TCGAb_406_07_08_09_10_N_GenomeWideSNP_6_D07_1486564	4	181157743	181576753	351	-0.4372
NIZAM_p_TCGAb_406_07_08_09_10_N_GenomeWideSNP_6_D07_1486564	4	181631890	186652764	2202	0.0234
NIZAM_p_TCGAb_406_07_08_09_10_N_GenomeWideSNP_6_D07_1486564	4	186653244	186653759	3	-1.1922
NIZAM_p_TCGAb_406_07_08_09_10_N_GenomeWideSNP_6_D07_1486564	4	186657755	187842528	690	0.0095
NIZAM_p_TCGAb_406_07_08_09_10_N_GenomeWideSNP_6_D07_1486564	5	913983	3282737	1342	0.0288
NIZAM_p_TCGAb_406_07_08_09_10_N_GenomeWideSNP_6_D07_1486564	5	3284429	10399027	5643	0.063
NIZAM_p_TCGAb_406_07_08_09_10_N_GenomeWideSNP_6_D07_1486564	5	10399466	15329229	2997	0.0295
NIZAM_p_TCGAb_406_07_08_09_10_N_GenomeWideSNP_6_D07_1486564	5	15329784	17788250	978	0.0992
NIZAM_p_TCGAb_406_07_08_09_10_N_GenomeWideSNP_6_D07_1486564	5	17788374	38980527	11790	0.0393
NIZAM_p_TCGAb_406_07_08_09_10_N_GenomeWideSNP_6_D07_1486564	5	38981232	44904367	3276	0.1458
NIZAM_p_TCGAb_406_07_08_09_10_N_GenomeWideSNP_6_D07_1486564	5	44904884	59158364	5529	0.096
NIZAM_p_TCGAb_406_07_08_09_10_N_GenomeWideSNP_6_D07_1486564	5	59158584	59190570	30	-0.2729
NIZAM_p_TCGAb_406_07_08_09_10_N_GenomeWideSNP_6_D07_1486564	5	59194305	113022829	28417	0.085
NIZAM_p_TCGAb_406_07_08_09_10_N_GenomeWideSNP_6_D07_1486564	5	113024261	118344265	3277	0.1257
NIZAM_p_TCGAb_406_07_08_09_10_N_GenomeWideSNP_6_D07_1486564	5	118345839	135904016	10272	0.0848
NIZAM_p_TCGAb_406_07_08_09_10_N_GenomeWideSNP_6_D07_1486564	5	135904064	136002910	84	0.1515
NIZAM_p_TCGAb_406_07_08_09_10_N_GenomeWideSNP_6_D07_1486564	5	136002968	136295628	201	0.4268
NIZAM_p_TCGAb_406_07_08_09_10_N_GenomeWideSNP_6_D07_1486564	5	136296622	143872027	4219	0.09
NIZAM_p_TCGAb_406_07_08_09_10_N_GenomeWideSNP_6_D07_1486564	5	143873730	143951606	49	-1.0684
NIZAM_p_TCGAb_406_07_08_09_10_N_GenomeWideSNP_6_D07_1486564	5	143958553	180934240	23181	0.0877
NIZAM_p_TCGAb_406_07_08_09_10_N_GenomeWideSNP_6_D07_1486564	6	1011760	1019655	12	0.0859
NIZAM_p_TCGAb_406_07_08_09_10_N_GenomeWideSNP_6_D07_1486564	6	1019665	1335915	320	0.2143
NIZAM_p_TCGAb_406_07_08_09_10_N_GenomeWideSNP_6_D07_1486564	6	1336799	1597992	182	0.5556
NIZAM_p_TCGAb_406_07_08_09_10_N_GenomeWideSNP_6_D07_1486564	6	1608396	1878948	196	0.2034
NIZAM_p_TCGAb_406_07_08_09_10_N_GenomeWideSNP_6_D07_1486564	6	1881857	2261075	238	0.5142
NIZAM_p_TCGAb_406_07_08_09_10_N_GenomeWideSNP_6_D07_1486564	6	2264195	2918313	503	0.2058
NIZAM_p_TCGAb_406_07_08_09_10_N_GenomeWideSNP_6_D07_1486564	6	2920533	2938588	23	-0.047
NIZAM_p_TCGAb_406_07_08_09_10_N_GenomeWideSNP_6_D07_1486564	6	2938744	3242166	217	0.2195
NIZAM_p_TCGAb_406_07_08_09_10_N_GenomeWideSNP_6_D07_1486564	6	3243417	3255928	11	0.5609
NIZAM_p_TCGAb_406_07_08_09_10_N_GenomeWideSNP_6_D07_1486564	6	3256536	3306344	28	0.2524
NIZAM_p_TCGAb_406_07_08_09_10_N_GenomeWideSNP_6_D07_1486564	6	3306505	12767331	6760	0.5025
NIZAM_p_TCGAb_406_07_08_09_10_N_GenomeWideSNP_6_D07_1486564	6	12770591	17591499	3311	0.3129
NIZAM_p_TCGAb_406_07_08_09_10_N_GenomeWideSNP_6_D07_1486564	6	17592305	18495502	570	0.4902
NIZAM_p_TCGAb_406_07_08_09_10_N_GenomeWideSNP_6_D07_1486564	6	18495718	25875861	5115	0.6679
NIZAM_p_TCGAb_406_07_08_09_10_N_GenomeWideSNP_6_D07_1486564	6	25880679	26265451	220	0.8027
NIZAM_p_TCGAb_406_07_08_09_10_N_GenomeWideSNP_6_D07_1486564	6	26270381	26553356	112	0.6512
NIZAM_p_TCGAb_406_07_08_09_10_N_GenomeWideSNP_6_D07_1486564	6	26553587	34341051	2398	0.2967
NIZAM_p_TCGAb_406_07_08_09_10_N_GenomeWideSNP_6_D07_1486564	6	34352691	36379256	991	0.4795
NIZAM_p_TCGAb_406_07_08_09_10_N_GenomeWideSNP_6_D07_1486564	6	36379289	36379480	3	-0.33
NIZAM_p_TCGAb_406_07_08_09_10_N_GenomeWideSNP_6_D07_1486564	6	36379943	36658861	132	0.5233
NIZAM_p_TCGAb_406_07_08_09_10_N_GenomeWideSNP_6_D07_1486564	6	36662822	42217974	3930	0.2893
NIZAM_p_TCGAb_406_07_08_09_10_N_GenomeWideSNP_6_D07_1486564	6	42221564	49040229	3922	0.0427
NIZAM_p_TCGAb_406_07_08_09_10_N_GenomeWideSNP_6_D07_1486564	6	49101641	78350305	14342	-0.4348
NIZAM_p_TCGAb_406_07_08_09_10_N_GenomeWideSNP_6_D07_1486564	6	78364067	78393371	33	0.0189
NIZAM_p_TCGAb_406_07_08_09_10_N_GenomeWideSNP_6_D07_1486564	6	78395908	78418583	19	-0.4303
NIZAM_p_TCGAb_406_07_08_09_10_N_GenomeWideSNP_6_D07_1486564	6	78425196	83304693	2630	0.0315
NIZAM_p_TCGAb_406_07_08_09_10_N_GenomeWideSNP_6_D07_1486564	6	83305940	83622122	189	0.3537
NIZAM_p_TCGAb_406_07_08_09_10_N_GenomeWideSNP_6_D07_1486564	6	83622520	111778331	15860	0.0373
NIZAM_p_TCGAb_406_07_08_09_10_N_GenomeWideSNP_6_D07_1486564	6	111780572	111780804	2	-1.3279
NIZAM_p_TCGAb_406_07_08_09_10_N_GenomeWideSNP_6_D07_1486564	6	111782439	149571429	22717	0.0377
NIZAM_p_TCGAb_406_07_08_09_10_N_GenomeWideSNP_6_D07_1486564	6	149571702	151751627	1436	0.0835
NIZAM_p_TCGAb_406_07_08_09_10_N_GenomeWideSNP_6_D07_1486564	6	151752183	154582022	2136	0.0297
NIZAM_p_TCGAb_406_07_08_09_10_N_GenomeWideSNP_6_D07_1486564	6	154590564	165416175	6628	-0.4311
NIZAM_p_TCGAb_406_07_08_09_10_N_GenomeWideSNP_6_D07_1486564	6	165418739	165452832	24	-0.0732
NIZAM_p_TCGAb_406_07_08_09_10_N_GenomeWideSNP_6_D07_1486564	6	165453889	166368655	684	0.0946
NIZAM_p_TCGAb_406_07_08_09_10_N_GenomeWideSNP_6_D07_1486564	6	166372849	170596889	1408	0.0237
NIZAM_p_TCGAb_406_07_08_09_10_N_GenomeWideSNP_6_D07_1486564	7	664936	16130033	7915	0.0588
NIZAM_p_TCGAb_406_07_08_09_10_N_GenomeWideSNP_6_D07_1486564	7	16131935	16132634	2	-1.3101
NIZAM_p_TCGAb_406_07_08_09_10_N_GenomeWideSNP_6_D07_1486564	7	16137216	25885768	5968	0.0666
NIZAM_p_TCGAb_406_07_08_09_10_N_GenomeWideSNP_6_D07_1486564	7	25887252	26808540	577	0.6948
NIZAM_p_TCGAb_406_07_08_09_10_N_GenomeWideSNP_6_D07_1486564	7	26808555	53184164	17070	0.0679
NIZAM_p_TCGAb_406_07_08_09_10_N_GenomeWideSNP_6_D07_1486564	7	53188169	86266222	12776	0.0477
NIZAM_p_TCGAb_406_07_08_09_10_N_GenomeWideSNP_6_D07_1486564	7	86266686	86266705	2	-1.4235
NIZAM_p_TCGAb_406_07_08_09_10_N_GenomeWideSNP_6_D07_1486564	7	86272321	87038515	457	0.0267
NIZAM_p_TCGAb_406_07_08_09_10_N_GenomeWideSNP_6_D07_1486564	7	87046488	87046612	2	-1.1032
NIZAM_p_TCGAb_406_07_08_09_10_N_GenomeWideSNP_6_D07_1486564	7	87048844	93351659	2655	0.0293
NIZAM_p_TCGAb_406_07_08_09_10_N_GenomeWideSNP_6_D07_1486564	7	93358133	93531424	121	0.6403
NIZAM_p_TCGAb_406_07_08_09_10_N_GenomeWideSNP_6_D07_1486564	7	93538002	108977682	8043	0.0605
NIZAM_p_TCGAb_406_07_08_09_10_N_GenomeWideSNP_6_D07_1486564	7	108977713	121659246	6627	0.032
NIZAM_p_TCGAb_406_07_08_09_10_N_GenomeWideSNP_6_D07_1486564	7	121659322	124526167	1650	0.0631
NIZAM_p_TCGAb_406_07_08_09_10_N_GenomeWideSNP_6_D07_1486564	7	124526702	125304545	360	0.3167
NIZAM_p_TCGAb_406_07_08_09_10_N_GenomeWideSNP_6_D07_1486564	7	125304928	129296975	2071	0.0449
NIZAM_p_TCGAb_406_07_08_09_10_N_GenomeWideSNP_6_D07_1486564	7	129297108	130472189	541	-0.036
NIZAM_p_TCGAb_406_07_08_09_10_N_GenomeWideSNP_6_D07_1486564	7	130474386	130760219	104	0.0415
NIZAM_p_TCGAb_406_07_08_09_10_N_GenomeWideSNP_6_D07_1486564	7	130760815	131006591	156	0.2024
NIZAM_p_TCGAb_406_07_08_09_10_N_GenomeWideSNP_6_D07_1486564	7	131007391	131022236	15	-0.0226
NIZAM_p_TCGAb_406_07_08_09_10_N_GenomeWideSNP_6_D07_1486564	7	131024354	158592540	14989	-0.4382
NIZAM_p_TCGAb_406_07_08_09_10_N_GenomeWideSNP_6_D07_1486564	8	667625	3624354	1501	-0.0668
NIZAM_p_TCGAb_406_07_08_09_10_N_GenomeWideSNP_6_D07_1486564	8	3630124	3630522	3	-1.4093
NIZAM_p_TCGAb_406_07_08_09_10_N_GenomeWideSNP_6_D07_1486564	8	3630780	14098772	4778	-0.0474
NIZAM_p_TCGAb_406_07_08_09_10_N_GenomeWideSNP_6_D07_1486564	8	14099979	16782125	1948	-0.095
NIZAM_p_TCGAb_406_07_08_09_10_N_GenomeWideSNP_6_D07_1486564	8	16782507	46566788	16923	-0.0545
NIZAM_p_TCGAb_406_07_08_09_10_N_GenomeWideSNP_6_D07_1486564	8	46567131	46575536	5	0.4584
NIZAM_p_TCGAb_406_07_08_09_10_N_GenomeWideSNP_6_D07_1486564	8	46575802	46676693	48	0.2127
NIZAM_p_TCGAb_406_07_08_09_10_N_GenomeWideSNP_6_D07_1486564	8	46677402	113027662	37560	0.5195
NIZAM_p_TCGAb_406_07_08_09_10_N_GenomeWideSNP_6_D07_1486564	8	113028312	113032421	3	-0.6598
NIZAM_p_TCGAb_406_07_08_09_10_N_GenomeWideSNP_6_D07_1486564	8	113036167	115432023	1195	0.4883
NIZAM_p_TCGAb_406_07_08_09_10_N_GenomeWideSNP_6_D07_1486564	8	115435842	115671614	141	0.2207
NIZAM_p_TCGAb_406_07_08_09_10_N_GenomeWideSNP_6_D07_1486564	8	115677027	130943658	10384	0.5278
NIZAM_p_TCGAb_406_07_08_09_10_N_GenomeWideSNP_6_D07_1486564	8	130946013	134409655	2724	0.4939
NIZAM_p_TCGAb_406_07_08_09_10_N_GenomeWideSNP_6_D07_1486564	8	134409669	144182542	5133	0.5408
NIZAM_p_TCGAb_406_07_08_09_10_N_GenomeWideSNP_6_D07_1486564	9	789794	68526986	23709	-0.4
NIZAM_p_TCGAb_406_07_08_09_10_N_GenomeWideSNP_6_D07_1486564	9	68528538	73547051	3514	-0.3405
NIZAM_p_TCGAb_406_07_08_09_10_N_GenomeWideSNP_6_D07_1486564	9	73550250	74974850	908	-0.3742
NIZAM_p_TCGAb_406_07_08_09_10_N_GenomeWideSNP_6_D07_1486564	9	74975166	91128083	11400	-0.4091
NIZAM_p_TCGAb_406_07_08_09_10_N_GenomeWideSNP_6_D07_1486564	9	91128911	97673940	3868	-0.3448
NIZAM_p_TCGAb_406_07_08_09_10_N_GenomeWideSNP_6_D07_1486564	9	97674394	116636062	12676	-0.0031
NIZAM_p_TCGAb_406_07_08_09_10_N_GenomeWideSNP_6_D07_1486564	9	116636093	120243081	2907	-0.0424
NIZAM_p_TCGAb_406_07_08_09_10_N_GenomeWideSNP_6_D07_1486564	9	120243230	122338593	1309	-0.0169
NIZAM_p_TCGAb_406_07_08_09_10_N_GenomeWideSNP_6_D07_1486564	9	122340315	133612389	6577	-0.1396
NIZAM_p_TCGAb_406_07_08_09_10_N_GenomeWideSNP_6_D07_1486564	9	133612594	137488253	1497	-0.2031
NIZAM_p_TCGAb_406_07_08_09_10_N_GenomeWideSNP_6_D07_1486564	9	137489245	138037754	201	-0.1113
NIZAM_p_TCGAb_406_07_08_09_10_N_GenomeWideSNP_6_D07_1486564	9	138041170	138044505	6	-0.354
NIZAM_p_TCGAb_406_07_08_09_10_N_GenomeWideSNP_6_D07_1486564	10	366509	38182622	26218	-0.1271
NIZAM_p_TCGAb_406_07_08_09_10_N_GenomeWideSNP_6_D07_1486564	10	38183325	49387861	3344	-0.1587
NIZAM_p_TCGAb_406_07_08_09_10_N_GenomeWideSNP_6_D07_1486564	10	49387884	133411599	51919	-0.1245
NIZAM_p_TCGAb_406_07_08_09_10_N_GenomeWideSNP_6_D07_1486564	11	456012	3152947	936	-0.3961
NIZAM_p_TCGAb_406_07_08_09_10_N_GenomeWideSNP_6_D07_1486564	11	3154455	3733898	177	0.0839
NIZAM_p_TCGAb_406_07_08_09_10_N_GenomeWideSNP_6_D07_1486564	11	3742972	3919508	116	0.3923
NIZAM_p_TCGAb_406_07_08_09_10_N_GenomeWideSNP_6_D07_1486564	11	3929967	4504549	333	0.0412
NIZAM_p_TCGAb_406_07_08_09_10_N_GenomeWideSNP_6_D07_1486564	11	4504958	4528582	42	0.3409
NIZAM_p_TCGAb_406_07_08_09_10_N_GenomeWideSNP_6_D07_1486564	11	4528587	4548433	29	0.0445
NIZAM_p_TCGAb_406_07_08_09_10_N_GenomeWideSNP_6_D07_1486564	11	4551327	4572359	21	0.3574
NIZAM_p_TCGAb_406_07_08_09_10_N_GenomeWideSNP_6_D07_1486564	11	4573509	8120167	2421	0.0476
NIZAM_p_TCGAb_406_07_08_09_10_N_GenomeWideSNP_6_D07_1486564	11	8132047	8229277	92	0.3533
NIZAM_p_TCGAb_406_07_08_09_10_N_GenomeWideSNP_6_D07_1486564	11	8230894	22968619	10519	0.0529
NIZAM_p_TCGAb_406_07_08_09_10_N_GenomeWideSNP_6_D07_1486564	11	22972050	28532987	3484	-0.4107
NIZAM_p_TCGAb_406_07_08_09_10_N_GenomeWideSNP_6_D07_1486564	11	28534405	33280928	2961	0.0366
NIZAM_p_TCGAb_406_07_08_09_10_N_GenomeWideSNP_6_D07_1486564	11	33463183	34488131	774	-0.4308
NIZAM_p_TCGAb_406_07_08_09_10_N_GenomeWideSNP_6_D07_1486564	11	34488209	35443653	820	0.0524
NIZAM_p_TCGAb_406_07_08_09_10_N_GenomeWideSNP_6_D07_1486564	11	35450903	38256724	1412	-0.3835
NIZAM_p_TCGAb_406_07_08_09_10_N_GenomeWideSNP_6_D07_1486564	11	38260390	42484975	2775	0.0394
NIZAM_p_TCGAb_406_07_08_09_10_N_GenomeWideSNP_6_D07_1486564	11	42485981	44143589	1109	-0.4189
NIZAM_p_TCGAb_406_07_08_09_10_N_GenomeWideSNP_6_D07_1486564	11	44144793	44210464	32	0.0423
NIZAM_p_TCGAb_406_07_08_09_10_N_GenomeWideSNP_6_D07_1486564	11	44210849	44269934	45	0.2274
NIZAM_p_TCGAb_406_07_08_09_10_N_GenomeWideSNP_6_D07_1486564	11	44271197	44579949	228	0.0396
NIZAM_p_TCGAb_406_07_08_09_10_N_GenomeWideSNP_6_D07_1486564	11	44582606	47932635	1762	-0.4174
NIZAM_p_TCGAb_406_07_08_09_10_N_GenomeWideSNP_6_D07_1486564	11	47933741	47984508	28	0.0979
NIZAM_p_TCGAb_406_07_08_09_10_N_GenomeWideSNP_6_D07_1486564	11	47988179	56244856	668	-0.3981
NIZAM_p_TCGAb_406_07_08_09_10_N_GenomeWideSNP_6_D07_1486564	11	56246322	56701162	252	0.0152
NIZAM_p_TCGAb_406_07_08_09_10_N_GenomeWideSNP_6_D07_1486564	11	56701251	57899139	671	0.3966
NIZAM_p_TCGAb_406_07_08_09_10_N_GenomeWideSNP_6_D07_1486564	11	57902774	58016835	55	0.6669
NIZAM_p_TCGAb_406_07_08_09_10_N_GenomeWideSNP_6_D07_1486564	11	58018545	59389777	782	0.3787
NIZAM_p_TCGAb_406_07_08_09_10_N_GenomeWideSNP_6_D07_1486564	11	59391132	59391489	2	-0.5496
NIZAM_p_TCGAb_406_07_08_09_10_N_GenomeWideSNP_6_D07_1486564	11	59395629	59462243	51	0.403
NIZAM_p_TCGAb_406_07_08_09_10_N_GenomeWideSNP_6_D07_1486564	11	59469297	63377454	2106	-0.4157
NIZAM_p_TCGAb_406_07_08_09_10_N_GenomeWideSNP_6_D07_1486564	11	63380400	63441537	39	0.0398
NIZAM_p_TCGAb_406_07_08_09_10_N_GenomeWideSNP_6_D07_1486564	11	63442626	66614413	823	-0.4244
NIZAM_p_TCGAb_406_07_08_09_10_N_GenomeWideSNP_6_D07_1486564	11	66615310	67046835	140	0.354
NIZAM_p_TCGAb_406_07_08_09_10_N_GenomeWideSNP_6_D07_1486564	11	67050897	68003122	189	-0.0168
NIZAM_p_TCGAb_406_07_08_09_10_N_GenomeWideSNP_6_D07_1486564	11	68003149	68140022	60	0.4066
NIZAM_p_TCGAb_406_07_08_09_10_N_GenomeWideSNP_6_D07_1486564	11	68148226	68474094	146	0.6504
NIZAM_p_TCGAb_406_07_08_09_10_N_GenomeWideSNP_6_D07_1486564	11	68474395	68514307	11	1.1839
NIZAM_p_TCGAb_406_07_08_09_10_N_GenomeWideSNP_6_D07_1486564	11	68517654	68840542	158	0.9652
NIZAM_p_TCGAb_406_07_08_09_10_N_GenomeWideSNP_6_D07_1486564	11	68845459	69735033	554	1.2164
NIZAM_p_TCGAb_406_07_08_09_10_N_GenomeWideSNP_6_D07_1486564	11	69735836	70896736	648	0.8515
NIZAM_p_TCGAb_406_07_08_09_10_N_GenomeWideSNP_6_D07_1486564	11	70900040	71398388	260	0.6417
NIZAM_p_TCGAb_406_07_08_09_10_N_GenomeWideSNP_6_D07_1486564	11	71398870	71444306	46	1.2103
NIZAM_p_TCGAb_406_07_08_09_10_N_GenomeWideSNP_6_D07_1486564	11	71447387	71641093	107	0.6018
NIZAM_p_TCGAb_406_07_08_09_10_N_GenomeWideSNP_6_D07_1486564	11	71642219	71659754	10	0.2652
NIZAM_p_TCGAb_406_07_08_09_10_N_GenomeWideSNP_6_D07_1486564	11	71713405	71870279	32	-0.2392
NIZAM_p_TCGAb_406_07_08_09_10_N_GenomeWideSNP_6_D07_1486564	11	71877758	71998540	64	-0.4124
NIZAM_p_TCGAb_406_07_08_09_10_N_GenomeWideSNP_6_D07_1486564	11	72008357	72019669	8	0.5058
NIZAM_p_TCGAb_406_07_08_09_10_N_GenomeWideSNP_6_D07_1486564	11	72028377	72072197	25	-0.4521
NIZAM_p_TCGAb_406_07_08_09_10_N_GenomeWideSNP_6_D07_1486564	11	72073854	74175628	978	-0.1386
NIZAM_p_TCGAb_406_07_08_09_10_N_GenomeWideSNP_6_D07_1486564	11	74177106	75167841	577	0.2001
NIZAM_p_TCGAb_406_07_08_09_10_N_GenomeWideSNP_6_D07_1486564	11	75169811	75251414	36	-0.1479
NIZAM_p_TCGAb_406_07_08_09_10_N_GenomeWideSNP_6_D07_1486564	11	75252888	75490731	143	0.5969
NIZAM_p_TCGAb_406_07_08_09_10_N_GenomeWideSNP_6_D07_1486564	11	75493577	75919374	255	-0.4298
NIZAM_p_TCGAb_406_07_08_09_10_N_GenomeWideSNP_6_D07_1486564	11	75924789	76325226	201	0.2738
NIZAM_p_TCGAb_406_07_08_09_10_N_GenomeWideSNP_6_D07_1486564	11	76327126	76606627	135	0.7836
NIZAM_p_TCGAb_406_07_08_09_10_N_GenomeWideSNP_6_D07_1486564	11	76611208	76626484	14	1.2332
NIZAM_p_TCGAb_406_07_08_09_10_N_GenomeWideSNP_6_D07_1486564	11	76626631	76643514	11	1.601
NIZAM_p_TCGAb_406_07_08_09_10_N_GenomeWideSNP_6_D07_1486564	11	76645462	76653695	11	0.6746
NIZAM_p_TCGAb_406_07_08_09_10_N_GenomeWideSNP_6_D07_1486564	11	76656642	78281921	849	1.2767
NIZAM_p_TCGAb_406_07_08_09_10_N_GenomeWideSNP_6_D07_1486564	11	78283565	78396562	62	1.6558
NIZAM_p_TCGAb_406_07_08_09_10_N_GenomeWideSNP_6_D07_1486564	11	78398937	78501274	64	1.2651
NIZAM_p_TCGAb_406_07_08_09_10_N_GenomeWideSNP_6_D07_1486564	11	78504036	78700130	122	1.4259
NIZAM_p_TCGAb_406_07_08_09_10_N_GenomeWideSNP_6_D07_1486564	11	78700738	80255788	1267	1.2693
NIZAM_p_TCGAb_406_07_08_09_10_N_GenomeWideSNP_6_D07_1486564	11	80274240	134272740	35007	-0.4322
NIZAM_p_TCGAb_406_07_08_09_10_N_GenomeWideSNP_6_D07_1486564	12	780472	26482155	15402	0.056
NIZAM_p_TCGAb_406_07_08_09_10_N_GenomeWideSNP_6_D07_1486564	12	26484565	26683962	142	-0.4396
NIZAM_p_TCGAb_406_07_08_09_10_N_GenomeWideSNP_6_D07_1486564	12	26686814	41403584	5790	0.0654
NIZAM_p_TCGAb_406_07_08_09_10_N_GenomeWideSNP_6_D07_1486564	12	41407753	41407926	8	-0.528
NIZAM_p_TCGAb_406_07_08_09_10_N_GenomeWideSNP_6_D07_1486564	12	41407939	41418136	16	0.0945
NIZAM_p_TCGAb_406_07_08_09_10_N_GenomeWideSNP_6_D07_1486564	12	41422077	41422343	3	-0.9088
NIZAM_p_TCGAb_406_07_08_09_10_N_GenomeWideSNP_6_D07_1486564	12	41423058	46386390	2612	0.0486
NIZAM_p_TCGAb_406_07_08_09_10_N_GenomeWideSNP_6_D07_1486564	12	46387038	46883095	267	-0.4235
NIZAM_p_TCGAb_406_07_08_09_10_N_GenomeWideSNP_6_D07_1486564	12	46888748	59041762	6585	0.0565
NIZAM_p_TCGAb_406_07_08_09_10_N_GenomeWideSNP_6_D07_1486564	12	59042579	62167518	1848	0.0168
NIZAM_p_TCGAb_406_07_08_09_10_N_GenomeWideSNP_6_D07_1486564	12	62170406	74234994	7342	0.0575
NIZAM_p_TCGAb_406_07_08_09_10_N_GenomeWideSNP_6_D07_1486564	12	74237880	107301808	20875	-0.4176
NIZAM_p_TCGAb_406_07_08_09_10_N_GenomeWideSNP_6_D07_1486564	12	107302849	132605822	13606	0.0623
NIZAM_p_TCGAb_406_07_08_09_10_N_GenomeWideSNP_6_D07_1486564	13	18874255	30203164	6826	0.0789
NIZAM_p_TCGAb_406_07_08_09_10_N_GenomeWideSNP_6_D07_1486564	13	30203442	32296306	1331	0.3657
NIZAM_p_TCGAb_406_07_08_09_10_N_GenomeWideSNP_6_D07_1486564	13	32299016	33929665	1203	0.2422
NIZAM_p_TCGAb_406_07_08_09_10_N_GenomeWideSNP_6_D07_1486564	13	33931211	49923945	10401	-0.0787
NIZAM_p_TCGAb_406_07_08_09_10_N_GenomeWideSNP_6_D07_1486564	13	51050074	59131525	3823	0.1786
NIZAM_p_TCGAb_406_07_08_09_10_N_GenomeWideSNP_6_D07_1486564	13	59135859	61116004	1290	0.4512
NIZAM_p_TCGAb_406_07_08_09_10_N_GenomeWideSNP_6_D07_1486564	13	61124007	63385173	1145	0.1848
NIZAM_p_TCGAb_406_07_08_09_10_N_GenomeWideSNP_6_D07_1486564	13	63393758	63532845	84	0.1319
NIZAM_p_TCGAb_406_07_08_09_10_N_GenomeWideSNP_6_D07_1486564	13	63534155	65472738	597	-0.0815
NIZAM_p_TCGAb_406_07_08_09_10_N_GenomeWideSNP_6_D07_1486564	13	65472788	66952332	743	0.177
NIZAM_p_TCGAb_406_07_08_09_10_N_GenomeWideSNP_6_D07_1486564	13	66952349	68145856	511	-0.1046
NIZAM_p_TCGAb_406_07_08_09_10_N_GenomeWideSNP_6_D07_1486564	13	68146054	71801264	2105	0.1699
NIZAM_p_TCGAb_406_07_08_09_10_N_GenomeWideSNP_6_D07_1486564	13	71804649	74624510	2018	-0.097
NIZAM_p_TCGAb_406_07_08_09_10_N_GenomeWideSNP_6_D07_1486564	13	74628085	93770419	11652	0.0342
NIZAM_p_TCGAb_406_07_08_09_10_N_GenomeWideSNP_6_D07_1486564	13	93771193	99280668	3507	0.067
NIZAM_p_TCGAb_406_07_08_09_10_N_GenomeWideSNP_6_D07_1486564	13	99281340	114226675	9882	0.0398
NIZAM_p_TCGAb_406_07_08_09_10_N_GenomeWideSNP_6_D07_1486564	14	20033191	105533894	49794	-0.4005
NIZAM_p_TCGAb_406_07_08_09_10_N_GenomeWideSNP_6_D07_1486564	15	23437561	101344124	44884	0.0724
NIZAM_p_TCGAb_406_07_08_09_10_N_GenomeWideSNP_6_D07_1486564	16	603333	1536254	161	-0.1301
NIZAM_p_TCGAb_406_07_08_09_10_N_GenomeWideSNP_6_D07_1486564	16	1537733	46768077	14028	-0.068
NIZAM_p_TCGAb_406_07_08_09_10_N_GenomeWideSNP_6_D07_1486564	16	46791281	89317317	27103	-0.1885
NIZAM_p_TCGAb_406_07_08_09_10_N_GenomeWideSNP_6_D07_1486564	17	1074619	11748632	5857	-0.405
NIZAM_p_TCGAb_406_07_08_09_10_N_GenomeWideSNP_6_D07_1486564	17	11749391	28992152	4849	-0.1138
NIZAM_p_TCGAb_406_07_08_09_10_N_GenomeWideSNP_6_D07_1486564	17	28992154	29196519	111	0.0793
NIZAM_p_TCGAb_406_07_08_09_10_N_GenomeWideSNP_6_D07_1486564	17	29198968	39487527	4463	-0.1148
NIZAM_p_TCGAb_406_07_08_09_10_N_GenomeWideSNP_6_D07_1486564	17	39495286	48009074	3431	0.313
NIZAM_p_TCGAb_406_07_08_09_10_N_GenomeWideSNP_6_D07_1486564	17	48016440	48367272	201	0.6871
NIZAM_p_TCGAb_406_07_08_09_10_N_GenomeWideSNP_6_D07_1486564	17	48371235	63299082	8285	0.5834
NIZAM_p_TCGAb_406_07_08_09_10_N_GenomeWideSNP_6_D07_1486564	17	63305489	63534062	109	0.7625
NIZAM_p_TCGAb_406_07_08_09_10_N_GenomeWideSNP_6_D07_1486564	17	63536995	64220911	345	0.3871
NIZAM_p_TCGAb_406_07_08_09_10_N_GenomeWideSNP_6_D07_1486564	17	64221759	64226560	2	-1.1862
NIZAM_p_TCGAb_406_07_08_09_10_N_GenomeWideSNP_6_D07_1486564	17	64226762	66525936	1197	0.3951
NIZAM_p_TCGAb_406_07_08_09_10_N_GenomeWideSNP_6_D07_1486564	17	66526499	67026705	423	0.2478
NIZAM_p_TCGAb_406_07_08_09_10_N_GenomeWideSNP_6_D07_1486564	17	67026959	67641320	356	0.4054
NIZAM_p_TCGAb_406_07_08_09_10_N_GenomeWideSNP_6_D07_1486564	17	67641603	68229945	207	0.2677
NIZAM_p_TCGAb_406_07_08_09_10_N_GenomeWideSNP_6_D07_1486564	17	68232191	78397961	5755	0.4028
NIZAM_p_TCGAb_406_07_08_09_10_N_GenomeWideSNP_6_D07_1486564	17	78402323	82959812	1773	0.4707
NIZAM_p_TCGAb_406_07_08_09_10_N_GenomeWideSNP_6_D07_1486564	18	326691	24953439	10519	0.0746
NIZAM_p_TCGAb_406_07_08_09_10_N_GenomeWideSNP_6_D07_1486564	18	24953851	79349796	32513	0.0499
NIZAM_p_TCGAb_406_07_08_09_10_N_GenomeWideSNP_6_D07_1486564	19	283868	13015157	4608	-0.077
NIZAM_p_TCGAb_406_07_08_09_10_N_GenomeWideSNP_6_D07_1486564	19	13015958	13033158	4	1.1115
NIZAM_p_TCGAb_406_07_08_09_10_N_GenomeWideSNP_6_D07_1486564	19	13033434	27965019	4627	-0.0748
NIZAM_p_TCGAb_406_07_08_09_10_N_GenomeWideSNP_6_D07_1486564	19	27965214	44202721	9075	-0.1226
NIZAM_p_TCGAb_406_07_08_09_10_N_GenomeWideSNP_6_D07_1486564	19	44205409	45828258	685	0.1168
NIZAM_p_TCGAb_406_07_08_09_10_N_GenomeWideSNP_6_D07_1486564	19	45828613	45831697	2	1.0027
NIZAM_p_TCGAb_406_07_08_09_10_N_GenomeWideSNP_6_D07_1486564	19	45832494	46285078	235	0.1103
NIZAM_p_TCGAb_406_07_08_09_10_N_GenomeWideSNP_6_D07_1486564	19	46294573	54380571	3019	-0.1266
NIZAM_p_TCGAb_406_07_08_09_10_N_GenomeWideSNP_6_D07_1486564	19	54382866	56871395	1183	-0.4264
NIZAM_p_TCGAb_406_07_08_09_10_N_GenomeWideSNP_6_D07_1486564	19	56874691	57962965	570	0.1329
NIZAM_p_TCGAb_406_07_08_09_10_N_GenomeWideSNP_6_D07_1486564	19	57966370	58311743	213	0.2714
NIZAM_p_TCGAb_406_07_08_09_10_N_GenomeWideSNP_6_D07_1486564	19	58315472	58370362	29	-0.3696
NIZAM_p_TCGAb_406_07_08_09_10_N_GenomeWideSNP_6_D07_1486564	20	472817	25540303	16721	-0.4062
NIZAM_p_TCGAb_406_07_08_09_10_N_GenomeWideSNP_6_D07_1486564	20	25545208	57130791	16638	-0.0173
NIZAM_p_TCGAb_406_07_08_09_10_N_GenomeWideSNP_6_D07_1486564	20	57132401	63556719	4243	-0.0453
NIZAM_p_TCGAb_406_07_08_09_10_N_GenomeWideSNP_6_D07_1486564	20	63567905	63588502	11	-0.244
NIZAM_p_TCGAb_406_07_08_09_10_N_GenomeWideSNP_6_D07_1486564	21	13974127	19293258	3364	0.0623
NIZAM_p_TCGAb_406_07_08_09_10_N_GenomeWideSNP_6_D07_1486564	21	19298011	25203168	3600	0.0372
NIZAM_p_TCGAb_406_07_08_09_10_N_GenomeWideSNP_6_D07_1486564	21	25203619	44918488	13351	0.0709
NIZAM_p_TCGAb_406_07_08_09_10_N_GenomeWideSNP_6_D07_1486564	21	44918736	44920597	2	-1.1149
NIZAM_p_TCGAb_406_07_08_09_10_N_GenomeWideSNP_6_D07_1486564	21	44920928	46262057	499	0.0763
NIZAM_p_TCGAb_406_07_08_09_10_N_GenomeWideSNP_6_D07_1486564	22	16934932	17220344	162	0.0519
NIZAM_p_TCGAb_406_07_08_09_10_N_GenomeWideSNP_6_D07_1486564	22	17220362	23486240	722	0.3802
NIZAM_p_TCGAb_406_07_08_09_10_N_GenomeWideSNP_6_D07_1486564	22	23486292	23647088	50	0.1909
NIZAM_p_TCGAb_406_07_08_09_10_N_GenomeWideSNP_6_D07_1486564	22	23649233	24048858	159	0.5426
NIZAM_p_TCGAb_406_07_08_09_10_N_GenomeWideSNP_6_D07_1486564	22	24049386	24106956	44	0.9142
NIZAM_p_TCGAb_406_07_08_09_10_N_GenomeWideSNP_6_D07_1486564	22	24111414	25245198	593	0.5881
NIZAM_p_TCGAb_406_07_08_09_10_N_GenomeWideSNP_6_D07_1486564	22	25608728	25987417	376	0.8918
NIZAM_p_TCGAb_406_07_08_09_10_N_GenomeWideSNP_6_D07_1486564	22	25989483	26033370	54	1.2604
NIZAM_p_TCGAb_406_07_08_09_10_N_GenomeWideSNP_6_D07_1486564	22	26036560	26356274	287	0.8817
NIZAM_p_TCGAb_406_07_08_09_10_N_GenomeWideSNP_6_D07_1486564	22	26356740	26499371	118	0.487
NIZAM_p_TCGAb_406_07_08_09_10_N_GenomeWideSNP_6_D07_1486564	22	26501665	33965482	5235	-0.4224
NIZAM_p_TCGAb_406_07_08_09_10_N_GenomeWideSNP_6_D07_1486564	22	33969453	34165189	168	0.4655
NIZAM_p_TCGAb_406_07_08_09_10_N_GenomeWideSNP_6_D07_1486564	22	34165731	34184855	15	-0.3606
NIZAM_p_TCGAb_406_07_08_09_10_N_GenomeWideSNP_6_D07_1486564	22	34185280	34217358	34	0.446
NIZAM_p_TCGAb_406_07_08_09_10_N_GenomeWideSNP_6_D07_1486564	22	34218895	36433120	1427	-0.4159
NIZAM_p_TCGAb_406_07_08_09_10_N_GenomeWideSNP_6_D07_1486564	22	36434991	36437352	3	0.6198
NIZAM_p_TCGAb_406_07_08_09_10_N_GenomeWideSNP_6_D07_1486564	22	36440363	36452480	7	-0.4923
NIZAM_p_TCGAb_406_07_08_09_10_N_GenomeWideSNP_6_D07_1486564	22	36460761	36585038	81	0.5578
NIZAM_p_TCGAb_406_07_08_09_10_N_GenomeWideSNP_6_D07_1486564	22	36585209	36681319	90	0.0832
NIZAM_p_TCGAb_406_07_08_09_10_N_GenomeWideSNP_6_D07_1486564	22	36684693	36726045	31	0.5549
NIZAM_p_TCGAb_406_07_08_09_10_N_GenomeWideSNP_6_D07_1486564	22	36726570	36814504	64	0.0959
NIZAM_p_TCGAb_406_07_08_09_10_N_GenomeWideSNP_6_D07_1486564	22	36814612	37841776	563	0.5663
NIZAM_p_TCGAb_406_07_08_09_10_N_GenomeWideSNP_6_D07_1486564	22	37846806	38064823	99	1.0174
NIZAM_p_TCGAb_406_07_08_09_10_N_GenomeWideSNP_6_D07_1486564	22	38065582	38104375	12	1.494
NIZAM_p_TCGAb_406_07_08_09_10_N_GenomeWideSNP_6_D07_1486564	22	38110681	38320023	103	1.0466
NIZAM_p_TCGAb_406_07_08_09_10_N_GenomeWideSNP_6_D07_1486564	22	38322908	39023848	315	0.5694
NIZAM_p_TCGAb_406_07_08_09_10_N_GenomeWideSNP_6_D07_1486564	22	39028509	39119125	31	-0.4405
NIZAM_p_TCGAb_406_07_08_09_10_N_GenomeWideSNP_6_D07_1486564	22	39126029	39695542	263	0.2765
NIZAM_p_TCGAb_406_07_08_09_10_N_GenomeWideSNP_6_D07_1486564	22	39700079	40447232	320	0.5707
NIZAM_p_TCGAb_406_07_08_09_10_N_GenomeWideSNP_6_D07_1486564	22	40449594	40612766	62	1.1118
NIZAM_p_TCGAb_406_07_08_09_10_N_GenomeWideSNP_6_D07_1486564	22	40614358	40640325	12	1.6299
NIZAM_p_TCGAb_406_07_08_09_10_N_GenomeWideSNP_6_D07_1486564	22	40640505	41207650	432	1.0542
NIZAM_p_TCGAb_406_07_08_09_10_N_GenomeWideSNP_6_D07_1486564	22	41208168	41733842	222	0.5806
NIZAM_p_TCGAb_406_07_08_09_10_N_GenomeWideSNP_6_D07_1486564	22	41739224	41767727	17	0.8883
NIZAM_p_TCGAb_406_07_08_09_10_N_GenomeWideSNP_6_D07_1486564	22	41769435	41784151	20	0.6338
NIZAM_p_TCGAb_406_07_08_09_10_N_GenomeWideSNP_6_D07_1486564	22	41791127	42081152	151	1.0761
NIZAM_p_TCGAb_406_07_08_09_10_N_GenomeWideSNP_6_D07_1486564	22	42086224	42264875	83	0.5477
NIZAM_p_TCGAb_406_07_08_09_10_N_GenomeWideSNP_6_D07_1486564	22	42265138	43039662	337	0.7423
NIZAM_p_TCGAb_406_07_08_09_10_N_GenomeWideSNP_6_D07_1486564	22	43040001	43884514	566	1.179
NIZAM_p_TCGAb_406_07_08_09_10_N_GenomeWideSNP_6_D07_1486564	22	43885818	44293357	399	1.0677
NIZAM_p_TCGAb_406_07_08_09_10_N_GenomeWideSNP_6_D07_1486564	22	44295932	44296464	3	0.0256
NIZAM_p_TCGAb_406_07_08_09_10_N_GenomeWideSNP_6_D07_1486564	22	44296690	45442980	815	1.1063
NIZAM_p_TCGAb_406_07_08_09_10_N_GenomeWideSNP_6_D07_1486564	22	45443354	46262057	455	1.2927
NIZAM_p_TCGAb_406_07_08_09_10_N_GenomeWideSNP_6_D07_1486564	22	46264689	46416709	108	1.5933
NIZAM_p_TCGAb_406_07_08_09_10_N_GenomeWideSNP_6_D07_1486564	22	46418272	47337168	659	1.3431
NIZAM_p_TCGAb_406_07_08_09_10_N_GenomeWideSNP_6_D07_1486564	22	47338351	48940621	1324	-0.4778
NIZAM_p_TCGAb_406_07_08_09_10_N_GenomeWideSNP_6_D07_1486564	X	3236359	22105821	7747	0.0278
NIZAM_p_TCGAb_406_07_08_09_10_N_GenomeWideSNP_6_D07_1486564	X	22106130	22107588	3	-2.478
NIZAM_p_TCGAb_406_07_08_09_10_N_GenomeWideSNP_6_D07_1486564	X	22108117	31188927	4933	0.0258
NIZAM_p_TCGAb_406_07_08_09_10_N_GenomeWideSNP_6_D07_1486564	X	31191695	31540235	257	-1.8786
NIZAM_p_TCGAb_406_07_08_09_10_N_GenomeWideSNP_6_D07_1486564	X	31541138	128893533	39454	0.0096
NIZAM_p_TCGAb_406_07_08_09_10_N_GenomeWideSNP_6_D07_1486564	X	128893942	128895246	2	-3.6218
NIZAM_p_TCGAb_406_07_08_09_10_N_GenomeWideSNP_6_D07_1486564	X	128895739	145503607	7511	0.0094
NIZAM_p_TCGAb_406_07_08_09_10_N_GenomeWideSNP_6_D07_1486564	X	145504021	145504118	2	-3.2533
NIZAM_p_TCGAb_406_07_08_09_10_N_GenomeWideSNP_6_D07_1486564	X	145504156	155677414	4454	0.0121
