Sample	Chromosome	Start	End	Num_Probes	Segment_Mean
RAZEE_p_TCGA_277_b2_N_GenomeWideSNP_6_B11_1320950	1	3301765	5021137	1260	-4e-04
RAZEE_p_TCGA_277_b2_N_GenomeWideSNP_6_B11_1320950	1	5027358	5037475	12	-0.7078
RAZEE_p_TCGA_277_b2_N_GenomeWideSNP_6_B11_1320950	1	5038979	5287379	161	-0.0263
RAZEE_p_TCGA_277_b2_N_GenomeWideSNP_6_B11_1320950	1	5348829	14394166	4642	-0.7942
RAZEE_p_TCGA_277_b2_N_GenomeWideSNP_6_B11_1320950	1	14399317	23025762	5012	0.0209
RAZEE_p_TCGA_277_b2_N_GenomeWideSNP_6_B11_1320950	1	23035122	23137255	53	-0.7115
RAZEE_p_TCGA_277_b2_N_GenomeWideSNP_6_B11_1320950	1	23144686	28223937	2223	-0.0265
RAZEE_p_TCGA_277_b2_N_GenomeWideSNP_6_B11_1320950	1	28226080	28226601	2	-2.0785
RAZEE_p_TCGA_277_b2_N_GenomeWideSNP_6_B11_1320950	1	28228915	30405423	1213	-0.0087
RAZEE_p_TCGA_277_b2_N_GenomeWideSNP_6_B11_1320950	1	30405438	31408653	541	0.0584
RAZEE_p_TCGA_277_b2_N_GenomeWideSNP_6_B11_1320950	1	31408790	33387707	834	-0.0307
RAZEE_p_TCGA_277_b2_N_GenomeWideSNP_6_B11_1320950	1	33387874	33953003	432	0.1005
RAZEE_p_TCGA_277_b2_N_GenomeWideSNP_6_B11_1320950	1	33953195	45878365	6536	-0.0059
RAZEE_p_TCGA_277_b2_N_GenomeWideSNP_6_B11_1320950	1	45880368	48855311	1684	0.0403
RAZEE_p_TCGA_277_b2_N_GenomeWideSNP_6_B11_1320950	1	48855852	59725787	6712	-0.001
RAZEE_p_TCGA_277_b2_N_GenomeWideSNP_6_B11_1320950	1	59729560	64701022	3426	0.0727
RAZEE_p_TCGA_277_b2_N_GenomeWideSNP_6_B11_1320950	1	64704590	70493036	3835	0.0321
RAZEE_p_TCGA_277_b2_N_GenomeWideSNP_6_B11_1320950	1	70495826	71711734	644	0.07
RAZEE_p_TCGA_277_b2_N_GenomeWideSNP_6_B11_1320950	1	71714936	83604216	6870	-0.0154
RAZEE_p_TCGA_277_b2_N_GenomeWideSNP_6_B11_1320950	1	83608209	87832930	2850	0.043
RAZEE_p_TCGA_277_b2_N_GenomeWideSNP_6_B11_1320950	1	87835594	93528959	3327	0.0025
RAZEE_p_TCGA_277_b2_N_GenomeWideSNP_6_B11_1320950	1	93529913	95807527	1571	0.0578
RAZEE_p_TCGA_277_b2_N_GenomeWideSNP_6_B11_1320950	1	95807790	115544106	11468	-0.0179
RAZEE_p_TCGA_277_b2_N_GenomeWideSNP_6_B11_1320950	1	115547733	119981332	2776	0.053
RAZEE_p_TCGA_277_b2_N_GenomeWideSNP_6_B11_1320950	1	119984738	153860597	1876	-0.0102
RAZEE_p_TCGA_277_b2_N_GenomeWideSNP_6_B11_1320950	1	153860628	156801024	1349	-0.0659
RAZEE_p_TCGA_277_b2_N_GenomeWideSNP_6_B11_1320950	1	156810514	158201447	953	0.0213
RAZEE_p_TCGA_277_b2_N_GenomeWideSNP_6_B11_1320950	1	158204655	161997370	2241	-0.0611
RAZEE_p_TCGA_277_b2_N_GenomeWideSNP_6_B11_1320950	1	161997497	162199934	197	-0.019
RAZEE_p_TCGA_277_b2_N_GenomeWideSNP_6_B11_1320950	1	162200737	163459353	1037	0.0562
RAZEE_p_TCGA_277_b2_N_GenomeWideSNP_6_B11_1320950	1	163464889	164997868	1086	-0.0463
RAZEE_p_TCGA_277_b2_N_GenomeWideSNP_6_B11_1320950	1	164999184	165881239	784	0.0905
RAZEE_p_TCGA_277_b2_N_GenomeWideSNP_6_B11_1320950	1	165881253	174574833	5874	-0.0053
RAZEE_p_TCGA_277_b2_N_GenomeWideSNP_6_B11_1320950	1	174576689	176538999	875	-0.0765
RAZEE_p_TCGA_277_b2_N_GenomeWideSNP_6_B11_1320950	1	176539142	180593108	2637	0.0207
RAZEE_p_TCGA_277_b2_N_GenomeWideSNP_6_B11_1320950	1	180593230	182917948	1613	-0.0276
RAZEE_p_TCGA_277_b2_N_GenomeWideSNP_6_B11_1320950	1	182920109	187920681	3193	0.0286
RAZEE_p_TCGA_277_b2_N_GenomeWideSNP_6_B11_1320950	1	187922950	191653147	2081	-0.0427
RAZEE_p_TCGA_277_b2_N_GenomeWideSNP_6_B11_1320950	1	191653312	193084316	822	0.0419
RAZEE_p_TCGA_277_b2_N_GenomeWideSNP_6_B11_1320950	1	193085355	193206728	140	-0.7118
RAZEE_p_TCGA_277_b2_N_GenomeWideSNP_6_B11_1320950	1	193206742	193207159	7	-0.0842
RAZEE_p_TCGA_277_b2_N_GenomeWideSNP_6_B11_1320950	1	193207334	193244038	74	-0.7032
RAZEE_p_TCGA_277_b2_N_GenomeWideSNP_6_B11_1320950	1	193252785	200713695	4332	-0.0588
RAZEE_p_TCGA_277_b2_N_GenomeWideSNP_6_B11_1320950	1	200720587	202023038	864	0.0431
RAZEE_p_TCGA_277_b2_N_GenomeWideSNP_6_B11_1320950	1	202025075	209105849	4638	-0.0204
RAZEE_p_TCGA_277_b2_N_GenomeWideSNP_6_B11_1320950	1	209109735	228058030	12268	0.0161
RAZEE_p_TCGA_277_b2_N_GenomeWideSNP_6_B11_1320950	1	228058675	229255415	567	-0.0708
RAZEE_p_TCGA_277_b2_N_GenomeWideSNP_6_B11_1320950	1	229255429	237038288	5466	0.0126
RAZEE_p_TCGA_277_b2_N_GenomeWideSNP_6_B11_1320950	1	237038520	245032783	5512	-0.0384
RAZEE_p_TCGA_277_b2_N_GenomeWideSNP_6_B11_1320950	1	245033107	247176510	842	0.0281
RAZEE_p_TCGA_277_b2_N_GenomeWideSNP_6_B11_1320950	1	247177342	247650984	302	-0.0321
RAZEE_p_TCGA_277_b2_N_GenomeWideSNP_6_B11_1320950	2	480597	2028421	273	-0.1011
RAZEE_p_TCGA_277_b2_N_GenomeWideSNP_6_B11_1320950	2	2028992	2030872	3	-0.9618
RAZEE_p_TCGA_277_b2_N_GenomeWideSNP_6_B11_1320950	2	2036863	2880332	631	-0.0485
RAZEE_p_TCGA_277_b2_N_GenomeWideSNP_6_B11_1320950	2	2881955	4262254	907	0.0417
RAZEE_p_TCGA_277_b2_N_GenomeWideSNP_6_B11_1320950	2	4262918	6011700	1311	-0.073
RAZEE_p_TCGA_277_b2_N_GenomeWideSNP_6_B11_1320950	2	6011922	7546539	1169	4e-04
RAZEE_p_TCGA_277_b2_N_GenomeWideSNP_6_B11_1320950	2	7547213	8828427	871	-0.0784
RAZEE_p_TCGA_277_b2_N_GenomeWideSNP_6_B11_1320950	2	8829656	12266680	2424	0.0207
RAZEE_p_TCGA_277_b2_N_GenomeWideSNP_6_B11_1320950	2	12266885	13470663	723	0.0905
RAZEE_p_TCGA_277_b2_N_GenomeWideSNP_6_B11_1320950	2	13470834	13912285	249	0.0036
RAZEE_p_TCGA_277_b2_N_GenomeWideSNP_6_B11_1320950	2	13912330	16866884	2041	-0.0518
RAZEE_p_TCGA_277_b2_N_GenomeWideSNP_6_B11_1320950	2	16866956	18352608	1012	0.0628
RAZEE_p_TCGA_277_b2_N_GenomeWideSNP_6_B11_1320950	2	18353167	22924134	2971	-0.0022
RAZEE_p_TCGA_277_b2_N_GenomeWideSNP_6_B11_1320950	2	22925539	23770655	653	0.076
RAZEE_p_TCGA_277_b2_N_GenomeWideSNP_6_B11_1320950	2	23773057	29201138	2492	-0.0096
RAZEE_p_TCGA_277_b2_N_GenomeWideSNP_6_B11_1320950	2	29201223	30260947	862	0.0565
RAZEE_p_TCGA_277_b2_N_GenomeWideSNP_6_B11_1320950	2	30263470	31551068	921	-0.0497
RAZEE_p_TCGA_277_b2_N_GenomeWideSNP_6_B11_1320950	2	31551227	35506401	1761	0.0211
RAZEE_p_TCGA_277_b2_N_GenomeWideSNP_6_B11_1320950	2	35506654	36378320	382	-0.0731
RAZEE_p_TCGA_277_b2_N_GenomeWideSNP_6_B11_1320950	2	36380043	38939435	1331	0.0234
RAZEE_p_TCGA_277_b2_N_GenomeWideSNP_6_B11_1320950	2	38941900	38999661	45	-0.0867
RAZEE_p_TCGA_277_b2_N_GenomeWideSNP_6_B11_1320950	2	38999922	40156397	652	0.0724
RAZEE_p_TCGA_277_b2_N_GenomeWideSNP_6_B11_1320950	2	40156641	41638978	870	-0.0339
RAZEE_p_TCGA_277_b2_N_GenomeWideSNP_6_B11_1320950	2	41648378	41665031	16	-0.8582
RAZEE_p_TCGA_277_b2_N_GenomeWideSNP_6_B11_1320950	2	41675978	75123458	19516	-0.0116
RAZEE_p_TCGA_277_b2_N_GenomeWideSNP_6_B11_1320950	2	75126374	75875578	458	0.1268
RAZEE_p_TCGA_277_b2_N_GenomeWideSNP_6_B11_1320950	2	75879875	76621005	462	0.0242
RAZEE_p_TCGA_277_b2_N_GenomeWideSNP_6_B11_1320950	2	76629001	129730347	23604	-0.0276
RAZEE_p_TCGA_277_b2_N_GenomeWideSNP_6_B11_1320950	2	129731131	134156383	1652	0.0557
RAZEE_p_TCGA_277_b2_N_GenomeWideSNP_6_B11_1320950	2	134158431	143425244	5272	-0.0681
RAZEE_p_TCGA_277_b2_N_GenomeWideSNP_6_B11_1320950	2	143428034	146536545	1657	0.0191
RAZEE_p_TCGA_277_b2_N_GenomeWideSNP_6_B11_1320950	2	146540409	149919031	1814	-0.0621
RAZEE_p_TCGA_277_b2_N_GenomeWideSNP_6_B11_1320950	2	149924231	152854422	1996	0.0107
RAZEE_p_TCGA_277_b2_N_GenomeWideSNP_6_B11_1320950	2	152855153	155907369	1681	-0.0705
RAZEE_p_TCGA_277_b2_N_GenomeWideSNP_6_B11_1320950	2	155907701	157309306	731	0.0256
RAZEE_p_TCGA_277_b2_N_GenomeWideSNP_6_B11_1320950	2	157309656	157858953	262	-0.0749
RAZEE_p_TCGA_277_b2_N_GenomeWideSNP_6_B11_1320950	2	157859509	160229578	1529	0.0404
RAZEE_p_TCGA_277_b2_N_GenomeWideSNP_6_B11_1320950	2	160230900	163184795	1577	-0.0211
RAZEE_p_TCGA_277_b2_N_GenomeWideSNP_6_B11_1320950	2	163184824	178374341	9418	0.0316
RAZEE_p_TCGA_277_b2_N_GenomeWideSNP_6_B11_1320950	2	178374452	181429875	1879	-0.0094
RAZEE_p_TCGA_277_b2_N_GenomeWideSNP_6_B11_1320950	2	181431326	182781345	835	0.0484
RAZEE_p_TCGA_277_b2_N_GenomeWideSNP_6_B11_1320950	2	182784215	183732349	490	0.5396
RAZEE_p_TCGA_277_b2_N_GenomeWideSNP_6_B11_1320950	2	183743192	186031467	742	-0.0648
RAZEE_p_TCGA_277_b2_N_GenomeWideSNP_6_B11_1320950	2	186031777	192629300	3472	0.0095
RAZEE_p_TCGA_277_b2_N_GenomeWideSNP_6_B11_1320950	2	192632191	195687974	1015	-0.0905
RAZEE_p_TCGA_277_b2_N_GenomeWideSNP_6_B11_1320950	2	195688504	204262755	4646	-0.0019
RAZEE_p_TCGA_277_b2_N_GenomeWideSNP_6_B11_1320950	2	204263077	204263266	2	-1.3697
RAZEE_p_TCGA_277_b2_N_GenomeWideSNP_6_B11_1320950	2	204263298	205305201	744	0.0078
RAZEE_p_TCGA_277_b2_N_GenomeWideSNP_6_B11_1320950	2	205305552	205584925	195	0.1211
RAZEE_p_TCGA_277_b2_N_GenomeWideSNP_6_B11_1320950	2	205585495	206362409	492	0.0178
RAZEE_p_TCGA_277_b2_N_GenomeWideSNP_6_B11_1320950	2	206364487	209212890	1705	-0.0278
RAZEE_p_TCGA_277_b2_N_GenomeWideSNP_6_B11_1320950	2	209213025	210965472	961	0.0335
RAZEE_p_TCGA_277_b2_N_GenomeWideSNP_6_B11_1320950	2	210965540	215196934	2539	-0.0784
RAZEE_p_TCGA_277_b2_N_GenomeWideSNP_6_B11_1320950	2	215198415	220097176	3067	0.0368
RAZEE_p_TCGA_277_b2_N_GenomeWideSNP_6_B11_1320950	2	220097489	221591749	1082	-0.0588
RAZEE_p_TCGA_277_b2_N_GenomeWideSNP_6_B11_1320950	2	221592545	226650418	3273	0.043
RAZEE_p_TCGA_277_b2_N_GenomeWideSNP_6_B11_1320950	2	226650983	227523781	525	-0.0196
RAZEE_p_TCGA_277_b2_N_GenomeWideSNP_6_B11_1320950	2	227525653	230679686	1862	-0.0896
RAZEE_p_TCGA_277_b2_N_GenomeWideSNP_6_B11_1320950	2	230682761	231411842	372	-0.0123
RAZEE_p_TCGA_277_b2_N_GenomeWideSNP_6_B11_1320950	2	231414300	241537572	5963	-0.8065
RAZEE_p_TCGA_277_b2_N_GenomeWideSNP_6_B11_1320950	3	2170634	3165956	437	-0.042
RAZEE_p_TCGA_277_b2_N_GenomeWideSNP_6_B11_1320950	3	3169871	3185420	12	-0.4576
RAZEE_p_TCGA_277_b2_N_GenomeWideSNP_6_B11_1320950	3	3185486	4358347	675	-0.0735
RAZEE_p_TCGA_277_b2_N_GenomeWideSNP_6_B11_1320950	3	4358400	6139364	780	0.0059
RAZEE_p_TCGA_277_b2_N_GenomeWideSNP_6_B11_1320950	3	6139435	7330932	724	-0.0574
RAZEE_p_TCGA_277_b2_N_GenomeWideSNP_6_B11_1320950	3	7331255	9457764	1677	0.065
RAZEE_p_TCGA_277_b2_N_GenomeWideSNP_6_B11_1320950	3	9461128	16471384	4567	-0.0027
RAZEE_p_TCGA_277_b2_N_GenomeWideSNP_6_B11_1320950	3	16473897	18546919	1154	-0.0608
RAZEE_p_TCGA_277_b2_N_GenomeWideSNP_6_B11_1320950	3	18547659	20611366	1089	0.0032
RAZEE_p_TCGA_277_b2_N_GenomeWideSNP_6_B11_1320950	3	20611857	22754749	932	-0.0944
RAZEE_p_TCGA_277_b2_N_GenomeWideSNP_6_B11_1320950	3	22755642	23338233	270	-0.0431
RAZEE_p_TCGA_277_b2_N_GenomeWideSNP_6_B11_1320950	3	23340715	29899281	4186	0.0267
RAZEE_p_TCGA_277_b2_N_GenomeWideSNP_6_B11_1320950	3	29900515	36474493	4103	-0.0107
RAZEE_p_TCGA_277_b2_N_GenomeWideSNP_6_B11_1320950	3	36474834	45518129	5258	0.0325
RAZEE_p_TCGA_277_b2_N_GenomeWideSNP_6_B11_1320950	3	45520713	46105514	427	-0.0084
RAZEE_p_TCGA_277_b2_N_GenomeWideSNP_6_B11_1320950	3	46107654	56370525	5353	-0.0426
RAZEE_p_TCGA_277_b2_N_GenomeWideSNP_6_B11_1320950	3	56371141	59714996	1950	0.0088
RAZEE_p_TCGA_277_b2_N_GenomeWideSNP_6_B11_1320950	3	59715181	65082300	3196	0.1076
RAZEE_p_TCGA_277_b2_N_GenomeWideSNP_6_B11_1320950	3	65082473	68857767	2576	-0.0126
RAZEE_p_TCGA_277_b2_N_GenomeWideSNP_6_B11_1320950	3	68857967	70995849	1553	0.1021
RAZEE_p_TCGA_277_b2_N_GenomeWideSNP_6_B11_1320950	3	70996733	72974783	1408	-0.0321
RAZEE_p_TCGA_277_b2_N_GenomeWideSNP_6_B11_1320950	3	72975458	74138834	893	0.0381
RAZEE_p_TCGA_277_b2_N_GenomeWideSNP_6_B11_1320950	3	74144796	78029204	1894	-0.0523
RAZEE_p_TCGA_277_b2_N_GenomeWideSNP_6_B11_1320950	3	78038299	79812625	958	0.0269
RAZEE_p_TCGA_277_b2_N_GenomeWideSNP_6_B11_1320950	3	79813041	87142469	3650	-0.0584
RAZEE_p_TCGA_277_b2_N_GenomeWideSNP_6_B11_1320950	3	87149933	87198608	37	-0.8883
RAZEE_p_TCGA_277_b2_N_GenomeWideSNP_6_B11_1320950	3	87198869	94394253	1660	-0.0444
RAZEE_p_TCGA_277_b2_N_GenomeWideSNP_6_B11_1320950	3	94397203	97433810	1521	-0.1473
RAZEE_p_TCGA_277_b2_N_GenomeWideSNP_6_B11_1320950	3	97433921	97695519	135	-0.0723
RAZEE_p_TCGA_277_b2_N_GenomeWideSNP_6_B11_1320950	3	97696166	101193888	1897	-0.0259
RAZEE_p_TCGA_277_b2_N_GenomeWideSNP_6_B11_1320950	3	101194017	101660083	213	-0.0641
RAZEE_p_TCGA_277_b2_N_GenomeWideSNP_6_B11_1320950	3	101661351	108329039	3941	-0.1159
RAZEE_p_TCGA_277_b2_N_GenomeWideSNP_6_B11_1320950	3	108333770	109700112	505	-0.0283
RAZEE_p_TCGA_277_b2_N_GenomeWideSNP_6_B11_1320950	3	109700874	109709730	7	-0.9775
RAZEE_p_TCGA_277_b2_N_GenomeWideSNP_6_B11_1320950	3	109710269	110883879	680	-0.0545
RAZEE_p_TCGA_277_b2_N_GenomeWideSNP_6_B11_1320950	3	110884004	114542672	2159	-0.0241
RAZEE_p_TCGA_277_b2_N_GenomeWideSNP_6_B11_1320950	3	114545132	116637163	1321	0.0282
RAZEE_p_TCGA_277_b2_N_GenomeWideSNP_6_B11_1320950	3	116637733	118386783	1280	-0.0542
RAZEE_p_TCGA_277_b2_N_GenomeWideSNP_6_B11_1320950	3	118388495	120968944	1417	0.0185
RAZEE_p_TCGA_277_b2_N_GenomeWideSNP_6_B11_1320950	3	120970942	122990184	987	-0.0513
RAZEE_p_TCGA_277_b2_N_GenomeWideSNP_6_B11_1320950	3	122990896	127347482	2708	0.0449
RAZEE_p_TCGA_277_b2_N_GenomeWideSNP_6_B11_1320950	3	127352082	144575964	9467	-0.0089
RAZEE_p_TCGA_277_b2_N_GenomeWideSNP_6_B11_1320950	3	144576096	144886530	182	-0.0912
RAZEE_p_TCGA_277_b2_N_GenomeWideSNP_6_B11_1320950	3	144887288	144891971	2	-1.5219
RAZEE_p_TCGA_277_b2_N_GenomeWideSNP_6_B11_1320950	3	144892714	145631514	431	-0.0944
RAZEE_p_TCGA_277_b2_N_GenomeWideSNP_6_B11_1320950	3	145634050	150674002	2440	0.0205
RAZEE_p_TCGA_277_b2_N_GenomeWideSNP_6_B11_1320950	3	150674008	167242490	8392	-0.0238
RAZEE_p_TCGA_277_b2_N_GenomeWideSNP_6_B11_1320950	3	167243167	175086598	4308	0.0136
RAZEE_p_TCGA_277_b2_N_GenomeWideSNP_6_B11_1320950	3	175087178	175090139	2	-1.6233
RAZEE_p_TCGA_277_b2_N_GenomeWideSNP_6_B11_1320950	3	175090542	176517791	515	-0.0719
RAZEE_p_TCGA_277_b2_N_GenomeWideSNP_6_B11_1320950	3	176522702	180064025	1991	-0.0011
RAZEE_p_TCGA_277_b2_N_GenomeWideSNP_6_B11_1320950	3	180066668	182306993	1102	-0.0788
RAZEE_p_TCGA_277_b2_N_GenomeWideSNP_6_B11_1320950	3	182308301	187679823	2825	0.0073
RAZEE_p_TCGA_277_b2_N_GenomeWideSNP_6_B11_1320950	3	187679856	189429957	1188	-0.0669
RAZEE_p_TCGA_277_b2_N_GenomeWideSNP_6_B11_1320950	3	189448219	190036885	443	0.4716
RAZEE_p_TCGA_277_b2_N_GenomeWideSNP_6_B11_1320950	3	190041417	190967760	605	0.0615
RAZEE_p_TCGA_277_b2_N_GenomeWideSNP_6_B11_1320950	3	190967822	192896519	1163	-0.046
RAZEE_p_TCGA_277_b2_N_GenomeWideSNP_6_B11_1320950	3	192896694	193412106	243	0.018
RAZEE_p_TCGA_277_b2_N_GenomeWideSNP_6_B11_1320950	3	193412497	194538918	710	0.0752
RAZEE_p_TCGA_277_b2_N_GenomeWideSNP_6_B11_1320950	3	194539164	197812401	910	-0.021
RAZEE_p_TCGA_277_b2_N_GenomeWideSNP_6_B11_1320950	4	1059384	3026386	743	-0.0447
RAZEE_p_TCGA_277_b2_N_GenomeWideSNP_6_B11_1320950	4	3026443	11889418	5469	0.0304
RAZEE_p_TCGA_277_b2_N_GenomeWideSNP_6_B11_1320950	4	11889741	12496300	315	-0.1187
RAZEE_p_TCGA_277_b2_N_GenomeWideSNP_6_B11_1320950	4	12496442	15420663	2179	0.0216
RAZEE_p_TCGA_277_b2_N_GenomeWideSNP_6_B11_1320950	4	15420900	19220548	2619	-0.0195
RAZEE_p_TCGA_277_b2_N_GenomeWideSNP_6_B11_1320950	4	19220792	21802635	1655	-0.0893
RAZEE_p_TCGA_277_b2_N_GenomeWideSNP_6_B11_1320950	4	21806659	22334522	357	-0.0371
RAZEE_p_TCGA_277_b2_N_GenomeWideSNP_6_B11_1320950	4	22336932	23556022	702	0.0143
RAZEE_p_TCGA_277_b2_N_GenomeWideSNP_6_B11_1320950	4	23556064	24263621	539	0.1047
RAZEE_p_TCGA_277_b2_N_GenomeWideSNP_6_B11_1320950	4	24264736	25065214	555	0.0308
RAZEE_p_TCGA_277_b2_N_GenomeWideSNP_6_B11_1320950	4	25065260	29314452	2681	-0.0358
RAZEE_p_TCGA_277_b2_N_GenomeWideSNP_6_B11_1320950	4	29316617	29316627	2	-2.1491
RAZEE_p_TCGA_277_b2_N_GenomeWideSNP_6_B11_1320950	4	29316643	30244339	580	-0.0567
RAZEE_p_TCGA_277_b2_N_GenomeWideSNP_6_B11_1320950	4	30244940	31631596	837	0.0498
RAZEE_p_TCGA_277_b2_N_GenomeWideSNP_6_B11_1320950	4	31631881	37038573	3024	-0.0588
RAZEE_p_TCGA_277_b2_N_GenomeWideSNP_6_B11_1320950	4	37042562	38088069	843	0.0164
RAZEE_p_TCGA_277_b2_N_GenomeWideSNP_6_B11_1320950	4	38090179	39697517	966	-0.0427
RAZEE_p_TCGA_277_b2_N_GenomeWideSNP_6_B11_1320950	4	39697775	39966077	131	-0.7722
RAZEE_p_TCGA_277_b2_N_GenomeWideSNP_6_B11_1320950	4	39968732	52002352	4258	-0.0646
RAZEE_p_TCGA_277_b2_N_GenomeWideSNP_6_B11_1320950	4	52004594	57775266	3822	0.0232
RAZEE_p_TCGA_277_b2_N_GenomeWideSNP_6_B11_1320950	4	57775492	58449354	322	-0.0308
RAZEE_p_TCGA_277_b2_N_GenomeWideSNP_6_B11_1320950	4	58451203	58830916	214	-0.8956
RAZEE_p_TCGA_277_b2_N_GenomeWideSNP_6_B11_1320950	4	58831452	58835033	2	-3.1618
RAZEE_p_TCGA_277_b2_N_GenomeWideSNP_6_B11_1320950	4	58835091	63093342	2319	-0.8634
RAZEE_p_TCGA_277_b2_N_GenomeWideSNP_6_B11_1320950	4	63093980	70302923	3358	-0.0362
RAZEE_p_TCGA_277_b2_N_GenomeWideSNP_6_B11_1320950	4	70303559	73003876	1481	0.0646
RAZEE_p_TCGA_277_b2_N_GenomeWideSNP_6_B11_1320950	4	73006229	73684261	332	0.0144
RAZEE_p_TCGA_277_b2_N_GenomeWideSNP_6_B11_1320950	4	73684615	75773945	1280	-0.044
RAZEE_p_TCGA_277_b2_N_GenomeWideSNP_6_B11_1320950	4	75773986	79615995	2440	0.0094
RAZEE_p_TCGA_277_b2_N_GenomeWideSNP_6_B11_1320950	4	79616484	80826614	623	-0.1257
RAZEE_p_TCGA_277_b2_N_GenomeWideSNP_6_B11_1320950	4	80830905	84278942	2162	-0.0163
RAZEE_p_TCGA_277_b2_N_GenomeWideSNP_6_B11_1320950	4	84279417	90342565	3604	0.0295
RAZEE_p_TCGA_277_b2_N_GenomeWideSNP_6_B11_1320950	4	90342803	93818636	1695	-0.0747
RAZEE_p_TCGA_277_b2_N_GenomeWideSNP_6_B11_1320950	4	93819930	95526366	1052	0.0341
RAZEE_p_TCGA_277_b2_N_GenomeWideSNP_6_B11_1320950	4	95526841	99400208	2104	-0.0711
RAZEE_p_TCGA_277_b2_N_GenomeWideSNP_6_B11_1320950	4	99400286	99400363	2	-2.0552
RAZEE_p_TCGA_277_b2_N_GenomeWideSNP_6_B11_1320950	4	99401288	107340885	4441	-0.0247
RAZEE_p_TCGA_277_b2_N_GenomeWideSNP_6_B11_1320950	4	107341660	109653512	1284	0.0384
RAZEE_p_TCGA_277_b2_N_GenomeWideSNP_6_B11_1320950	4	109654694	111353410	1057	-0.0308
RAZEE_p_TCGA_277_b2_N_GenomeWideSNP_6_B11_1320950	4	111353686	114498439	1900	0.0645
RAZEE_p_TCGA_277_b2_N_GenomeWideSNP_6_B11_1320950	4	114513322	117978615	1927	-0.045
RAZEE_p_TCGA_277_b2_N_GenomeWideSNP_6_B11_1320950	4	117982516	118460267	210	0.0721
RAZEE_p_TCGA_277_b2_N_GenomeWideSNP_6_B11_1320950	4	118462715	118487581	5	-0.5794
RAZEE_p_TCGA_277_b2_N_GenomeWideSNP_6_B11_1320950	4	118488142	119327528	454	0.0764
RAZEE_p_TCGA_277_b2_N_GenomeWideSNP_6_B11_1320950	4	119327637	122696165	1945	0.0181
RAZEE_p_TCGA_277_b2_N_GenomeWideSNP_6_B11_1320950	4	122696437	125173355	1414	0.0786
RAZEE_p_TCGA_277_b2_N_GenomeWideSNP_6_B11_1320950	4	125175230	129446271	2163	-0.0017
RAZEE_p_TCGA_277_b2_N_GenomeWideSNP_6_B11_1320950	4	129446656	132745682	1563	-0.064
RAZEE_p_TCGA_277_b2_N_GenomeWideSNP_6_B11_1320950	4	132746468	132748694	2	-1.7597
RAZEE_p_TCGA_277_b2_N_GenomeWideSNP_6_B11_1320950	4	132748975	137602944	2261	-0.0524
RAZEE_p_TCGA_277_b2_N_GenomeWideSNP_6_B11_1320950	4	137603181	140099983	1715	-0.0025
RAZEE_p_TCGA_277_b2_N_GenomeWideSNP_6_B11_1320950	4	140101163	143349002	1963	0.0461
RAZEE_p_TCGA_277_b2_N_GenomeWideSNP_6_B11_1320950	4	143350830	149741257	3377	-0.025
RAZEE_p_TCGA_277_b2_N_GenomeWideSNP_6_B11_1320950	4	149741728	150245782	300	0.0779
RAZEE_p_TCGA_277_b2_N_GenomeWideSNP_6_B11_1320950	4	150248148	151665771	588	-0.0031
RAZEE_p_TCGA_277_b2_N_GenomeWideSNP_6_B11_1320950	4	151667848	151725333	47	-0.8138
RAZEE_p_TCGA_277_b2_N_GenomeWideSNP_6_B11_1320950	4	151729948	154830365	1869	-0.0068
RAZEE_p_TCGA_277_b2_N_GenomeWideSNP_6_B11_1320950	4	154831156	156377429	1029	-0.0663
RAZEE_p_TCGA_277_b2_N_GenomeWideSNP_6_B11_1320950	4	156378092	159146231	1581	-0.0014
RAZEE_p_TCGA_277_b2_N_GenomeWideSNP_6_B11_1320950	4	159146930	159303362	86	-0.7773
RAZEE_p_TCGA_277_b2_N_GenomeWideSNP_6_B11_1320950	4	159304037	159537428	148	-0.059
RAZEE_p_TCGA_277_b2_N_GenomeWideSNP_6_B11_1320950	4	159539775	159695464	91	-0.6914
RAZEE_p_TCGA_277_b2_N_GenomeWideSNP_6_B11_1320950	4	159696109	161450347	1004	-0.0664
RAZEE_p_TCGA_277_b2_N_GenomeWideSNP_6_B11_1320950	4	161451889	162982061	927	-0.8554
RAZEE_p_TCGA_277_b2_N_GenomeWideSNP_6_B11_1320950	4	162984239	163313012	198	-0.082
RAZEE_p_TCGA_277_b2_N_GenomeWideSNP_6_B11_1320950	4	163314841	163507292	100	0.4122
RAZEE_p_TCGA_277_b2_N_GenomeWideSNP_6_B11_1320950	4	163514951	163769001	141	-0.0642
RAZEE_p_TCGA_277_b2_N_GenomeWideSNP_6_B11_1320950	4	163773175	176324358	6716	-0.8329
RAZEE_p_TCGA_277_b2_N_GenomeWideSNP_6_B11_1320950	4	176324805	176325016	2	-3.8999
RAZEE_p_TCGA_277_b2_N_GenomeWideSNP_6_B11_1320950	4	176327051	179316912	1492	-0.8448
RAZEE_p_TCGA_277_b2_N_GenomeWideSNP_6_B11_1320950	4	179317062	179317220	2	-4.6761
RAZEE_p_TCGA_277_b2_N_GenomeWideSNP_6_B11_1320950	4	179317330	181191192	918	-0.816
RAZEE_p_TCGA_277_b2_N_GenomeWideSNP_6_B11_1320950	4	181192278	181631890	322	-3.6827
RAZEE_p_TCGA_277_b2_N_GenomeWideSNP_6_B11_1320950	4	181635401	181716437	71	-1.215
RAZEE_p_TCGA_277_b2_N_GenomeWideSNP_6_B11_1320950	4	181716472	184412589	1122	-0.8454
RAZEE_p_TCGA_277_b2_N_GenomeWideSNP_6_B11_1320950	4	184413667	184414712	2	-3.2741
RAZEE_p_TCGA_277_b2_N_GenomeWideSNP_6_B11_1320950	4	184415108	187842528	1678	-0.8164
RAZEE_p_TCGA_277_b2_N_GenomeWideSNP_6_B11_1320950	5	913983	4138994	2059	-0.055
RAZEE_p_TCGA_277_b2_N_GenomeWideSNP_6_B11_1320950	5	4141149	4143023	4	-0.9793
RAZEE_p_TCGA_277_b2_N_GenomeWideSNP_6_B11_1320950	5	4147555	4646990	332	-0.0365
RAZEE_p_TCGA_277_b2_N_GenomeWideSNP_6_B11_1320950	5	4647323	5649567	909	0.0817
RAZEE_p_TCGA_277_b2_N_GenomeWideSNP_6_B11_1320950	5	5649640	6753973	915	-0.0031
RAZEE_p_TCGA_277_b2_N_GenomeWideSNP_6_B11_1320950	5	6754554	6760386	5	-0.6945
RAZEE_p_TCGA_277_b2_N_GenomeWideSNP_6_B11_1320950	5	6762657	7528712	495	0.0012
RAZEE_p_TCGA_277_b2_N_GenomeWideSNP_6_B11_1320950	5	7528911	9890650	1865	0.1084
RAZEE_p_TCGA_277_b2_N_GenomeWideSNP_6_B11_1320950	5	9891089	10382136	372	0.0127
RAZEE_p_TCGA_277_b2_N_GenomeWideSNP_6_B11_1320950	5	10382361	13469389	1597	-0.078
RAZEE_p_TCGA_277_b2_N_GenomeWideSNP_6_B11_1320950	5	13470893	17834400	2410	0.0485
RAZEE_p_TCGA_277_b2_N_GenomeWideSNP_6_B11_1320950	5	17836788	30746525	6735	-0.0652
RAZEE_p_TCGA_277_b2_N_GenomeWideSNP_6_B11_1320950	5	30746702	32226558	1149	0.0135
RAZEE_p_TCGA_277_b2_N_GenomeWideSNP_6_B11_1320950	5	32228015	33921589	1131	-0.0347
RAZEE_p_TCGA_277_b2_N_GenomeWideSNP_6_B11_1320950	5	33921705	40066406	3428	0.0235
RAZEE_p_TCGA_277_b2_N_GenomeWideSNP_6_B11_1320950	5	40071531	41073249	643	-0.0697
RAZEE_p_TCGA_277_b2_N_GenomeWideSNP_6_B11_1320950	5	41087616	52462970	2941	-0.0016
RAZEE_p_TCGA_277_b2_N_GenomeWideSNP_6_B11_1320950	5	52464608	53615264	813	0.0781
RAZEE_p_TCGA_277_b2_N_GenomeWideSNP_6_B11_1320950	5	53617146	54578006	627	-0.0064
RAZEE_p_TCGA_277_b2_N_GenomeWideSNP_6_B11_1320950	5	54578164	54578346	2	-1.2587
RAZEE_p_TCGA_277_b2_N_GenomeWideSNP_6_B11_1320950	5	54579739	57338266	1749	0.0079
RAZEE_p_TCGA_277_b2_N_GenomeWideSNP_6_B11_1320950	5	57339016	57854038	359	0.1074
RAZEE_p_TCGA_277_b2_N_GenomeWideSNP_6_B11_1320950	5	57854121	59235928	996	0.0107
RAZEE_p_TCGA_277_b2_N_GenomeWideSNP_6_B11_1320950	5	59236458	59360730	61	-0.8629
RAZEE_p_TCGA_277_b2_N_GenomeWideSNP_6_B11_1320950	5	59363562	69437871	5698	-0.0138
RAZEE_p_TCGA_277_b2_N_GenomeWideSNP_6_B11_1320950	5	69438029	74260623	1887	0.0324
RAZEE_p_TCGA_277_b2_N_GenomeWideSNP_6_B11_1320950	5	74260640	75774964	840	-0.0234
RAZEE_p_TCGA_277_b2_N_GenomeWideSNP_6_B11_1320950	5	75775727	77327474	1017	-0.0877
RAZEE_p_TCGA_277_b2_N_GenomeWideSNP_6_B11_1320950	5	77327596	78549159	752	0.0232
RAZEE_p_TCGA_277_b2_N_GenomeWideSNP_6_B11_1320950	5	78552763	78679151	79	-0.757
RAZEE_p_TCGA_277_b2_N_GenomeWideSNP_6_B11_1320950	5	78680891	102257038	11726	-0.0135
RAZEE_p_TCGA_277_b2_N_GenomeWideSNP_6_B11_1320950	5	102257105	104306260	1070	0.052
RAZEE_p_TCGA_277_b2_N_GenomeWideSNP_6_B11_1320950	5	104306768	107362203	1473	-0.0185
RAZEE_p_TCGA_277_b2_N_GenomeWideSNP_6_B11_1320950	5	107362326	107739689	307	0.5143
RAZEE_p_TCGA_277_b2_N_GenomeWideSNP_6_B11_1320950	5	107741660	109530737	1113	0.0097
RAZEE_p_TCGA_277_b2_N_GenomeWideSNP_6_B11_1320950	5	109530827	112107412	1508	-0.0478
RAZEE_p_TCGA_277_b2_N_GenomeWideSNP_6_B11_1320950	5	112107987	119970685	5034	-7e-04
RAZEE_p_TCGA_277_b2_N_GenomeWideSNP_6_B11_1320950	5	119970970	123509250	1970	-0.0456
RAZEE_p_TCGA_277_b2_N_GenomeWideSNP_6_B11_1320950	5	123518697	129004158	3303	0.0125
RAZEE_p_TCGA_277_b2_N_GenomeWideSNP_6_B11_1320950	5	129004194	130511062	823	-0.0357
RAZEE_p_TCGA_277_b2_N_GenomeWideSNP_6_B11_1320950	5	130513146	130514132	2	-1.2214
RAZEE_p_TCGA_277_b2_N_GenomeWideSNP_6_B11_1320950	5	130515038	131986548	677	-0.0722
RAZEE_p_TCGA_277_b2_N_GenomeWideSNP_6_B11_1320950	5	131986601	133128857	620	-0.0135
RAZEE_p_TCGA_277_b2_N_GenomeWideSNP_6_B11_1320950	5	133129153	134089497	783	0.045
RAZEE_p_TCGA_277_b2_N_GenomeWideSNP_6_B11_1320950	5	134090044	135632135	907	-0.0262
RAZEE_p_TCGA_277_b2_N_GenomeWideSNP_6_B11_1320950	5	135633196	136406562	563	0.0754
RAZEE_p_TCGA_277_b2_N_GenomeWideSNP_6_B11_1320950	5	136406988	138678560	1318	-0.0097
RAZEE_p_TCGA_277_b2_N_GenomeWideSNP_6_B11_1320950	5	138685209	138690469	6	-0.799
RAZEE_p_TCGA_277_b2_N_GenomeWideSNP_6_B11_1320950	5	138694054	145272275	3643	-0.0028
RAZEE_p_TCGA_277_b2_N_GenomeWideSNP_6_B11_1320950	5	145272850	146871465	1015	0.054
RAZEE_p_TCGA_277_b2_N_GenomeWideSNP_6_B11_1320950	5	146871494	152466675	3761	0.0012
RAZEE_p_TCGA_277_b2_N_GenomeWideSNP_6_B11_1320950	5	152467269	153674766	774	-0.0815
RAZEE_p_TCGA_277_b2_N_GenomeWideSNP_6_B11_1320950	5	153675381	156498919	1835	-0.0087
RAZEE_p_TCGA_277_b2_N_GenomeWideSNP_6_B11_1320950	5	156499257	159252377	1830	-0.0814
RAZEE_p_TCGA_277_b2_N_GenomeWideSNP_6_B11_1320950	5	159252489	161313507	1413	0.0204
RAZEE_p_TCGA_277_b2_N_GenomeWideSNP_6_B11_1320950	5	161313648	161322831	9	-0.5038
RAZEE_p_TCGA_277_b2_N_GenomeWideSNP_6_B11_1320950	5	161323428	164364396	1754	-0.0699
RAZEE_p_TCGA_277_b2_N_GenomeWideSNP_6_B11_1320950	5	164364628	164476859	82	0.0529
RAZEE_p_TCGA_277_b2_N_GenomeWideSNP_6_B11_1320950	5	164482024	165761444	744	-0.9065
RAZEE_p_TCGA_277_b2_N_GenomeWideSNP_6_B11_1320950	5	165766804	166775604	719	-0.0872
RAZEE_p_TCGA_277_b2_N_GenomeWideSNP_6_B11_1320950	5	166775797	167038003	175	-0.9144
RAZEE_p_TCGA_277_b2_N_GenomeWideSNP_6_B11_1320950	5	167039371	167883722	589	-0.0746
RAZEE_p_TCGA_277_b2_N_GenomeWideSNP_6_B11_1320950	5	167887079	169989470	1608	0.008
RAZEE_p_TCGA_277_b2_N_GenomeWideSNP_6_B11_1320950	5	169991477	170033273	40	-0.1228
RAZEE_p_TCGA_277_b2_N_GenomeWideSNP_6_B11_1320950	5	170033502	171765033	1158	0.0744
RAZEE_p_TCGA_277_b2_N_GenomeWideSNP_6_B11_1320950	5	171767234	177180410	3116	-0.01
RAZEE_p_TCGA_277_b2_N_GenomeWideSNP_6_B11_1320950	5	177189338	178988936	747	-0.0804
RAZEE_p_TCGA_277_b2_N_GenomeWideSNP_6_B11_1320950	5	178989062	179676725	409	0.0029
RAZEE_p_TCGA_277_b2_N_GenomeWideSNP_6_B11_1320950	5	179677049	179678327	2	1.202
RAZEE_p_TCGA_277_b2_N_GenomeWideSNP_6_B11_1320950	5	179681196	180934240	583	-0.0125
RAZEE_p_TCGA_277_b2_N_GenomeWideSNP_6_B11_1320950	6	1011760	1847914	684	0.0332
RAZEE_p_TCGA_277_b2_N_GenomeWideSNP_6_B11_1320950	6	1847971	3549762	1214	-0.0177
RAZEE_p_TCGA_277_b2_N_GenomeWideSNP_6_B11_1320950	6	3552258	5060062	998	0.0368
RAZEE_p_TCGA_277_b2_N_GenomeWideSNP_6_B11_1320950	6	5060391	8117291	2395	-0.0561
RAZEE_p_TCGA_277_b2_N_GenomeWideSNP_6_B11_1320950	6	8117371	10742788	1629	0.026
RAZEE_p_TCGA_277_b2_N_GenomeWideSNP_6_B11_1320950	6	10744833	11163295	257	-0.0412
RAZEE_p_TCGA_277_b2_N_GenomeWideSNP_6_B11_1320950	6	11168279	12556708	1156	-0.1066
RAZEE_p_TCGA_277_b2_N_GenomeWideSNP_6_B11_1320950	6	12558987	16780613	2937	-0.0235
RAZEE_p_TCGA_277_b2_N_GenomeWideSNP_6_B11_1320950	6	16780639	20605773	2637	0.0358
RAZEE_p_TCGA_277_b2_N_GenomeWideSNP_6_B11_1320950	6	20607453	20983218	253	0.5264
RAZEE_p_TCGA_277_b2_N_GenomeWideSNP_6_B11_1320950	6	20986769	24641415	2622	0.0323
RAZEE_p_TCGA_277_b2_N_GenomeWideSNP_6_B11_1320950	6	24652449	28086929	1446	-0.1459
RAZEE_p_TCGA_277_b2_N_GenomeWideSNP_6_B11_1320950	6	28087717	38753226	4488	-0.0472
RAZEE_p_TCGA_277_b2_N_GenomeWideSNP_6_B11_1320950	6	38754410	40284705	1129	0.0213
RAZEE_p_TCGA_277_b2_N_GenomeWideSNP_6_B11_1320950	6	40284786	44481522	2566	-0.0506
RAZEE_p_TCGA_277_b2_N_GenomeWideSNP_6_B11_1320950	6	44481960	48605869	2503	0.0339
RAZEE_p_TCGA_277_b2_N_GenomeWideSNP_6_B11_1320950	6	48606444	50961988	1232	-0.0494
RAZEE_p_TCGA_277_b2_N_GenomeWideSNP_6_B11_1320950	6	50974380	54187001	2170	0.0064
RAZEE_p_TCGA_277_b2_N_GenomeWideSNP_6_B11_1320950	6	54188638	55902078	1060	-0.0724
RAZEE_p_TCGA_277_b2_N_GenomeWideSNP_6_B11_1320950	6	55903074	61524631	773	0.0623
RAZEE_p_TCGA_277_b2_N_GenomeWideSNP_6_B11_1320950	6	61524632	63083016	684	-0.1185
RAZEE_p_TCGA_277_b2_N_GenomeWideSNP_6_B11_1320950	6	63091938	71942822	4981	-0.0482
RAZEE_p_TCGA_277_b2_N_GenomeWideSNP_6_B11_1320950	6	71943471	76070360	2452	0.034
RAZEE_p_TCGA_277_b2_N_GenomeWideSNP_6_B11_1320950	6	76072598	78636741	1391	-0.0676
RAZEE_p_TCGA_277_b2_N_GenomeWideSNP_6_B11_1320950	6	78640995	78643000	2	-1.4795
RAZEE_p_TCGA_277_b2_N_GenomeWideSNP_6_B11_1320950	6	78643288	80178962	751	-0.0284
RAZEE_p_TCGA_277_b2_N_GenomeWideSNP_6_B11_1320950	6	80290496	80393707	73	-0.8316
RAZEE_p_TCGA_277_b2_N_GenomeWideSNP_6_B11_1320950	6	80395748	84389903	2319	-0.0168
RAZEE_p_TCGA_277_b2_N_GenomeWideSNP_6_B11_1320950	6	84391921	85195939	575	0.0814
RAZEE_p_TCGA_277_b2_N_GenomeWideSNP_6_B11_1320950	6	85196403	88802299	1980	-0.0615
RAZEE_p_TCGA_277_b2_N_GenomeWideSNP_6_B11_1320950	6	88802367	91863562	1867	0.0138
RAZEE_p_TCGA_277_b2_N_GenomeWideSNP_6_B11_1320950	6	91865457	98267927	2913	-0.0572
RAZEE_p_TCGA_277_b2_N_GenomeWideSNP_6_B11_1320950	6	98268394	100090607	1231	0.0108
RAZEE_p_TCGA_277_b2_N_GenomeWideSNP_6_B11_1320950	6	100092618	102094324	1124	-0.0466
RAZEE_p_TCGA_277_b2_N_GenomeWideSNP_6_B11_1320950	6	102097766	102720878	295	0.4404
RAZEE_p_TCGA_277_b2_N_GenomeWideSNP_6_B11_1320950	6	102721567	104237259	778	-0.0816
RAZEE_p_TCGA_277_b2_N_GenomeWideSNP_6_B11_1320950	6	104238762	111894338	4666	-0.0085
RAZEE_p_TCGA_277_b2_N_GenomeWideSNP_6_B11_1320950	6	111898257	113247543	883	0.0544
RAZEE_p_TCGA_277_b2_N_GenomeWideSNP_6_B11_1320950	6	113249020	114319394	701	-0.0094
RAZEE_p_TCGA_277_b2_N_GenomeWideSNP_6_B11_1320950	6	114322065	116482833	1106	-0.054
RAZEE_p_TCGA_277_b2_N_GenomeWideSNP_6_B11_1320950	6	116483230	119956925	1658	0.0215
RAZEE_p_TCGA_277_b2_N_GenomeWideSNP_6_B11_1320950	6	119956939	121812826	1004	-0.0816
RAZEE_p_TCGA_277_b2_N_GenomeWideSNP_6_B11_1320950	6	121813857	124626227	1643	-0.0205
RAZEE_p_TCGA_277_b2_N_GenomeWideSNP_6_B11_1320950	6	124629679	126882974	1294	0.0611
RAZEE_p_TCGA_277_b2_N_GenomeWideSNP_6_B11_1320950	6	126891333	131687880	3072	-0.0315
RAZEE_p_TCGA_277_b2_N_GenomeWideSNP_6_B11_1320950	6	131688340	134375877	1826	0.0164
RAZEE_p_TCGA_277_b2_N_GenomeWideSNP_6_B11_1320950	6	134376239	134376302	2	-1.1938
RAZEE_p_TCGA_277_b2_N_GenomeWideSNP_6_B11_1320950	6	134376858	136679298	1605	0.0162
RAZEE_p_TCGA_277_b2_N_GenomeWideSNP_6_B11_1320950	6	136679675	147629664	6363	-0.0128
RAZEE_p_TCGA_277_b2_N_GenomeWideSNP_6_B11_1320950	6	147629773	148174528	461	0.0605
RAZEE_p_TCGA_277_b2_N_GenomeWideSNP_6_B11_1320950	6	148177942	148185808	4	0.717
RAZEE_p_TCGA_277_b2_N_GenomeWideSNP_6_B11_1320950	6	148186119	149051529	644	0.052
RAZEE_p_TCGA_277_b2_N_GenomeWideSNP_6_B11_1320950	6	149051601	150107599	604	-0.0337
RAZEE_p_TCGA_277_b2_N_GenomeWideSNP_6_B11_1320950	6	150107612	151398868	935	0.0515
RAZEE_p_TCGA_277_b2_N_GenomeWideSNP_6_B11_1320950	6	151400614	151409667	9	-0.8979
RAZEE_p_TCGA_277_b2_N_GenomeWideSNP_6_B11_1320950	6	151412762	154780324	2433	-0.0229
RAZEE_p_TCGA_277_b2_N_GenomeWideSNP_6_B11_1320950	6	154781528	156619317	1261	0.0488
RAZEE_p_TCGA_277_b2_N_GenomeWideSNP_6_B11_1320950	6	156621409	156931529	195	-0.0239
RAZEE_p_TCGA_277_b2_N_GenomeWideSNP_6_B11_1320950	6	156933953	157136481	141	-0.7941
RAZEE_p_TCGA_277_b2_N_GenomeWideSNP_6_B11_1320950	6	157138163	157657684	118	0.1379
RAZEE_p_TCGA_277_b2_N_GenomeWideSNP_6_B11_1320950	6	157657855	161835100	2904	0.0071
RAZEE_p_TCGA_277_b2_N_GenomeWideSNP_6_B11_1320950	6	161835484	162954728	347	-0.0858
RAZEE_p_TCGA_277_b2_N_GenomeWideSNP_6_B11_1320950	6	162957259	163598661	458	0.0048
RAZEE_p_TCGA_277_b2_N_GenomeWideSNP_6_B11_1320950	6	163598839	165501779	1167	0.0842
RAZEE_p_TCGA_277_b2_N_GenomeWideSNP_6_B11_1320950	6	165502433	165506792	4	-1.3184
RAZEE_p_TCGA_277_b2_N_GenomeWideSNP_6_B11_1320950	6	165507119	166071461	419	0.1005
RAZEE_p_TCGA_277_b2_N_GenomeWideSNP_6_B11_1320950	6	166072451	170596889	1621	0.0031
RAZEE_p_TCGA_277_b2_N_GenomeWideSNP_6_B11_1320950	7	664936	9587289	3594	-0.0267
RAZEE_p_TCGA_277_b2_N_GenomeWideSNP_6_B11_1320950	7	9589919	9610176	23	-0.8515
RAZEE_p_TCGA_277_b2_N_GenomeWideSNP_6_B11_1320950	7	9612352	10182376	167	-0.0547
RAZEE_p_TCGA_277_b2_N_GenomeWideSNP_6_B11_1320950	7	10184005	14112430	2722	0.0048
RAZEE_p_TCGA_277_b2_N_GenomeWideSNP_6_B11_1320950	7	14112770	14112934	3	-1.946
RAZEE_p_TCGA_277_b2_N_GenomeWideSNP_6_B11_1320950	7	14113185	21045082	3711	1e-04
RAZEE_p_TCGA_277_b2_N_GenomeWideSNP_6_B11_1320950	7	21047112	22019095	699	-0.0813
RAZEE_p_TCGA_277_b2_N_GenomeWideSNP_6_B11_1320950	7	22019698	27203487	3673	0.0114
RAZEE_p_TCGA_277_b2_N_GenomeWideSNP_6_B11_1320950	7	27205922	34071609	4346	0.0436
RAZEE_p_TCGA_277_b2_N_GenomeWideSNP_6_B11_1320950	7	34071632	36100616	1312	-0.0187
RAZEE_p_TCGA_277_b2_N_GenomeWideSNP_6_B11_1320950	7	36100902	37845649	1328	-0.1003
RAZEE_p_TCGA_277_b2_N_GenomeWideSNP_6_B11_1320950	7	37846533	41719261	2424	-0.012
RAZEE_p_TCGA_277_b2_N_GenomeWideSNP_6_B11_1320950	7	41719611	43624599	993	0.0507
RAZEE_p_TCGA_277_b2_N_GenomeWideSNP_6_B11_1320950	7	43624681	45721631	1087	-0.0108
RAZEE_p_TCGA_277_b2_N_GenomeWideSNP_6_B11_1320950	7	45721752	48517786	2005	0.0869
RAZEE_p_TCGA_277_b2_N_GenomeWideSNP_6_B11_1320950	7	48520835	48787967	158	0.0149
RAZEE_p_TCGA_277_b2_N_GenomeWideSNP_6_B11_1320950	7	48789973	50523434	1182	-0.0876
RAZEE_p_TCGA_277_b2_N_GenomeWideSNP_6_B11_1320950	7	50523885	51240300	595	0.0332
RAZEE_p_TCGA_277_b2_N_GenomeWideSNP_6_B11_1320950	7	51240507	65902717	4112	-0.0787
RAZEE_p_TCGA_277_b2_N_GenomeWideSNP_6_B11_1320950	7	65908527	67893286	772	-1e-04
RAZEE_p_TCGA_277_b2_N_GenomeWideSNP_6_B11_1320950	7	67895575	68596778	450	-0.0793
RAZEE_p_TCGA_277_b2_N_GenomeWideSNP_6_B11_1320950	7	68597847	70766084	1342	-0.1265
RAZEE_p_TCGA_277_b2_N_GenomeWideSNP_6_B11_1320950	7	70766663	77647580	2264	-0.0454
RAZEE_p_TCGA_277_b2_N_GenomeWideSNP_6_B11_1320950	7	77653737	77745875	53	-0.8372
RAZEE_p_TCGA_277_b2_N_GenomeWideSNP_6_B11_1320950	7	77751128	77806347	26	-2.446
RAZEE_p_TCGA_277_b2_N_GenomeWideSNP_6_B11_1320950	7	77815601	77821725	6	-0.753
RAZEE_p_TCGA_277_b2_N_GenomeWideSNP_6_B11_1320950	7	77822829	78012228	100	0.0136
RAZEE_p_TCGA_277_b2_N_GenomeWideSNP_6_B11_1320950	7	78013644	78077530	79	-0.92
RAZEE_p_TCGA_277_b2_N_GenomeWideSNP_6_B11_1320950	7	78078240	78091951	9	-0.1196
RAZEE_p_TCGA_277_b2_N_GenomeWideSNP_6_B11_1320950	7	78092156	78110683	13	0.388
RAZEE_p_TCGA_277_b2_N_GenomeWideSNP_6_B11_1320950	7	78113335	78165154	55	-0.0748
RAZEE_p_TCGA_277_b2_N_GenomeWideSNP_6_B11_1320950	7	78172928	78527655	306	0.3151
RAZEE_p_TCGA_277_b2_N_GenomeWideSNP_6_B11_1320950	7	78528252	78551537	24	0.7526
RAZEE_p_TCGA_277_b2_N_GenomeWideSNP_6_B11_1320950	7	78552051	78633131	49	0.2617
RAZEE_p_TCGA_277_b2_N_GenomeWideSNP_6_B11_1320950	7	78633139	78772261	109	0.4244
RAZEE_p_TCGA_277_b2_N_GenomeWideSNP_6_B11_1320950	7	78772383	81758726	1875	0.5634
RAZEE_p_TCGA_277_b2_N_GenomeWideSNP_6_B11_1320950	7	81758965	93878859	6002	0.4925
RAZEE_p_TCGA_277_b2_N_GenomeWideSNP_6_B11_1320950	7	93879223	95903072	1234	0.5523
RAZEE_p_TCGA_277_b2_N_GenomeWideSNP_6_B11_1320950	7	95903656	95909897	2	-0.8364
RAZEE_p_TCGA_277_b2_N_GenomeWideSNP_6_B11_1320950	7	95910782	96832272	572	0.5425
RAZEE_p_TCGA_277_b2_N_GenomeWideSNP_6_B11_1320950	7	96834282	97829898	574	0.4556
RAZEE_p_TCGA_277_b2_N_GenomeWideSNP_6_B11_1320950	7	97831737	98532374	305	0.365
RAZEE_p_TCGA_277_b2_N_GenomeWideSNP_6_B11_1320950	7	98532944	100142901	650	0.4483
RAZEE_p_TCGA_277_b2_N_GenomeWideSNP_6_B11_1320950	7	100144235	100813251	173	0.2843
RAZEE_p_TCGA_277_b2_N_GenomeWideSNP_6_B11_1320950	7	100814092	102825853	666	0.4269
RAZEE_p_TCGA_277_b2_N_GenomeWideSNP_6_B11_1320950	7	102828394	104995064	1361	0.528
RAZEE_p_TCGA_277_b2_N_GenomeWideSNP_6_B11_1320950	7	104995078	107240520	1355	0.4653
RAZEE_p_TCGA_277_b2_N_GenomeWideSNP_6_B11_1320950	7	107246486	108739308	769	0.5474
RAZEE_p_TCGA_277_b2_N_GenomeWideSNP_6_B11_1320950	7	108739693	116053672	3572	0.4311
RAZEE_p_TCGA_277_b2_N_GenomeWideSNP_6_B11_1320950	7	116059552	117719923	1119	0.5209
RAZEE_p_TCGA_277_b2_N_GenomeWideSNP_6_B11_1320950	7	117724484	120504554	1340	0.4231
RAZEE_p_TCGA_277_b2_N_GenomeWideSNP_6_B11_1320950	7	120504854	122333321	1090	0.53
RAZEE_p_TCGA_277_b2_N_GenomeWideSNP_6_B11_1320950	7	122333549	124946783	1505	0.4594
RAZEE_p_TCGA_277_b2_N_GenomeWideSNP_6_B11_1320950	7	124946920	126545025	814	0.3903
RAZEE_p_TCGA_277_b2_N_GenomeWideSNP_6_B11_1320950	7	126545084	132687774	3309	0.4618
RAZEE_p_TCGA_277_b2_N_GenomeWideSNP_6_B11_1320950	7	132688445	136292696	2250	0.5065
RAZEE_p_TCGA_277_b2_N_GenomeWideSNP_6_B11_1320950	7	136293847	137120391	513	0.4243
RAZEE_p_TCGA_277_b2_N_GenomeWideSNP_6_B11_1320950	7	137121226	137926833	557	0.5228
RAZEE_p_TCGA_277_b2_N_GenomeWideSNP_6_B11_1320950	7	137933406	140824806	1531	0.3969
RAZEE_p_TCGA_277_b2_N_GenomeWideSNP_6_B11_1320950	7	140824897	142231755	826	0.4859
RAZEE_p_TCGA_277_b2_N_GenomeWideSNP_6_B11_1320950	7	142232283	147778588	2590	0.3653
RAZEE_p_TCGA_277_b2_N_GenomeWideSNP_6_B11_1320950	7	147779566	158592540	5636	0.4432
RAZEE_p_TCGA_277_b2_N_GenomeWideSNP_6_B11_1320950	8	667625	6433673	2719	-0.0586
RAZEE_p_TCGA_277_b2_N_GenomeWideSNP_6_B11_1320950	8	6437551	12744741	2544	0.0045
RAZEE_p_TCGA_277_b2_N_GenomeWideSNP_6_B11_1320950	8	12746900	14225562	1083	0.1188
RAZEE_p_TCGA_277_b2_N_GenomeWideSNP_6_B11_1320950	8	14226869	14615064	369	0.019
RAZEE_p_TCGA_277_b2_N_GenomeWideSNP_6_B11_1320950	8	14615138	16749885	1468	-0.0616
RAZEE_p_TCGA_277_b2_N_GenomeWideSNP_6_B11_1320950	8	16752314	17295348	360	0.02
RAZEE_p_TCGA_277_b2_N_GenomeWideSNP_6_B11_1320950	8	17296103	19397764	1815	0.0794
RAZEE_p_TCGA_277_b2_N_GenomeWideSNP_6_B11_1320950	8	19398968	20775104	1151	0.0196
RAZEE_p_TCGA_277_b2_N_GenomeWideSNP_6_B11_1320950	8	20775530	25151574	2811	-0.0102
RAZEE_p_TCGA_277_b2_N_GenomeWideSNP_6_B11_1320950	8	25151641	27239117	1530	-0.0595
RAZEE_p_TCGA_277_b2_N_GenomeWideSNP_6_B11_1320950	8	27241841	27510322	200	-0.1843
RAZEE_p_TCGA_277_b2_N_GenomeWideSNP_6_B11_1320950	8	27511817	27621710	82	-0.0588
RAZEE_p_TCGA_277_b2_N_GenomeWideSNP_6_B11_1320950	8	27625353	30744482	1997	0.0027
RAZEE_p_TCGA_277_b2_N_GenomeWideSNP_6_B11_1320950	8	30749455	30803360	21	0.4608
RAZEE_p_TCGA_277_b2_N_GenomeWideSNP_6_B11_1320950	8	30807762	31395283	368	0.006
RAZEE_p_TCGA_277_b2_N_GenomeWideSNP_6_B11_1320950	8	31395461	36629312	2928	-0.084
RAZEE_p_TCGA_277_b2_N_GenomeWideSNP_6_B11_1320950	8	36629908	38510752	986	0.0118
RAZEE_p_TCGA_277_b2_N_GenomeWideSNP_6_B11_1320950	8	38511188	39637155	461	0.0703
RAZEE_p_TCGA_277_b2_N_GenomeWideSNP_6_B11_1320950	8	39640428	43080575	2182	-0.0154
RAZEE_p_TCGA_277_b2_N_GenomeWideSNP_6_B11_1320950	8	46547532	50353736	1756	0.4569
RAZEE_p_TCGA_277_b2_N_GenomeWideSNP_6_B11_1320950	8	50355152	50556845	122	0.4023
RAZEE_p_TCGA_277_b2_N_GenomeWideSNP_6_B11_1320950	8	50563837	50687501	73	-0.0503
RAZEE_p_TCGA_277_b2_N_GenomeWideSNP_6_B11_1320950	8	50698711	50970847	160	0.362
RAZEE_p_TCGA_277_b2_N_GenomeWideSNP_6_B11_1320950	8	50975309	51170037	107	0.6962
RAZEE_p_TCGA_277_b2_N_GenomeWideSNP_6_B11_1320950	8	51175358	53239884	1242	0.3538
RAZEE_p_TCGA_277_b2_N_GenomeWideSNP_6_B11_1320950	8	53239895	54654542	835	0.4443
RAZEE_p_TCGA_277_b2_N_GenomeWideSNP_6_B11_1320950	8	54654694	57724376	1822	0.3502
RAZEE_p_TCGA_277_b2_N_GenomeWideSNP_6_B11_1320950	8	57725985	59059040	965	0.4189
RAZEE_p_TCGA_277_b2_N_GenomeWideSNP_6_B11_1320950	8	59061209	74684957	9317	0.3484
RAZEE_p_TCGA_277_b2_N_GenomeWideSNP_6_B11_1320950	8	74690424	75478653	397	0.4342
RAZEE_p_TCGA_277_b2_N_GenomeWideSNP_6_B11_1320950	8	75479244	78955939	1866	0.7382
RAZEE_p_TCGA_277_b2_N_GenomeWideSNP_6_B11_1320950	8	78957873	81707487	1601	0.8276
RAZEE_p_TCGA_277_b2_N_GenomeWideSNP_6_B11_1320950	8	81721907	87236677	2738	0.7216
RAZEE_p_TCGA_277_b2_N_GenomeWideSNP_6_B11_1320950	8	87239463	88199166	502	0.8302
RAZEE_p_TCGA_277_b2_N_GenomeWideSNP_6_B11_1320950	8	88199517	91763914	2005	0.7498
RAZEE_p_TCGA_277_b2_N_GenomeWideSNP_6_B11_1320950	8	91770274	92007424	188	0.6251
RAZEE_p_TCGA_277_b2_N_GenomeWideSNP_6_B11_1320950	8	92007733	92008360	5	0.0377
RAZEE_p_TCGA_277_b2_N_GenomeWideSNP_6_B11_1320950	8	92008590	92783942	456	0.664
RAZEE_p_TCGA_277_b2_N_GenomeWideSNP_6_B11_1320950	8	92784533	94544215	1045	0.768
RAZEE_p_TCGA_277_b2_N_GenomeWideSNP_6_B11_1320950	8	94544231	94558317	21	0.3356
RAZEE_p_TCGA_277_b2_N_GenomeWideSNP_6_B11_1320950	8	94564122	94711048	84	0.7445
RAZEE_p_TCGA_277_b2_N_GenomeWideSNP_6_B11_1320950	8	94714512	94714832	2	-0.7796
RAZEE_p_TCGA_277_b2_N_GenomeWideSNP_6_B11_1320950	8	94717275	95066888	185	0.7024
RAZEE_p_TCGA_277_b2_N_GenomeWideSNP_6_B11_1320950	8	95068161	95895178	636	0.7823
RAZEE_p_TCGA_277_b2_N_GenomeWideSNP_6_B11_1320950	8	95895457	97183655	756	0.6907
RAZEE_p_TCGA_277_b2_N_GenomeWideSNP_6_B11_1320950	8	97184052	99243745	1174	0.7802
RAZEE_p_TCGA_277_b2_N_GenomeWideSNP_6_B11_1320950	8	99246920	100930121	895	0.7075
RAZEE_p_TCGA_277_b2_N_GenomeWideSNP_6_B11_1320950	8	100936453	102286526	911	0.3672
RAZEE_p_TCGA_277_b2_N_GenomeWideSNP_6_B11_1320950	8	102301752	102990553	361	0.7111
RAZEE_p_TCGA_277_b2_N_GenomeWideSNP_6_B11_1320950	8	102994723	108721432	3162	0.8411
RAZEE_p_TCGA_277_b2_N_GenomeWideSNP_6_B11_1320950	8	108722938	120007691	6466	0.7233
RAZEE_p_TCGA_277_b2_N_GenomeWideSNP_6_B11_1320950	8	120007927	124026758	2577	0.8552
RAZEE_p_TCGA_277_b2_N_GenomeWideSNP_6_B11_1320950	8	124027458	125751874	1176	0.791
RAZEE_p_TCGA_277_b2_N_GenomeWideSNP_6_B11_1320950	8	125752241	128439451	1984	0.8423
RAZEE_p_TCGA_277_b2_N_GenomeWideSNP_6_B11_1320950	8	128441758	129901884	924	0.897
RAZEE_p_TCGA_277_b2_N_GenomeWideSNP_6_B11_1320950	8	129906289	132304500	1668	0.8305
RAZEE_p_TCGA_277_b2_N_GenomeWideSNP_6_B11_1320950	8	132304715	134156845	1586	0.7234
RAZEE_p_TCGA_277_b2_N_GenomeWideSNP_6_B11_1320950	8	134159056	136615221	1842	0.8372
RAZEE_p_TCGA_277_b2_N_GenomeWideSNP_6_B11_1320950	8	136615720	138058109	942	0.7695
RAZEE_p_TCGA_277_b2_N_GenomeWideSNP_6_B11_1320950	8	138062269	142874831	2202	0.8393
RAZEE_p_TCGA_277_b2_N_GenomeWideSNP_6_B11_1320950	8	142877834	142877856	2	-0.4122
RAZEE_p_TCGA_277_b2_N_GenomeWideSNP_6_B11_1320950	8	142883253	144182542	337	0.7662
RAZEE_p_TCGA_277_b2_N_GenomeWideSNP_6_B11_1320950	9	789794	965006	156	-3.7672
RAZEE_p_TCGA_277_b2_N_GenomeWideSNP_6_B11_1320950	9	1540009	2508727	964	-0.9176
RAZEE_p_TCGA_277_b2_N_GenomeWideSNP_6_B11_1320950	9	2526760	2953905	400	-3.807
RAZEE_p_TCGA_277_b2_N_GenomeWideSNP_6_B11_1320950	9	2954622	3735468	436	-3.2132
RAZEE_p_TCGA_277_b2_N_GenomeWideSNP_6_B11_1320950	9	3741244	4202667	525	-3.9227
RAZEE_p_TCGA_277_b2_N_GenomeWideSNP_6_B11_1320950	9	4203214	4432122	165	-0.817
RAZEE_p_TCGA_277_b2_N_GenomeWideSNP_6_B11_1320950	9	4435417	4775634	245	-3.7933
RAZEE_p_TCGA_277_b2_N_GenomeWideSNP_6_B11_1320950	9	4775684	4959162	123	-0.8312
RAZEE_p_TCGA_277_b2_N_GenomeWideSNP_6_B11_1320950	9	4959557	4970909	11	-1.4503
RAZEE_p_TCGA_277_b2_N_GenomeWideSNP_6_B11_1320950	9	4971458	5087087	164	-0.719
RAZEE_p_TCGA_277_b2_N_GenomeWideSNP_6_B11_1320950	9	5097281	6222839	470	-3.1522
RAZEE_p_TCGA_277_b2_N_GenomeWideSNP_6_B11_1320950	9	6223903	9603122	1797	-3.67
RAZEE_p_TCGA_277_b2_N_GenomeWideSNP_6_B11_1320950	9	9603289	10960675	712	-3.0753
RAZEE_p_TCGA_277_b2_N_GenomeWideSNP_6_B11_1320950	9	11001584	11168641	102	-4.2529
RAZEE_p_TCGA_277_b2_N_GenomeWideSNP_6_B11_1320950	9	11179675	11275227	61	-0.8165
RAZEE_p_TCGA_277_b2_N_GenomeWideSNP_6_B11_1320950	9	12527414	13029817	292	-3.5168
RAZEE_p_TCGA_277_b2_N_GenomeWideSNP_6_B11_1320950	9	13030037	13241935	139	-0.9139
RAZEE_p_TCGA_277_b2_N_GenomeWideSNP_6_B11_1320950	9	13247770	13413049	86	-2.724
RAZEE_p_TCGA_277_b2_N_GenomeWideSNP_6_B11_1320950	9	13415198	13486365	60	-0.7881
RAZEE_p_TCGA_277_b2_N_GenomeWideSNP_6_B11_1320950	9	13486760	13518434	34	-3.8416
RAZEE_p_TCGA_277_b2_N_GenomeWideSNP_6_B11_1320950	9	13530106	13578388	45	-0.6856
RAZEE_p_TCGA_277_b2_N_GenomeWideSNP_6_B11_1320950	9	13583941	13726332	132	-3.8469
RAZEE_p_TCGA_277_b2_N_GenomeWideSNP_6_B11_1320950	9	13726671	13978040	237	-0.8545
RAZEE_p_TCGA_277_b2_N_GenomeWideSNP_6_B11_1320950	9	13979707	14018145	23	-3.9718
RAZEE_p_TCGA_277_b2_N_GenomeWideSNP_6_B11_1320950	9	14018475	14111874	80	-0.9565
RAZEE_p_TCGA_277_b2_N_GenomeWideSNP_6_B11_1320950	9	14114276	14236575	94	-3.6346
RAZEE_p_TCGA_277_b2_N_GenomeWideSNP_6_B11_1320950	9	14236726	14673833	430	-0.8691
RAZEE_p_TCGA_277_b2_N_GenomeWideSNP_6_B11_1320950	9	14678732	14691079	4	-2.1426
RAZEE_p_TCGA_277_b2_N_GenomeWideSNP_6_B11_1320950	9	14694213	14880106	180	-3.925
RAZEE_p_TCGA_277_b2_N_GenomeWideSNP_6_B11_1320950	9	14880225	14880669	2	-2.3156
RAZEE_p_TCGA_277_b2_N_GenomeWideSNP_6_B11_1320950	9	14881104	14972085	49	-0.7204
RAZEE_p_TCGA_277_b2_N_GenomeWideSNP_6_B11_1320950	9	15006536	15009697	2	-1.8877
RAZEE_p_TCGA_277_b2_N_GenomeWideSNP_6_B11_1320950	9	15011827	15032735	18	-3.9742
RAZEE_p_TCGA_277_b2_N_GenomeWideSNP_6_B11_1320950	9	15033954	15149078	61	-0.8154
RAZEE_p_TCGA_277_b2_N_GenomeWideSNP_6_B11_1320950	9	15150374	15161250	10	-3.7361
RAZEE_p_TCGA_277_b2_N_GenomeWideSNP_6_B11_1320950	9	15163418	15319615	169	-0.9109
RAZEE_p_TCGA_277_b2_N_GenomeWideSNP_6_B11_1320950	9	15321544	15337383	10	-1.8503
RAZEE_p_TCGA_277_b2_N_GenomeWideSNP_6_B11_1320950	9	15337859	15394349	72	-4.0347
RAZEE_p_TCGA_277_b2_N_GenomeWideSNP_6_B11_1320950	9	15403392	15794584	199	-1.0415
RAZEE_p_TCGA_277_b2_N_GenomeWideSNP_6_B11_1320950	9	15794899	16013074	142	-3.5502
RAZEE_p_TCGA_277_b2_N_GenomeWideSNP_6_B11_1320950	9	16013380	16072015	73	-0.7537
RAZEE_p_TCGA_277_b2_N_GenomeWideSNP_6_B11_1320950	9	16072182	16124776	65	-2.8769
RAZEE_p_TCGA_277_b2_N_GenomeWideSNP_6_B11_1320950	9	16129632	16155787	26	-0.8835
RAZEE_p_TCGA_277_b2_N_GenomeWideSNP_6_B11_1320950	9	16156481	16393563	269	-4.0326
RAZEE_p_TCGA_277_b2_N_GenomeWideSNP_6_B11_1320950	9	16393997	16585681	165	-0.8541
RAZEE_p_TCGA_277_b2_N_GenomeWideSNP_6_B11_1320950	9	16587492	16751158	140	-3.5087
RAZEE_p_TCGA_277_b2_N_GenomeWideSNP_6_B11_1320950	9	16751349	16753457	3	-2.185
RAZEE_p_TCGA_277_b2_N_GenomeWideSNP_6_B11_1320950	9	16756379	16789880	32	-0.7198
RAZEE_p_TCGA_277_b2_N_GenomeWideSNP_6_B11_1320950	9	16794736	16810616	25	-4.2505
RAZEE_p_TCGA_277_b2_N_GenomeWideSNP_6_B11_1320950	9	16814390	16918198	82	-0.6745
RAZEE_p_TCGA_277_b2_N_GenomeWideSNP_6_B11_1320950	9	16919171	16927561	6	-2.0709
RAZEE_p_TCGA_277_b2_N_GenomeWideSNP_6_B11_1320950	9	16928070	17064433	134	-3.7423
RAZEE_p_TCGA_277_b2_N_GenomeWideSNP_6_B11_1320950	9	17064876	17770967	384	-0.8346
RAZEE_p_TCGA_277_b2_N_GenomeWideSNP_6_B11_1320950	9	17771274	17796670	24	-4.2822
RAZEE_p_TCGA_277_b2_N_GenomeWideSNP_6_B11_1320950	9	17797858	18182089	380	-0.8892
RAZEE_p_TCGA_277_b2_N_GenomeWideSNP_6_B11_1320950	9	18182758	18248174	61	-3.2644
RAZEE_p_TCGA_277_b2_N_GenomeWideSNP_6_B11_1320950	9	18250239	18431013	144	-0.8842
RAZEE_p_TCGA_277_b2_N_GenomeWideSNP_6_B11_1320950	9	18434316	18596696	130	-3.9068
RAZEE_p_TCGA_277_b2_N_GenomeWideSNP_6_B11_1320950	9	18599717	18635954	42	-0.7732
RAZEE_p_TCGA_277_b2_N_GenomeWideSNP_6_B11_1320950	9	18636052	18709769	61	-4.1144
RAZEE_p_TCGA_277_b2_N_GenomeWideSNP_6_B11_1320950	9	18709913	19116545	427	-0.7432
RAZEE_p_TCGA_277_b2_N_GenomeWideSNP_6_B11_1320950	9	19122709	19131936	17	-3e-04
RAZEE_p_TCGA_277_b2_N_GenomeWideSNP_6_B11_1320950	9	19145284	19167288	46	-0.7732
RAZEE_p_TCGA_277_b2_N_GenomeWideSNP_6_B11_1320950	9	19167851	19194589	14	-3.415
RAZEE_p_TCGA_277_b2_N_GenomeWideSNP_6_B11_1320950	9	19196239	19410357	110	-0.7368
RAZEE_p_TCGA_277_b2_N_GenomeWideSNP_6_B11_1320950	9	19410757	19448652	38	-3.7574
RAZEE_p_TCGA_277_b2_N_GenomeWideSNP_6_B11_1320950	9	19449172	19751590	246	-0.8288
RAZEE_p_TCGA_277_b2_N_GenomeWideSNP_6_B11_1320950	9	19753999	20492383	544	-0.0442
RAZEE_p_TCGA_277_b2_N_GenomeWideSNP_6_B11_1320950	9	20494513	20520821	24	-0.8401
RAZEE_p_TCGA_277_b2_N_GenomeWideSNP_6_B11_1320950	9	20520852	20538413	9	0.0138
RAZEE_p_TCGA_277_b2_N_GenomeWideSNP_6_B11_1320950	9	20538517	20799777	212	-0.7864
RAZEE_p_TCGA_277_b2_N_GenomeWideSNP_6_B11_1320950	9	20801655	20834838	23	-2.477
RAZEE_p_TCGA_277_b2_N_GenomeWideSNP_6_B11_1320950	9	20837855	21048318	155	-0.8369
RAZEE_p_TCGA_277_b2_N_GenomeWideSNP_6_B11_1320950	9	21048542	21061292	14	-0.1389
RAZEE_p_TCGA_277_b2_N_GenomeWideSNP_6_B11_1320950	9	21064766	21078876	21	-1.1109
RAZEE_p_TCGA_277_b2_N_GenomeWideSNP_6_B11_1320950	9	21086312	21093260	7	0.1706
RAZEE_p_TCGA_277_b2_N_GenomeWideSNP_6_B11_1320950	9	21096858	21977195	560	-0.8433
RAZEE_p_TCGA_277_b2_N_GenomeWideSNP_6_B11_1320950	9	21978444	21993965	10	-3.9226
RAZEE_p_TCGA_277_b2_N_GenomeWideSNP_6_B11_1320950	9	21996997	22053653	62	-0.6612
RAZEE_p_TCGA_277_b2_N_GenomeWideSNP_6_B11_1320950	9	22053688	22082582	25	-0.0969
RAZEE_p_TCGA_277_b2_N_GenomeWideSNP_6_B11_1320950	9	22086841	22463117	222	-0.7499
RAZEE_p_TCGA_277_b2_N_GenomeWideSNP_6_B11_1320950	9	22463202	22548452	37	-3.8236
RAZEE_p_TCGA_277_b2_N_GenomeWideSNP_6_B11_1320950	9	22548708	22565486	6	-1.94
RAZEE_p_TCGA_277_b2_N_GenomeWideSNP_6_B11_1320950	9	22577578	22599345	16	-0.6591
RAZEE_p_TCGA_277_b2_N_GenomeWideSNP_6_B11_1320950	9	22599368	22608276	7	0.0637
RAZEE_p_TCGA_277_b2_N_GenomeWideSNP_6_B11_1320950	9	22610367	22632927	23	-0.6709
RAZEE_p_TCGA_277_b2_N_GenomeWideSNP_6_B11_1320950	9	22633024	22644275	14	-0.0904
RAZEE_p_TCGA_277_b2_N_GenomeWideSNP_6_B11_1320950	9	22646074	25480754	1763	-0.8627
RAZEE_p_TCGA_277_b2_N_GenomeWideSNP_6_B11_1320950	9	25480911	25606657	81	-3.8698
RAZEE_p_TCGA_277_b2_N_GenomeWideSNP_6_B11_1320950	9	25606805	25619822	7	-1.8978
RAZEE_p_TCGA_277_b2_N_GenomeWideSNP_6_B11_1320950	9	25620184	25964854	204	-0.8065
RAZEE_p_TCGA_277_b2_N_GenomeWideSNP_6_B11_1320950	9	25969362	26062844	58	-2.8315
RAZEE_p_TCGA_277_b2_N_GenomeWideSNP_6_B11_1320950	9	26068232	26479205	149	-0.8938
RAZEE_p_TCGA_277_b2_N_GenomeWideSNP_6_B11_1320950	9	26479390	26521967	21	-2.9298
RAZEE_p_TCGA_277_b2_N_GenomeWideSNP_6_B11_1320950	9	26522013	26978990	290	-0.7026
RAZEE_p_TCGA_277_b2_N_GenomeWideSNP_6_B11_1320950	9	26980321	27018022	18	0.0671
RAZEE_p_TCGA_277_b2_N_GenomeWideSNP_6_B11_1320950	9	27032232	27200360	146	-0.7578
RAZEE_p_TCGA_277_b2_N_GenomeWideSNP_6_B11_1320950	9	27203080	27212362	10	0.1608
RAZEE_p_TCGA_277_b2_N_GenomeWideSNP_6_B11_1320950	9	27212968	27214721	4	-0.6976
RAZEE_p_TCGA_277_b2_N_GenomeWideSNP_6_B11_1320950	9	27215041	27230511	22	0.1059
RAZEE_p_TCGA_277_b2_N_GenomeWideSNP_6_B11_1320950	9	27257584	27730554	404	-0.8388
RAZEE_p_TCGA_277_b2_N_GenomeWideSNP_6_B11_1320950	9	27730735	28586158	482	-0.0061
RAZEE_p_TCGA_277_b2_N_GenomeWideSNP_6_B11_1320950	9	28981483	29061612	48	-0.9194
RAZEE_p_TCGA_277_b2_N_GenomeWideSNP_6_B11_1320950	9	29066164	29163692	66	0.0637
RAZEE_p_TCGA_277_b2_N_GenomeWideSNP_6_B11_1320950	9	29168457	29219691	28	-0.5952
RAZEE_p_TCGA_277_b2_N_GenomeWideSNP_6_B11_1320950	9	29221735	29231783	22	-3.344
RAZEE_p_TCGA_277_b2_N_GenomeWideSNP_6_B11_1320950	9	29232044	29738495	296	-0.7995
RAZEE_p_TCGA_277_b2_N_GenomeWideSNP_6_B11_1320950	9	29738988	30710016	314	-0.0336
RAZEE_p_TCGA_277_b2_N_GenomeWideSNP_6_B11_1320950	9	30711914	30722890	10	-0.8199
RAZEE_p_TCGA_277_b2_N_GenomeWideSNP_6_B11_1320950	9	30725871	30776894	39	-0.0861
RAZEE_p_TCGA_277_b2_N_GenomeWideSNP_6_B11_1320950	9	30777510	31196677	308	-0.7894
RAZEE_p_TCGA_277_b2_N_GenomeWideSNP_6_B11_1320950	9	31197603	32642972	954	-0.0042
RAZEE_p_TCGA_277_b2_N_GenomeWideSNP_6_B11_1320950	9	32646233	69339698	4519	-0.8029
RAZEE_p_TCGA_277_b2_N_GenomeWideSNP_6_B11_1320950	9	69340963	71535778	1558	-0.7192
RAZEE_p_TCGA_277_b2_N_GenomeWideSNP_6_B11_1320950	9	71536890	85544599	9670	-0.8125
RAZEE_p_TCGA_277_b2_N_GenomeWideSNP_6_B11_1320950	9	85545323	85550131	3	-3.3894
RAZEE_p_TCGA_277_b2_N_GenomeWideSNP_6_B11_1320950	9	85550656	87448279	1199	-0.7711
RAZEE_p_TCGA_277_b2_N_GenomeWideSNP_6_B11_1320950	9	87449064	87449528	2	-3.1937
RAZEE_p_TCGA_277_b2_N_GenomeWideSNP_6_B11_1320950	9	87449550	95047298	4793	-0.7732
RAZEE_p_TCGA_277_b2_N_GenomeWideSNP_6_B11_1320950	9	95047392	95586249	445	-0.6597
RAZEE_p_TCGA_277_b2_N_GenomeWideSNP_6_B11_1320950	9	95587596	103123944	4439	-0.7866
RAZEE_p_TCGA_277_b2_N_GenomeWideSNP_6_B11_1320950	9	103126146	103126501	2	-4.5788
RAZEE_p_TCGA_277_b2_N_GenomeWideSNP_6_B11_1320950	9	103126605	104589479	872	-0.8597
RAZEE_p_TCGA_277_b2_N_GenomeWideSNP_6_B11_1320950	9	104596702	107480750	1982	-0.7165
RAZEE_p_TCGA_277_b2_N_GenomeWideSNP_6_B11_1320950	9	107480967	109303034	1531	-0.7891
RAZEE_p_TCGA_277_b2_N_GenomeWideSNP_6_B11_1320950	9	109303194	109304388	2	-4.3158
RAZEE_p_TCGA_277_b2_N_GenomeWideSNP_6_B11_1320950	9	109305059	116677942	4981	-0.7713
RAZEE_p_TCGA_277_b2_N_GenomeWideSNP_6_B11_1320950	9	116683132	119654626	2356	-0.8921
RAZEE_p_TCGA_277_b2_N_GenomeWideSNP_6_B11_1320950	9	119654810	133963246	8562	-0.7827
RAZEE_p_TCGA_277_b2_N_GenomeWideSNP_6_B11_1320950	9	133963949	133967406	3	-3.4763
RAZEE_p_TCGA_277_b2_N_GenomeWideSNP_6_B11_1320950	9	133967455	138044505	1448	-0.8423
RAZEE_p_TCGA_277_b2_N_GenomeWideSNP_6_B11_1320950	10	366509	1867326	697	0.0317
RAZEE_p_TCGA_277_b2_N_GenomeWideSNP_6_B11_1320950	10	1867391	2490672	489	-0.0781
RAZEE_p_TCGA_277_b2_N_GenomeWideSNP_6_B11_1320950	10	2498431	3732862	669	0.0287
RAZEE_p_TCGA_277_b2_N_GenomeWideSNP_6_B11_1320950	10	3732972	3919862	201	-0.0736
RAZEE_p_TCGA_277_b2_N_GenomeWideSNP_6_B11_1320950	10	3920040	6063754	1662	0.0454
RAZEE_p_TCGA_277_b2_N_GenomeWideSNP_6_B11_1320950	10	6065006	10869039	3668	-0.0759
RAZEE_p_TCGA_277_b2_N_GenomeWideSNP_6_B11_1320950	10	10869767	14402838	2892	-0.0044
RAZEE_p_TCGA_277_b2_N_GenomeWideSNP_6_B11_1320950	10	14403431	16193748	1297	-0.0856
RAZEE_p_TCGA_277_b2_N_GenomeWideSNP_6_B11_1320950	10	16196458	18222474	1416	0.0452
RAZEE_p_TCGA_277_b2_N_GenomeWideSNP_6_B11_1320950	10	18228063	20884764	2050	-0.102
RAZEE_p_TCGA_277_b2_N_GenomeWideSNP_6_B11_1320950	10	20885639	25638262	2917	-0.0017
RAZEE_p_TCGA_277_b2_N_GenomeWideSNP_6_B11_1320950	10	25642701	28389121	1723	-0.0692
RAZEE_p_TCGA_277_b2_N_GenomeWideSNP_6_B11_1320950	10	28391109	28745931	223	0.0022
RAZEE_p_TCGA_277_b2_N_GenomeWideSNP_6_B11_1320950	10	28745944	29562284	679	0.0838
RAZEE_p_TCGA_277_b2_N_GenomeWideSNP_6_B11_1320950	10	29564242	32410619	2033	-0.0418
RAZEE_p_TCGA_277_b2_N_GenomeWideSNP_6_B11_1320950	10	32410948	35749347	1978	0.0396
RAZEE_p_TCGA_277_b2_N_GenomeWideSNP_6_B11_1320950	10	35750606	36880611	815	-0.0046
RAZEE_p_TCGA_277_b2_N_GenomeWideSNP_6_B11_1320950	10	36881048	38366550	828	-0.0924
RAZEE_p_TCGA_277_b2_N_GenomeWideSNP_6_B11_1320950	10	38367959	52039505	4500	-0.0171
RAZEE_p_TCGA_277_b2_N_GenomeWideSNP_6_B11_1320950	10	52039571	52496863	360	0.5289
RAZEE_p_TCGA_277_b2_N_GenomeWideSNP_6_B11_1320950	10	52500709	52777329	198	0.0273
RAZEE_p_TCGA_277_b2_N_GenomeWideSNP_6_B11_1320950	10	52777687	57133333	2226	-0.0758
RAZEE_p_TCGA_277_b2_N_GenomeWideSNP_6_B11_1320950	10	57133426	64638921	4978	0.0167
RAZEE_p_TCGA_277_b2_N_GenomeWideSNP_6_B11_1320950	10	64639652	66860499	1207	-0.0526
RAZEE_p_TCGA_277_b2_N_GenomeWideSNP_6_B11_1320950	10	66861588	66948805	65	-0.3222
RAZEE_p_TCGA_277_b2_N_GenomeWideSNP_6_B11_1320950	10	66949733	74923142	4361	-0.0136
RAZEE_p_TCGA_277_b2_N_GenomeWideSNP_6_B11_1320950	10	74924027	76055223	690	0.0844
RAZEE_p_TCGA_277_b2_N_GenomeWideSNP_6_B11_1320950	10	76055464	76247658	161	-0.7744
RAZEE_p_TCGA_277_b2_N_GenomeWideSNP_6_B11_1320950	10	76248685	81300187	3274	0.0512
RAZEE_p_TCGA_277_b2_N_GenomeWideSNP_6_B11_1320950	10	81300600	83691443	1735	-0.098
RAZEE_p_TCGA_277_b2_N_GenomeWideSNP_6_B11_1320950	10	83691572	84993205	940	-0.0222
RAZEE_p_TCGA_277_b2_N_GenomeWideSNP_6_B11_1320950	10	84993514	85801351	586	-0.0775
RAZEE_p_TCGA_277_b2_N_GenomeWideSNP_6_B11_1320950	10	85805200	87766154	976	0.0336
RAZEE_p_TCGA_277_b2_N_GenomeWideSNP_6_B11_1320950	10	87767906	88451407	573	-0.0625
RAZEE_p_TCGA_277_b2_N_GenomeWideSNP_6_B11_1320950	10	88452905	98092526	5803	0.0322
RAZEE_p_TCGA_277_b2_N_GenomeWideSNP_6_B11_1320950	10	98097831	98856581	553	0.1184
RAZEE_p_TCGA_277_b2_N_GenomeWideSNP_6_B11_1320950	10	98860752	104843328	3124	0.0106
RAZEE_p_TCGA_277_b2_N_GenomeWideSNP_6_B11_1320950	10	104844066	106701419	1264	-0.0701
RAZEE_p_TCGA_277_b2_N_GenomeWideSNP_6_B11_1320950	10	106703743	107098579	303	-0.7896
RAZEE_p_TCGA_277_b2_N_GenomeWideSNP_6_B11_1320950	10	107099121	109392347	1542	-0.0407
RAZEE_p_TCGA_277_b2_N_GenomeWideSNP_6_B11_1320950	10	109392896	109996118	286	0.0917
RAZEE_p_TCGA_277_b2_N_GenomeWideSNP_6_B11_1320950	10	109996216	125013149	10590	0.0094
RAZEE_p_TCGA_277_b2_N_GenomeWideSNP_6_B11_1320950	10	125013480	127909919	2204	0.0593
RAZEE_p_TCGA_277_b2_N_GenomeWideSNP_6_B11_1320950	10	127910706	133411599	2599	-0.0414
RAZEE_p_TCGA_277_b2_N_GenomeWideSNP_6_B11_1320950	11	456012	1281260	228	0.0238
RAZEE_p_TCGA_277_b2_N_GenomeWideSNP_6_B11_1320950	11	1283110	5982843	2431	-0.0389
RAZEE_p_TCGA_277_b2_N_GenomeWideSNP_6_B11_1320950	11	5985658	11105378	3341	0.0118
RAZEE_p_TCGA_277_b2_N_GenomeWideSNP_6_B11_1320950	11	11105598	12950865	1624	0.0692
RAZEE_p_TCGA_277_b2_N_GenomeWideSNP_6_B11_1320950	11	12957592	13457292	453	0.0155
RAZEE_p_TCGA_277_b2_N_GenomeWideSNP_6_B11_1320950	11	13457891	14876700	819	-0.05
RAZEE_p_TCGA_277_b2_N_GenomeWideSNP_6_B11_1320950	11	14877066	19183568	2775	0.0136
RAZEE_p_TCGA_277_b2_N_GenomeWideSNP_6_B11_1320950	11	19183878	20498211	1182	0.0883
RAZEE_p_TCGA_277_b2_N_GenomeWideSNP_6_B11_1320950	11	20498915	22537387	1487	0.0085
RAZEE_p_TCGA_277_b2_N_GenomeWideSNP_6_B11_1320950	11	22538016	29437884	4338	-0.0453
RAZEE_p_TCGA_277_b2_N_GenomeWideSNP_6_B11_1320950	11	29440405	29900612	296	0.0074
RAZEE_p_TCGA_277_b2_N_GenomeWideSNP_6_B11_1320950	11	29904487	30952708	677	0.0984
RAZEE_p_TCGA_277_b2_N_GenomeWideSNP_6_B11_1320950	11	30953086	34042293	1861	0.0225
RAZEE_p_TCGA_277_b2_N_GenomeWideSNP_6_B11_1320950	11	34045574	34207297	88	-0.7934
RAZEE_p_TCGA_277_b2_N_GenomeWideSNP_6_B11_1320950	11	34207697	35455308	1081	0.0128
RAZEE_p_TCGA_277_b2_N_GenomeWideSNP_6_B11_1320950	11	35455642	36134028	518	0.1027
RAZEE_p_TCGA_277_b2_N_GenomeWideSNP_6_B11_1320950	11	36134167	37662999	589	0.0407
RAZEE_p_TCGA_277_b2_N_GenomeWideSNP_6_B11_1320950	11	37665033	42669115	3175	-0.094
RAZEE_p_TCGA_277_b2_N_GenomeWideSNP_6_B11_1320950	11	42669471	44278291	1090	0.0117
RAZEE_p_TCGA_277_b2_N_GenomeWideSNP_6_B11_1320950	11	44285357	74919725	11318	-0.0372
RAZEE_p_TCGA_277_b2_N_GenomeWideSNP_6_B11_1320950	11	74920657	79741300	2932	0.0169
RAZEE_p_TCGA_277_b2_N_GenomeWideSNP_6_B11_1320950	11	79741717	82064908	1605	-0.0854
RAZEE_p_TCGA_277_b2_N_GenomeWideSNP_6_B11_1320950	11	82066026	84538126	1381	-0.0239
RAZEE_p_TCGA_277_b2_N_GenomeWideSNP_6_B11_1320950	11	84538374	85135420	326	-0.0747
RAZEE_p_TCGA_277_b2_N_GenomeWideSNP_6_B11_1320950	11	85135903	88770202	2351	0.0386
RAZEE_p_TCGA_277_b2_N_GenomeWideSNP_6_B11_1320950	11	88770254	89554753	437	0.1406
RAZEE_p_TCGA_277_b2_N_GenomeWideSNP_6_B11_1320950	11	89558536	90628346	394	0.0365
RAZEE_p_TCGA_277_b2_N_GenomeWideSNP_6_B11_1320950	11	90628931	92935660	1492	-0.0553
RAZEE_p_TCGA_277_b2_N_GenomeWideSNP_6_B11_1320950	11	92935802	97182903	2676	0.035
RAZEE_p_TCGA_277_b2_N_GenomeWideSNP_6_B11_1320950	11	97183026	100210857	1980	-0.0886
RAZEE_p_TCGA_277_b2_N_GenomeWideSNP_6_B11_1320950	11	100217339	109960094	5838	0.0126
RAZEE_p_TCGA_277_b2_N_GenomeWideSNP_6_B11_1320950	11	109969270	110122587	110	-0.1857
RAZEE_p_TCGA_277_b2_N_GenomeWideSNP_6_B11_1320950	11	110125219	110165321	38	-0.8475
RAZEE_p_TCGA_277_b2_N_GenomeWideSNP_6_B11_1320950	11	110167835	113928838	2524	0.0759
RAZEE_p_TCGA_277_b2_N_GenomeWideSNP_6_B11_1320950	11	113930946	115486653	1138	-0.0151
RAZEE_p_TCGA_277_b2_N_GenomeWideSNP_6_B11_1320950	11	115492977	116256087	559	0.0704
RAZEE_p_TCGA_277_b2_N_GenomeWideSNP_6_B11_1320950	11	116256191	116256694	2	-1.1315
RAZEE_p_TCGA_277_b2_N_GenomeWideSNP_6_B11_1320950	11	116257420	117799835	1106	0.0386
RAZEE_p_TCGA_277_b2_N_GenomeWideSNP_6_B11_1320950	11	117800376	119227097	951	-0.036
RAZEE_p_TCGA_277_b2_N_GenomeWideSNP_6_B11_1320950	11	119229196	124658108	3922	0.0284
RAZEE_p_TCGA_277_b2_N_GenomeWideSNP_6_B11_1320950	11	124662220	128265119	2545	0.0758
RAZEE_p_TCGA_277_b2_N_GenomeWideSNP_6_B11_1320950	11	128266494	128910587	668	0.0058
RAZEE_p_TCGA_277_b2_N_GenomeWideSNP_6_B11_1320950	11	128910802	129749392	528	0.1032
RAZEE_p_TCGA_277_b2_N_GenomeWideSNP_6_B11_1320950	11	129749453	132904946	2256	0.0134
RAZEE_p_TCGA_277_b2_N_GenomeWideSNP_6_B11_1320950	11	132905583	132907702	2	-1.4229
RAZEE_p_TCGA_277_b2_N_GenomeWideSNP_6_B11_1320950	11	132909768	133430565	76	-0.032
RAZEE_p_TCGA_277_b2_N_GenomeWideSNP_6_B11_1320950	11	133431950	133436170	5	-0.7523
RAZEE_p_TCGA_277_b2_N_GenomeWideSNP_6_B11_1320950	11	133438837	134272740	436	0.0535
RAZEE_p_TCGA_277_b2_N_GenomeWideSNP_6_B11_1320950	12	780472	3680342	1439	0.0088
RAZEE_p_TCGA_277_b2_N_GenomeWideSNP_6_B11_1320950	12	3680783	4443065	563	-0.11
RAZEE_p_TCGA_277_b2_N_GenomeWideSNP_6_B11_1320950	12	4445247	6414177	1585	0.0239
RAZEE_p_TCGA_277_b2_N_GenomeWideSNP_6_B11_1320950	12	6417253	7032032	264	-0.0816
RAZEE_p_TCGA_277_b2_N_GenomeWideSNP_6_B11_1320950	12	7045219	7479287	195	0.0339
RAZEE_p_TCGA_277_b2_N_GenomeWideSNP_6_B11_1320950	12	7479382	8870830	487	-0.0842
RAZEE_p_TCGA_277_b2_N_GenomeWideSNP_6_B11_1320950	12	8871096	12873672	2226	3e-04
RAZEE_p_TCGA_277_b2_N_GenomeWideSNP_6_B11_1320950	12	12874364	13543308	417	0.0781
RAZEE_p_TCGA_277_b2_N_GenomeWideSNP_6_B11_1320950	12	13543551	15016618	948	-0.034
RAZEE_p_TCGA_277_b2_N_GenomeWideSNP_6_B11_1320950	12	15021505	16499488	894	0.0576
RAZEE_p_TCGA_277_b2_N_GenomeWideSNP_6_B11_1320950	12	16501238	21564087	3019	-0.0152
RAZEE_p_TCGA_277_b2_N_GenomeWideSNP_6_B11_1320950	12	21565500	29100153	4922	0.0558
RAZEE_p_TCGA_277_b2_N_GenomeWideSNP_6_B11_1320950	12	29100812	44712517	5997	0.0024
RAZEE_p_TCGA_277_b2_N_GenomeWideSNP_6_B11_1320950	12	44714401	57951764	6972	-0.0392
RAZEE_p_TCGA_277_b2_N_GenomeWideSNP_6_B11_1320950	12	57954980	58773571	616	0.0602
RAZEE_p_TCGA_277_b2_N_GenomeWideSNP_6_B11_1320950	12	58773794	61907671	1885	-0.0539
RAZEE_p_TCGA_277_b2_N_GenomeWideSNP_6_B11_1320950	12	61907690	67400563	3352	0.0318
RAZEE_p_TCGA_277_b2_N_GenomeWideSNP_6_B11_1320950	12	67400688	74713678	4445	-0.0395
RAZEE_p_TCGA_277_b2_N_GenomeWideSNP_6_B11_1320950	12	74713730	78106551	2324	0.0467
RAZEE_p_TCGA_277_b2_N_GenomeWideSNP_6_B11_1320950	12	78111067	78139797	33	0.5191
RAZEE_p_TCGA_277_b2_N_GenomeWideSNP_6_B11_1320950	12	78140297	78191833	32	0.0556
RAZEE_p_TCGA_277_b2_N_GenomeWideSNP_6_B11_1320950	12	78191858	84560970	3801	-0.0335
RAZEE_p_TCGA_277_b2_N_GenomeWideSNP_6_B11_1320950	12	84563824	85807972	716	0.0766
RAZEE_p_TCGA_277_b2_N_GenomeWideSNP_6_B11_1320950	12	85808625	94094522	4818	-0.0134
RAZEE_p_TCGA_277_b2_N_GenomeWideSNP_6_B11_1320950	12	94094788	97812406	2723	-0.0511
RAZEE_p_TCGA_277_b2_N_GenomeWideSNP_6_B11_1320950	12	97813372	100364705	1428	0.0053
RAZEE_p_TCGA_277_b2_N_GenomeWideSNP_6_B11_1320950	12	100366316	104122436	2428	0.0411
RAZEE_p_TCGA_277_b2_N_GenomeWideSNP_6_B11_1320950	12	104128279	120196486	10007	-0.0088
RAZEE_p_TCGA_277_b2_N_GenomeWideSNP_6_B11_1320950	12	120198746	121641283	737	-0.0742
RAZEE_p_TCGA_277_b2_N_GenomeWideSNP_6_B11_1320950	12	121643810	123739297	780	-0.0296
RAZEE_p_TCGA_277_b2_N_GenomeWideSNP_6_B11_1320950	12	123739621	125674882	1256	0.0243
RAZEE_p_TCGA_277_b2_N_GenomeWideSNP_6_B11_1320950	12	125675020	128498347	1551	-0.041
RAZEE_p_TCGA_277_b2_N_GenomeWideSNP_6_B11_1320950	12	128499284	130668803	671	-0.1193
RAZEE_p_TCGA_277_b2_N_GenomeWideSNP_6_B11_1320950	12	130668882	132605822	838	-0.022
RAZEE_p_TCGA_277_b2_N_GenomeWideSNP_6_B11_1320950	13	18874255	20536973	519	1.651
RAZEE_p_TCGA_277_b2_N_GenomeWideSNP_6_B11_1320950	13	20538331	20902177	192	1.2848
RAZEE_p_TCGA_277_b2_N_GenomeWideSNP_6_B11_1320950	13	20905785	20920640	4	0.2227
RAZEE_p_TCGA_277_b2_N_GenomeWideSNP_6_B11_1320950	13	20920703	21207943	155	1.2195
RAZEE_p_TCGA_277_b2_N_GenomeWideSNP_6_B11_1320950	13	21209686	21338716	104	1.5959
RAZEE_p_TCGA_277_b2_N_GenomeWideSNP_6_B11_1320950	13	21338876	21874389	336	1.2766
RAZEE_p_TCGA_277_b2_N_GenomeWideSNP_6_B11_1320950	13	21878948	114226675	55687	0.5717
RAZEE_p_TCGA_277_b2_N_GenomeWideSNP_6_B11_1320950	14	20033191	24780895	1920	0.0034
RAZEE_p_TCGA_277_b2_N_GenomeWideSNP_6_B11_1320950	14	24782411	25435145	466	0.0816
RAZEE_p_TCGA_277_b2_N_GenomeWideSNP_6_B11_1320950	14	25440180	25849065	308	0.0046
RAZEE_p_TCGA_277_b2_N_GenomeWideSNP_6_B11_1320950	14	25851756	27191728	820	-0.0556
RAZEE_p_TCGA_277_b2_N_GenomeWideSNP_6_B11_1320950	14	27192357	27192444	2	-1.4094
RAZEE_p_TCGA_277_b2_N_GenomeWideSNP_6_B11_1320950	14	27192792	27973915	345	-0.0592
RAZEE_p_TCGA_277_b2_N_GenomeWideSNP_6_B11_1320950	14	27973988	29554560	826	-0.0039
RAZEE_p_TCGA_277_b2_N_GenomeWideSNP_6_B11_1320950	14	29554961	37081010	4769	0.0598
RAZEE_p_TCGA_277_b2_N_GenomeWideSNP_6_B11_1320950	14	37081617	48978434	5426	-0.0227
RAZEE_p_TCGA_277_b2_N_GenomeWideSNP_6_B11_1320950	14	48979873	59593607	6961	0.0232
RAZEE_p_TCGA_277_b2_N_GenomeWideSNP_6_B11_1320950	14	59593855	66895242	4237	-0.0195
RAZEE_p_TCGA_277_b2_N_GenomeWideSNP_6_B11_1320950	14	66896485	67041473	56	0.6167
RAZEE_p_TCGA_277_b2_N_GenomeWideSNP_6_B11_1320950	14	67049450	70370036	2004	0.0108
RAZEE_p_TCGA_277_b2_N_GenomeWideSNP_6_B11_1320950	14	70370280	72312927	1225	-0.0928
RAZEE_p_TCGA_277_b2_N_GenomeWideSNP_6_B11_1320950	14	72315192	78280873	3743	0.0166
RAZEE_p_TCGA_277_b2_N_GenomeWideSNP_6_B11_1320950	14	78282023	86877804	5606	-0.0448
RAZEE_p_TCGA_277_b2_N_GenomeWideSNP_6_B11_1320950	14	86877815	87060802	103	0.4806
RAZEE_p_TCGA_277_b2_N_GenomeWideSNP_6_B11_1320950	14	87064538	88524969	902	-0.0056
RAZEE_p_TCGA_277_b2_N_GenomeWideSNP_6_B11_1320950	14	88527805	89784009	647	-0.1136
RAZEE_p_TCGA_277_b2_N_GenomeWideSNP_6_B11_1320950	14	89784339	92766537	1807	-0.017
RAZEE_p_TCGA_277_b2_N_GenomeWideSNP_6_B11_1320950	14	92766816	94618065	1229	0.0375
RAZEE_p_TCGA_277_b2_N_GenomeWideSNP_6_B11_1320950	14	94619305	97347175	2022	-0.0154
RAZEE_p_TCGA_277_b2_N_GenomeWideSNP_6_B11_1320950	14	97347721	99048054	1277	-0.118
RAZEE_p_TCGA_277_b2_N_GenomeWideSNP_6_B11_1320950	14	99048356	105533894	3058	-0.0052
RAZEE_p_TCGA_277_b2_N_GenomeWideSNP_6_B11_1320950	15	23437561	24025681	433	0.8153
RAZEE_p_TCGA_277_b2_N_GenomeWideSNP_6_B11_1320950	15	24030118	25283014	443	0.7124
RAZEE_p_TCGA_277_b2_N_GenomeWideSNP_6_B11_1320950	15	25283076	26242077	743	0.8303
RAZEE_p_TCGA_277_b2_N_GenomeWideSNP_6_B11_1320950	15	26242318	31530776	1563	0.7194
RAZEE_p_TCGA_277_b2_N_GenomeWideSNP_6_B11_1320950	15	31530832	31617732	89	0.8075
RAZEE_p_TCGA_277_b2_N_GenomeWideSNP_6_B11_1320950	15	31621699	31634359	5	0.063
RAZEE_p_TCGA_277_b2_N_GenomeWideSNP_6_B11_1320950	15	31634389	32865977	219	0.817
RAZEE_p_TCGA_277_b2_N_GenomeWideSNP_6_B11_1320950	15	32868619	33081263	173	-0.7781
RAZEE_p_TCGA_277_b2_N_GenomeWideSNP_6_B11_1320950	15	33082658	33721504	592	0.8701
RAZEE_p_TCGA_277_b2_N_GenomeWideSNP_6_B11_1320950	15	33722393	39982279	4099	0.7983
RAZEE_p_TCGA_277_b2_N_GenomeWideSNP_6_B11_1320950	15	39982971	42500289	1245	0.7212
RAZEE_p_TCGA_277_b2_N_GenomeWideSNP_6_B11_1320950	15	42503820	47001277	2147	0.3479
RAZEE_p_TCGA_277_b2_N_GenomeWideSNP_6_B11_1320950	15	47003011	48196141	819	0.4138
RAZEE_p_TCGA_277_b2_N_GenomeWideSNP_6_B11_1320950	15	48200839	48201247	2	-0.9086
RAZEE_p_TCGA_277_b2_N_GenomeWideSNP_6_B11_1320950	15	48208753	48968404	519	0.4311
RAZEE_p_TCGA_277_b2_N_GenomeWideSNP_6_B11_1320950	15	48968491	52643318	2086	0.3488
RAZEE_p_TCGA_277_b2_N_GenomeWideSNP_6_B11_1320950	15	52652752	53324168	521	0.4296
RAZEE_p_TCGA_277_b2_N_GenomeWideSNP_6_B11_1320950	15	53324712	53638386	266	0.3428
RAZEE_p_TCGA_277_b2_N_GenomeWideSNP_6_B11_1320950	15	53639620	53642874	4	-0.7164
RAZEE_p_TCGA_277_b2_N_GenomeWideSNP_6_B11_1320950	15	53643170	53884237	174	0.3916
RAZEE_p_TCGA_277_b2_N_GenomeWideSNP_6_B11_1320950	15	53887844	55689981	1211	0.3009
RAZEE_p_TCGA_277_b2_N_GenomeWideSNP_6_B11_1320950	15	55692241	56988297	668	0.3945
RAZEE_p_TCGA_277_b2_N_GenomeWideSNP_6_B11_1320950	15	56992879	61498961	3261	0.3402
RAZEE_p_TCGA_277_b2_N_GenomeWideSNP_6_B11_1320950	15	61498979	63441142	1486	0.3866
RAZEE_p_TCGA_277_b2_N_GenomeWideSNP_6_B11_1320950	15	63442372	65390216	909	0.2675
RAZEE_p_TCGA_277_b2_N_GenomeWideSNP_6_B11_1320950	15	65397386	72087106	4256	0.3371
RAZEE_p_TCGA_277_b2_N_GenomeWideSNP_6_B11_1320950	15	72094579	72094884	2	-0.9238
RAZEE_p_TCGA_277_b2_N_GenomeWideSNP_6_B11_1320950	15	72097607	72844375	351	0.3256
RAZEE_p_TCGA_277_b2_N_GenomeWideSNP_6_B11_1320950	15	72845202	75857987	1463	0.2837
RAZEE_p_TCGA_277_b2_N_GenomeWideSNP_6_B11_1320950	15	75858624	79215668	1673	0.3562
RAZEE_p_TCGA_277_b2_N_GenomeWideSNP_6_B11_1320950	15	79221222	82170794	2055	0.3995
RAZEE_p_TCGA_277_b2_N_GenomeWideSNP_6_B11_1320950	15	82172795	86459292	1981	0.3479
RAZEE_p_TCGA_277_b2_N_GenomeWideSNP_6_B11_1320950	15	86460865	87334263	731	0.2714
RAZEE_p_TCGA_277_b2_N_GenomeWideSNP_6_B11_1320950	15	87421931	87429318	4	-0.6442
RAZEE_p_TCGA_277_b2_N_GenomeWideSNP_6_B11_1320950	15	87433575	88007211	371	0.2869
RAZEE_p_TCGA_277_b2_N_GenomeWideSNP_6_B11_1320950	15	88008905	89800432	1127	0.3803
RAZEE_p_TCGA_277_b2_N_GenomeWideSNP_6_B11_1320950	15	89805527	90907294	592	0.2683
RAZEE_p_TCGA_277_b2_N_GenomeWideSNP_6_B11_1320950	15	90908267	91552455	417	0.3645
RAZEE_p_TCGA_277_b2_N_GenomeWideSNP_6_B11_1320950	15	91553695	92278248	725	0.2494
RAZEE_p_TCGA_277_b2_N_GenomeWideSNP_6_B11_1320950	15	92280005	93106210	600	0.3769
RAZEE_p_TCGA_277_b2_N_GenomeWideSNP_6_B11_1320950	15	93106515	95177393	968	0.2714
RAZEE_p_TCGA_277_b2_N_GenomeWideSNP_6_B11_1320950	15	95177955	98558252	2400	0.3464
RAZEE_p_TCGA_277_b2_N_GenomeWideSNP_6_B11_1320950	15	98559158	101344124	1404	0.7582
RAZEE_p_TCGA_277_b2_N_GenomeWideSNP_6_B11_1320950	16	603333	12309557	6486	-0.0269
RAZEE_p_TCGA_277_b2_N_GenomeWideSNP_6_B11_1320950	16	12309867	12310471	4	-1.0557
RAZEE_p_TCGA_277_b2_N_GenomeWideSNP_6_B11_1320950	16	12316939	14496929	1692	-5e-04
RAZEE_p_TCGA_277_b2_N_GenomeWideSNP_6_B11_1320950	16	14499523	14573592	41	-0.6973
RAZEE_p_TCGA_277_b2_N_GenomeWideSNP_6_B11_1320950	16	14579628	23534157	1891	-0.0168
RAZEE_p_TCGA_277_b2_N_GenomeWideSNP_6_B11_1320950	16	23541472	24249167	465	-0.1033
RAZEE_p_TCGA_277_b2_N_GenomeWideSNP_6_B11_1320950	16	24252021	25761466	975	0.0041
RAZEE_p_TCGA_277_b2_N_GenomeWideSNP_6_B11_1320950	16	25761466	26732012	802	-0.0655
RAZEE_p_TCGA_277_b2_N_GenomeWideSNP_6_B11_1320950	16	26734055	26845066	106	-0.8336
RAZEE_p_TCGA_277_b2_N_GenomeWideSNP_6_B11_1320950	16	26848672	46473753	1605	-0.0624
RAZEE_p_TCGA_277_b2_N_GenomeWideSNP_6_B11_1320950	16	46474548	48139493	667	-0.73
RAZEE_p_TCGA_277_b2_N_GenomeWideSNP_6_B11_1320950	16	48139520	48142732	9	-1.4159
RAZEE_p_TCGA_277_b2_N_GenomeWideSNP_6_B11_1320950	16	48142877	48830874	371	-0.7132
RAZEE_p_TCGA_277_b2_N_GenomeWideSNP_6_B11_1320950	16	48832876	53011070	3049	-0.8403
RAZEE_p_TCGA_277_b2_N_GenomeWideSNP_6_B11_1320950	16	53011229	53012222	2	-5.1577
RAZEE_p_TCGA_277_b2_N_GenomeWideSNP_6_B11_1320950	16	53012770	60342808	4909	-0.7858
RAZEE_p_TCGA_277_b2_N_GenomeWideSNP_6_B11_1320950	16	60343511	63548782	1947	-0.8607
RAZEE_p_TCGA_277_b2_N_GenomeWideSNP_6_B11_1320950	16	63549748	63582098	27	-4.201
RAZEE_p_TCGA_277_b2_N_GenomeWideSNP_6_B11_1320950	16	63584341	65905271	1679	-0.8377
RAZEE_p_TCGA_277_b2_N_GenomeWideSNP_6_B11_1320950	16	65905772	76728036	5509	-0.77
RAZEE_p_TCGA_277_b2_N_GenomeWideSNP_6_B11_1320950	16	76729477	77104688	304	-0.8511
RAZEE_p_TCGA_277_b2_N_GenomeWideSNP_6_B11_1320950	16	77105797	78422158	1175	-0.9109
RAZEE_p_TCGA_277_b2_N_GenomeWideSNP_6_B11_1320950	16	78424574	78715444	357	-1.131
RAZEE_p_TCGA_277_b2_N_GenomeWideSNP_6_B11_1320950	16	78715786	82455520	3017	-0.9164
RAZEE_p_TCGA_277_b2_N_GenomeWideSNP_6_B11_1320950	16	82456692	82456941	2	-5.8659
RAZEE_p_TCGA_277_b2_N_GenomeWideSNP_6_B11_1320950	16	82456980	83265314	678	-0.9199
RAZEE_p_TCGA_277_b2_N_GenomeWideSNP_6_B11_1320950	16	83267321	89317317	3302	-0.8236
RAZEE_p_TCGA_277_b2_N_GenomeWideSNP_6_B11_1320950	17	1074619	1433326	102	-0.0176
RAZEE_p_TCGA_277_b2_N_GenomeWideSNP_6_B11_1320950	17	1437646	1473375	10	0.417
RAZEE_p_TCGA_277_b2_N_GenomeWideSNP_6_B11_1320950	17	1473750	1554245	25	-0.0491
RAZEE_p_TCGA_277_b2_N_GenomeWideSNP_6_B11_1320950	17	1560014	1624072	36	-0.2622
RAZEE_p_TCGA_277_b2_N_GenomeWideSNP_6_B11_1320950	17	1630473	2019488	127	-0.026
RAZEE_p_TCGA_277_b2_N_GenomeWideSNP_6_B11_1320950	17	2037741	2062248	10	-0.7821
RAZEE_p_TCGA_277_b2_N_GenomeWideSNP_6_B11_1320950	17	2064207	2113785	36	-0.0825
RAZEE_p_TCGA_277_b2_N_GenomeWideSNP_6_B11_1320950	17	2117695	2374770	171	-0.8301
RAZEE_p_TCGA_277_b2_N_GenomeWideSNP_6_B11_1320950	17	2377640	6145494	1887	-0.0462
RAZEE_p_TCGA_277_b2_N_GenomeWideSNP_6_B11_1320950	17	6151022	6166297	18	0.4002
RAZEE_p_TCGA_277_b2_N_GenomeWideSNP_6_B11_1320950	17	6167160	7180181	595	-0.0631
RAZEE_p_TCGA_277_b2_N_GenomeWideSNP_6_B11_1320950	17	7188331	8844725	805	-0.8562
RAZEE_p_TCGA_277_b2_N_GenomeWideSNP_6_B11_1320950	17	8847413	9394228	353	-0.067
RAZEE_p_TCGA_277_b2_N_GenomeWideSNP_6_B11_1320950	17	9396162	10291607	645	0.0159
RAZEE_p_TCGA_277_b2_N_GenomeWideSNP_6_B11_1320950	17	10295268	10319903	23	0.5009
RAZEE_p_TCGA_277_b2_N_GenomeWideSNP_6_B11_1320950	17	10322963	11132520	478	0.0378
RAZEE_p_TCGA_277_b2_N_GenomeWideSNP_6_B11_1320950	17	11133132	11153301	13	0.7173
RAZEE_p_TCGA_277_b2_N_GenomeWideSNP_6_B11_1320950	17	11156922	11713336	479	-0.0145
RAZEE_p_TCGA_277_b2_N_GenomeWideSNP_6_B11_1320950	17	11713583	11746475	38	0.4913
RAZEE_p_TCGA_277_b2_N_GenomeWideSNP_6_B11_1320950	17	11748632	13689487	1267	-0.0092
RAZEE_p_TCGA_277_b2_N_GenomeWideSNP_6_B11_1320950	17	13698404	13731774	43	0.4715
RAZEE_p_TCGA_277_b2_N_GenomeWideSNP_6_B11_1320950	17	13734139	13806286	66	0.016
RAZEE_p_TCGA_277_b2_N_GenomeWideSNP_6_B11_1320950	17	13806480	13840898	41	0.5231
RAZEE_p_TCGA_277_b2_N_GenomeWideSNP_6_B11_1320950	17	13841553	30200476	3957	-0.0173
RAZEE_p_TCGA_277_b2_N_GenomeWideSNP_6_B11_1320950	17	30202124	30988175	260	-0.7834
RAZEE_p_TCGA_277_b2_N_GenomeWideSNP_6_B11_1320950	17	30993365	31988093	471	-0.0694
RAZEE_p_TCGA_277_b2_N_GenomeWideSNP_6_B11_1320950	17	31988128	32895346	464	0.016
RAZEE_p_TCGA_277_b2_N_GenomeWideSNP_6_B11_1320950	17	32897445	32939688	23	0.4703
RAZEE_p_TCGA_277_b2_N_GenomeWideSNP_6_B11_1320950	17	32945352	32979750	34	-0.023
RAZEE_p_TCGA_277_b2_N_GenomeWideSNP_6_B11_1320950	17	32983016	32985397	3	-0.8445
RAZEE_p_TCGA_277_b2_N_GenomeWideSNP_6_B11_1320950	17	32985509	33375644	381	0.0026
RAZEE_p_TCGA_277_b2_N_GenomeWideSNP_6_B11_1320950	17	33375679	33409795	40	0.4374
RAZEE_p_TCGA_277_b2_N_GenomeWideSNP_6_B11_1320950	17	33410016	34821802	384	-0.0236
RAZEE_p_TCGA_277_b2_N_GenomeWideSNP_6_B11_1320950	17	34825686	34838034	15	0.5637
RAZEE_p_TCGA_277_b2_N_GenomeWideSNP_6_B11_1320950	17	34843009	35950202	559	-0.0431
RAZEE_p_TCGA_277_b2_N_GenomeWideSNP_6_B11_1320950	17	35956458	35968936	11	0.5541
RAZEE_p_TCGA_277_b2_N_GenomeWideSNP_6_B11_1320950	17	35978820	36001732	14	0.006
RAZEE_p_TCGA_277_b2_N_GenomeWideSNP_6_B11_1320950	17	36002067	36015591	12	0.4555
RAZEE_p_TCGA_277_b2_N_GenomeWideSNP_6_B11_1320950	17	36016932	38364527	853	-0.0168
RAZEE_p_TCGA_277_b2_N_GenomeWideSNP_6_B11_1320950	17	38366870	38390561	11	0.4649
RAZEE_p_TCGA_277_b2_N_GenomeWideSNP_6_B11_1320950	17	38391595	42506348	1994	-0.0609
RAZEE_p_TCGA_277_b2_N_GenomeWideSNP_6_B11_1320950	17	42518212	42580712	26	-0.9446
RAZEE_p_TCGA_277_b2_N_GenomeWideSNP_6_B11_1320950	17	42582896	45436394	1269	-0.04
RAZEE_p_TCGA_277_b2_N_GenomeWideSNP_6_B11_1320950	17	45461373	47606177	410	0.0413
RAZEE_p_TCGA_277_b2_N_GenomeWideSNP_6_B11_1320950	17	47606194	50826624	1653	-0.0513
RAZEE_p_TCGA_277_b2_N_GenomeWideSNP_6_B11_1320950	17	50827703	50845301	11	0.4958
RAZEE_p_TCGA_277_b2_N_GenomeWideSNP_6_B11_1320950	17	50847104	51533864	198	-0.027
RAZEE_p_TCGA_277_b2_N_GenomeWideSNP_6_B11_1320950	17	51534391	51589027	39	0.4871
RAZEE_p_TCGA_277_b2_N_GenomeWideSNP_6_B11_1320950	17	51596260	52418323	664	-0.0065
RAZEE_p_TCGA_277_b2_N_GenomeWideSNP_6_B11_1320950	17	52421764	52783619	232	0.5132
RAZEE_p_TCGA_277_b2_N_GenomeWideSNP_6_B11_1320950	17	52785591	54750062	962	0.4153
RAZEE_p_TCGA_277_b2_N_GenomeWideSNP_6_B11_1320950	17	54752745	63402329	4996	0.4785
RAZEE_p_TCGA_277_b2_N_GenomeWideSNP_6_B11_1320950	17	63402727	64220911	402	0.4009
RAZEE_p_TCGA_277_b2_N_GenomeWideSNP_6_B11_1320950	17	64221759	64226560	2	-0.9302
RAZEE_p_TCGA_277_b2_N_GenomeWideSNP_6_B11_1320950	17	64226762	64741996	213	0.4502
RAZEE_p_TCGA_277_b2_N_GenomeWideSNP_6_B11_1320950	17	64742056	65007630	73	0.2889
RAZEE_p_TCGA_277_b2_N_GenomeWideSNP_6_B11_1320950	17	65011183	65344691	237	0.4777
RAZEE_p_TCGA_277_b2_N_GenomeWideSNP_6_B11_1320950	17	65345346	66094364	460	0.5252
RAZEE_p_TCGA_277_b2_N_GenomeWideSNP_6_B11_1320950	17	66096575	66165549	30	0.887
RAZEE_p_TCGA_277_b2_N_GenomeWideSNP_6_B11_1320950	17	66166027	66949224	543	0.5186
RAZEE_p_TCGA_277_b2_N_GenomeWideSNP_6_B11_1320950	17	66949813	66985974	26	0.8842
RAZEE_p_TCGA_277_b2_N_GenomeWideSNP_6_B11_1320950	17	66987417	67156422	116	0.5222
RAZEE_p_TCGA_277_b2_N_GenomeWideSNP_6_B11_1320950	17	67158684	68386068	579	0.4175
RAZEE_p_TCGA_277_b2_N_GenomeWideSNP_6_B11_1320950	17	68389257	69424600	680	0.5159
RAZEE_p_TCGA_277_b2_N_GenomeWideSNP_6_B11_1320950	17	69426748	69446789	20	0.8967
RAZEE_p_TCGA_277_b2_N_GenomeWideSNP_6_B11_1320950	17	69461921	70712483	873	0.5133
RAZEE_p_TCGA_277_b2_N_GenomeWideSNP_6_B11_1320950	17	70715909	70741439	24	0.9087
RAZEE_p_TCGA_277_b2_N_GenomeWideSNP_6_B11_1320950	17	70743566	71376421	516	0.5241
RAZEE_p_TCGA_277_b2_N_GenomeWideSNP_6_B11_1320950	17	71376723	71377116	3	0.6199
RAZEE_p_TCGA_277_b2_N_GenomeWideSNP_6_B11_1320950	17	71381359	71417346	41	1.0746
RAZEE_p_TCGA_277_b2_N_GenomeWideSNP_6_B11_1320950	17	71417678	72448935	803	0.6205
RAZEE_p_TCGA_277_b2_N_GenomeWideSNP_6_B11_1320950	17	72449778	72451885	5	0.4459
RAZEE_p_TCGA_277_b2_N_GenomeWideSNP_6_B11_1320950	17	72455423	72485513	18	-0.0162
RAZEE_p_TCGA_277_b2_N_GenomeWideSNP_6_B11_1320950	17	72486913	72525574	28	-0.848
RAZEE_p_TCGA_277_b2_N_GenomeWideSNP_6_B11_1320950	17	72526524	72540994	15	0.2371
RAZEE_p_TCGA_277_b2_N_GenomeWideSNP_6_B11_1320950	17	72541767	72725287	143	0.5755
RAZEE_p_TCGA_277_b2_N_GenomeWideSNP_6_B11_1320950	17	72725568	72805334	83	0.7712
RAZEE_p_TCGA_277_b2_N_GenomeWideSNP_6_B11_1320950	17	72806450	76459765	1448	0.4546
RAZEE_p_TCGA_277_b2_N_GenomeWideSNP_6_B11_1320950	17	76459850	76459919	2	-0.6897
RAZEE_p_TCGA_277_b2_N_GenomeWideSNP_6_B11_1320950	17	76460723	82959812	2723	0.4439
RAZEE_p_TCGA_277_b2_N_GenomeWideSNP_6_B11_1320950	18	326691	6728489	3125	0.0517
RAZEE_p_TCGA_277_b2_N_GenomeWideSNP_6_B11_1320950	18	6730044	8953800	1719	0.1051
RAZEE_p_TCGA_277_b2_N_GenomeWideSNP_6_B11_1320950	18	8956836	10669324	1249	0.0318
RAZEE_p_TCGA_277_b2_N_GenomeWideSNP_6_B11_1320950	18	10672043	11747108	701	0.1553
RAZEE_p_TCGA_277_b2_N_GenomeWideSNP_6_B11_1320950	18	11748217	12454263	412	0.0497
RAZEE_p_TCGA_277_b2_N_GenomeWideSNP_6_B11_1320950	18	12454426	27421147	4854	0.0292
RAZEE_p_TCGA_277_b2_N_GenomeWideSNP_6_B11_1320950	18	27421494	31002884	2105	-0.0208
RAZEE_p_TCGA_277_b2_N_GenomeWideSNP_6_B11_1320950	18	31006985	33167466	1413	0.0469
RAZEE_p_TCGA_277_b2_N_GenomeWideSNP_6_B11_1320950	18	33169835	34683715	862	-0.0321
RAZEE_p_TCGA_277_b2_N_GenomeWideSNP_6_B11_1320950	18	34684458	37964799	2064	0.0386
RAZEE_p_TCGA_277_b2_N_GenomeWideSNP_6_B11_1320950	18	37966018	41368666	2014	-0.0339
RAZEE_p_TCGA_277_b2_N_GenomeWideSNP_6_B11_1320950	18	41369412	42687651	822	0.0588
RAZEE_p_TCGA_277_b2_N_GenomeWideSNP_6_B11_1320950	18	42688314	48151376	3421	0.0021
RAZEE_p_TCGA_277_b2_N_GenomeWideSNP_6_B11_1320950	18	48156261	51993894	2685	0.0349
RAZEE_p_TCGA_277_b2_N_GenomeWideSNP_6_B11_1320950	18	51994471	52019412	22	-0.7992
RAZEE_p_TCGA_277_b2_N_GenomeWideSNP_6_B11_1320950	18	52024526	52188888	87	-0.0438
RAZEE_p_TCGA_277_b2_N_GenomeWideSNP_6_B11_1320950	18	52189918	52547147	281	0.082
RAZEE_p_TCGA_277_b2_N_GenomeWideSNP_6_B11_1320950	18	52547234	54372543	1104	-0.0434
RAZEE_p_TCGA_277_b2_N_GenomeWideSNP_6_B11_1320950	18	54372748	58547329	2658	0.0305
RAZEE_p_TCGA_277_b2_N_GenomeWideSNP_6_B11_1320950	18	58549733	59559081	722	-0.0315
RAZEE_p_TCGA_277_b2_N_GenomeWideSNP_6_B11_1320950	18	59559833	61347614	1118	-0.0876
RAZEE_p_TCGA_277_b2_N_GenomeWideSNP_6_B11_1320950	18	61348284	66321996	2874	-0.0211
RAZEE_p_TCGA_277_b2_N_GenomeWideSNP_6_B11_1320950	18	66322138	67092015	420	0.0568
RAZEE_p_TCGA_277_b2_N_GenomeWideSNP_6_B11_1320950	18	67092073	67930333	534	-0.0424
RAZEE_p_TCGA_277_b2_N_GenomeWideSNP_6_B11_1320950	18	67936468	67938472	3	-1.0384
RAZEE_p_TCGA_277_b2_N_GenomeWideSNP_6_B11_1320950	18	68118231	69350134	670	-0.0276
RAZEE_p_TCGA_277_b2_N_GenomeWideSNP_6_B11_1320950	18	69350173	71227555	1138	0.0724
RAZEE_p_TCGA_277_b2_N_GenomeWideSNP_6_B11_1320950	18	71230777	75725668	1456	-0.0046
RAZEE_p_TCGA_277_b2_N_GenomeWideSNP_6_B11_1320950	18	75725918	75727600	3	-1.0855
RAZEE_p_TCGA_277_b2_N_GenomeWideSNP_6_B11_1320950	18	75727988	79349796	2378	-0.0358
RAZEE_p_TCGA_277_b2_N_GenomeWideSNP_6_B11_1320950	19	283868	7800602	2283	0.7211
RAZEE_p_TCGA_277_b2_N_GenomeWideSNP_6_B11_1320950	19	7802761	7945396	50	-0.1163
RAZEE_p_TCGA_277_b2_N_GenomeWideSNP_6_B11_1320950	19	7946936	27749601	6779	0.7008
RAZEE_p_TCGA_277_b2_N_GenomeWideSNP_6_B11_1320950	19	27752285	31569357	2888	0.4201
RAZEE_p_TCGA_277_b2_N_GenomeWideSNP_6_B11_1320950	19	31570664	35057818	2200	0.465
RAZEE_p_TCGA_277_b2_N_GenomeWideSNP_6_B11_1320950	19	35062926	35737637	416	0.4084
RAZEE_p_TCGA_277_b2_N_GenomeWideSNP_6_B11_1320950	19	35738950	37760184	929	0.3349
RAZEE_p_TCGA_277_b2_N_GenomeWideSNP_6_B11_1320950	19	37760216	48572020	4726	0.4037
RAZEE_p_TCGA_277_b2_N_GenomeWideSNP_6_B11_1320950	19	48572202	48572658	2	-0.931
RAZEE_p_TCGA_277_b2_N_GenomeWideSNP_6_B11_1320950	19	48580236	51555166	1116	0.4143
RAZEE_p_TCGA_277_b2_N_GenomeWideSNP_6_B11_1320950	19	51555401	51555416	2	-1.0311
RAZEE_p_TCGA_277_b2_N_GenomeWideSNP_6_B11_1320950	19	51555608	51616279	58	0.4302
RAZEE_p_TCGA_277_b2_N_GenomeWideSNP_6_B11_1320950	19	51618609	54339958	783	0.3094
RAZEE_p_TCGA_277_b2_N_GenomeWideSNP_6_B11_1320950	19	54340282	58370362	2015	0.3852
RAZEE_p_TCGA_277_b2_N_GenomeWideSNP_6_B11_1320950	20	472817	8718872	4852	-0.0145
RAZEE_p_TCGA_277_b2_N_GenomeWideSNP_6_B11_1320950	20	8718885	9528179	619	0.0767
RAZEE_p_TCGA_277_b2_N_GenomeWideSNP_6_B11_1320950	20	9530474	13011182	2596	-0.01
RAZEE_p_TCGA_277_b2_N_GenomeWideSNP_6_B11_1320950	20	13015578	14291481	787	0.5468
RAZEE_p_TCGA_277_b2_N_GenomeWideSNP_6_B11_1320950	20	14296040	14637902	174	-0.0055
RAZEE_p_TCGA_277_b2_N_GenomeWideSNP_6_B11_1320950	20	14659375	14711021	37	-0.9471
RAZEE_p_TCGA_277_b2_N_GenomeWideSNP_6_B11_1320950	20	15182862	63588502	28510	-0.0141
RAZEE_p_TCGA_277_b2_N_GenomeWideSNP_6_B11_1320950	21	13974127	15991471	1221	-0.0605
RAZEE_p_TCGA_277_b2_N_GenomeWideSNP_6_B11_1320950	21	15991489	19334522	2166	-0.0092
RAZEE_p_TCGA_277_b2_N_GenomeWideSNP_6_B11_1320950	21	19336769	26545068	4484	-0.0552
RAZEE_p_TCGA_277_b2_N_GenomeWideSNP_6_B11_1320950	21	26545517	27487352	791	0.0605
RAZEE_p_TCGA_277_b2_N_GenomeWideSNP_6_B11_1320950	21	27488503	28139595	405	0.1525
RAZEE_p_TCGA_277_b2_N_GenomeWideSNP_6_B11_1320950	21	28140568	31072278	1857	0.0502
RAZEE_p_TCGA_277_b2_N_GenomeWideSNP_6_B11_1320950	21	31072499	31907223	554	-0.0542
RAZEE_p_TCGA_277_b2_N_GenomeWideSNP_6_B11_1320950	21	31907254	34554213	1634	-0.0015
RAZEE_p_TCGA_277_b2_N_GenomeWideSNP_6_B11_1320950	21	34557891	35525615	755	-0.0588
RAZEE_p_TCGA_277_b2_N_GenomeWideSNP_6_B11_1320950	21	35532044	38119404	1690	0.0297
RAZEE_p_TCGA_277_b2_N_GenomeWideSNP_6_B11_1320950	21	38122536	38849241	647	-0.0789
RAZEE_p_TCGA_277_b2_N_GenomeWideSNP_6_B11_1320950	21	38849960	41469406	2074	0.0243
RAZEE_p_TCGA_277_b2_N_GenomeWideSNP_6_B11_1320950	21	41469463	46262057	2491	-0.0295
RAZEE_p_TCGA_277_b2_N_GenomeWideSNP_6_B11_1320950	22	16934932	17053798	62	0.0029
RAZEE_p_TCGA_277_b2_N_GenomeWideSNP_6_B11_1320950	22	17055291	17063944	9	0.6458
RAZEE_p_TCGA_277_b2_N_GenomeWideSNP_6_B11_1320950	22	17064969	25069175	1493	0.0074
RAZEE_p_TCGA_277_b2_N_GenomeWideSNP_6_B11_1320950	22	25069273	26400897	926	0.0588
RAZEE_p_TCGA_277_b2_N_GenomeWideSNP_6_B11_1320950	22	26401260	32131650	3711	-0.002
RAZEE_p_TCGA_277_b2_N_GenomeWideSNP_6_B11_1320950	22	32134861	33230586	877	0.0724
RAZEE_p_TCGA_277_b2_N_GenomeWideSNP_6_B11_1320950	22	33231280	34364638	1061	-0.03
RAZEE_p_TCGA_277_b2_N_GenomeWideSNP_6_B11_1320950	22	34364759	35292762	866	0.0568
RAZEE_p_TCGA_277_b2_N_GenomeWideSNP_6_B11_1320950	22	35293241	35935315	263	-0.0141
RAZEE_p_TCGA_277_b2_N_GenomeWideSNP_6_B11_1320950	22	35940530	43188670	3577	-0.0511
RAZEE_p_TCGA_277_b2_N_GenomeWideSNP_6_B11_1320950	22	43189066	45515710	1750	-0.0097
RAZEE_p_TCGA_277_b2_N_GenomeWideSNP_6_B11_1320950	22	45517910	47639921	1404	0.0399
RAZEE_p_TCGA_277_b2_N_GenomeWideSNP_6_B11_1320950	22	47640221	48940621	1091	-0.0284
RAZEE_p_TCGA_277_b2_N_GenomeWideSNP_6_B11_1320950	X	3236359	13169155	3570	0.4863
RAZEE_p_TCGA_277_b2_N_GenomeWideSNP_6_B11_1320950	X	13171108	17529638	2288	0.5917
RAZEE_p_TCGA_277_b2_N_GenomeWideSNP_6_B11_1320950	X	17531323	18717255	545	0.4758
RAZEE_p_TCGA_277_b2_N_GenomeWideSNP_6_B11_1320950	X	18718273	19292707	74	0.5968
RAZEE_p_TCGA_277_b2_N_GenomeWideSNP_6_B11_1320950	X	19293622	19294146	2	2.2767
RAZEE_p_TCGA_277_b2_N_GenomeWideSNP_6_B11_1320950	X	19294952	24842213	2879	0.5634
RAZEE_p_TCGA_277_b2_N_GenomeWideSNP_6_B11_1320950	X	24842389	29881338	2715	0.5116
RAZEE_p_TCGA_277_b2_N_GenomeWideSNP_6_B11_1320950	X	29881908	29915682	24	-0.2129
RAZEE_p_TCGA_277_b2_N_GenomeWideSNP_6_B11_1320950	X	29922626	31237383	642	0.5675
RAZEE_p_TCGA_277_b2_N_GenomeWideSNP_6_B11_1320950	X	31245786	31303671	33	-0.3214
RAZEE_p_TCGA_277_b2_N_GenomeWideSNP_6_B11_1320950	X	31305471	31990309	455	0.5035
RAZEE_p_TCGA_277_b2_N_GenomeWideSNP_6_B11_1320950	X	31990321	32316004	271	0.314
RAZEE_p_TCGA_277_b2_N_GenomeWideSNP_6_B11_1320950	X	32320243	32530331	158	-0.5967
RAZEE_p_TCGA_277_b2_N_GenomeWideSNP_6_B11_1320950	X	32590387	41101787	3578	0.5038
RAZEE_p_TCGA_277_b2_N_GenomeWideSNP_6_B11_1320950	X	41103798	41190611	57	0.9896
RAZEE_p_TCGA_277_b2_N_GenomeWideSNP_6_B11_1320950	X	41190744	49610995	3523	0.502
RAZEE_p_TCGA_277_b2_N_GenomeWideSNP_6_B11_1320950	X	49617003	51110629	784	0.5674
RAZEE_p_TCGA_277_b2_N_GenomeWideSNP_6_B11_1320950	X	51118283	55449179	1428	0.4912
RAZEE_p_TCGA_277_b2_N_GenomeWideSNP_6_B11_1320950	X	55449582	63125409	1118	0.4291
RAZEE_p_TCGA_277_b2_N_GenomeWideSNP_6_B11_1320950	X	63155330	65679102	914	-0.3274
RAZEE_p_TCGA_277_b2_N_GenomeWideSNP_6_B11_1320950	X	65691874	65717688	11	-1.4896
RAZEE_p_TCGA_277_b2_N_GenomeWideSNP_6_B11_1320950	X	65718175	65757005	24	-3.3144
RAZEE_p_TCGA_277_b2_N_GenomeWideSNP_6_B11_1320950	X	65758584	67901251	804	-0.2848
RAZEE_p_TCGA_277_b2_N_GenomeWideSNP_6_B11_1320950	X	67903777	68132069	105	0.465
RAZEE_p_TCGA_277_b2_N_GenomeWideSNP_6_B11_1320950	X	68138065	78460942	3521	-0.2397
RAZEE_p_TCGA_277_b2_N_GenomeWideSNP_6_B11_1320950	X	78461049	100792138	9530	-0.311
RAZEE_p_TCGA_277_b2_N_GenomeWideSNP_6_B11_1320950	X	100792277	121049647	9486	-0.2542
RAZEE_p_TCGA_277_b2_N_GenomeWideSNP_6_B11_1320950	X	121052641	121591535	339	-2.8023
RAZEE_p_TCGA_277_b2_N_GenomeWideSNP_6_B11_1320950	X	121604854	122552450	263	-0.3721
RAZEE_p_TCGA_277_b2_N_GenomeWideSNP_6_B11_1320950	X	122553119	122553306	3	-2.5546
RAZEE_p_TCGA_277_b2_N_GenomeWideSNP_6_B11_1320950	X	122555123	124767159	1372	-0.2313
RAZEE_p_TCGA_277_b2_N_GenomeWideSNP_6_B11_1320950	X	124767751	126465542	755	-0.313
RAZEE_p_TCGA_277_b2_N_GenomeWideSNP_6_B11_1320950	X	126465650	126476671	2	1.18
RAZEE_p_TCGA_277_b2_N_GenomeWideSNP_6_B11_1320950	X	126483043	126506588	30	-0.1421
RAZEE_p_TCGA_277_b2_N_GenomeWideSNP_6_B11_1320950	X	126509439	126514479	5	-1.3058
RAZEE_p_TCGA_277_b2_N_GenomeWideSNP_6_B11_1320950	X	126514617	129153558	1105	-0.2979
RAZEE_p_TCGA_277_b2_N_GenomeWideSNP_6_B11_1320950	X	129154386	137452058	3559	-0.2404
RAZEE_p_TCGA_277_b2_N_GenomeWideSNP_6_B11_1320950	X	137452860	148756624	5772	-0.3224
RAZEE_p_TCGA_277_b2_N_GenomeWideSNP_6_B11_1320950	X	148762030	155677414	2407	-0.2449
