Sample	Chromosome	Start	End	Num_Probes	Segment_Mean
STOPE_p_TCGAb3_58_59_60_61_62_N_GenomeWideSNP_6_A04_1388064	1	3301765	3530249	112	-0.6257
STOPE_p_TCGAb3_58_59_60_61_62_N_GenomeWideSNP_6_A04_1388064	1	3558079	3669886	55	-0.0991
STOPE_p_TCGAb3_58_59_60_61_62_N_GenomeWideSNP_6_A04_1388064	1	3670941	3775287	62	0.2977
STOPE_p_TCGAb3_58_59_60_61_62_N_GenomeWideSNP_6_A04_1388064	1	3778083	3963763	114	-0.0224
STOPE_p_TCGAb3_58_59_60_61_62_N_GenomeWideSNP_6_A04_1388064	1	3966008	4704095	628	0.8241
STOPE_p_TCGAb3_58_59_60_61_62_N_GenomeWideSNP_6_A04_1388064	1	4710844	5283768	456	0.3114
STOPE_p_TCGAb3_58_59_60_61_62_N_GenomeWideSNP_6_A04_1388064	1	5286414	5427994	49	-0.0144
STOPE_p_TCGAb3_58_59_60_61_62_N_GenomeWideSNP_6_A04_1388064	1	5431441	5729938	270	-0.5089
STOPE_p_TCGAb3_58_59_60_61_62_N_GenomeWideSNP_6_A04_1388064	1	5730438	5730595	2	-3.7506
STOPE_p_TCGAb3_58_59_60_61_62_N_GenomeWideSNP_6_A04_1388064	1	5731281	6482270	343	-0.5053
STOPE_p_TCGAb3_58_59_60_61_62_N_GenomeWideSNP_6_A04_1388064	1	6487610	7033313	316	0.8425
STOPE_p_TCGAb3_58_59_60_61_62_N_GenomeWideSNP_6_A04_1388064	1	7038128	7040695	5	-0.4597
STOPE_p_TCGAb3_58_59_60_61_62_N_GenomeWideSNP_6_A04_1388064	1	7042884	7773425	488	0.6039
STOPE_p_TCGAb3_58_59_60_61_62_N_GenomeWideSNP_6_A04_1388064	1	7775652	7780842	4	0.2957
STOPE_p_TCGAb3_58_59_60_61_62_N_GenomeWideSNP_6_A04_1388064	1	7786423	8780693	504	-0.4791
STOPE_p_TCGAb3_58_59_60_61_62_N_GenomeWideSNP_6_A04_1388064	1	8783522	8996448	131	0.5554
STOPE_p_TCGAb3_58_59_60_61_62_N_GenomeWideSNP_6_A04_1388064	1	9000111	9524383	241	-0.0366
STOPE_p_TCGAb3_58_59_60_61_62_N_GenomeWideSNP_6_A04_1388064	1	9528050	9678821	55	-0.4271
STOPE_p_TCGAb3_58_59_60_61_62_N_GenomeWideSNP_6_A04_1388064	1	9682927	10711431	469	0.3277
STOPE_p_TCGAb3_58_59_60_61_62_N_GenomeWideSNP_6_A04_1388064	1	10720151	11338329	291	-0.4792
STOPE_p_TCGAb3_58_59_60_61_62_N_GenomeWideSNP_6_A04_1388064	1	11340352	11816360	271	0.5982
STOPE_p_TCGAb3_58_59_60_61_62_N_GenomeWideSNP_6_A04_1388064	1	11819195	12022869	102	-0.5037
STOPE_p_TCGAb3_58_59_60_61_62_N_GenomeWideSNP_6_A04_1388064	1	12033527	12774437	402	0.344
STOPE_p_TCGAb3_58_59_60_61_62_N_GenomeWideSNP_6_A04_1388064	1	13468357	13995894	412	0.7932
STOPE_p_TCGAb3_58_59_60_61_62_N_GenomeWideSNP_6_A04_1388064	1	14004642	14004749	2	-0.7326
STOPE_p_TCGAb3_58_59_60_61_62_N_GenomeWideSNP_6_A04_1388064	1	14011499	14120022	110	0.8187
STOPE_p_TCGAb3_58_59_60_61_62_N_GenomeWideSNP_6_A04_1388064	1	14123276	14950030	648	0.3145
STOPE_p_TCGAb3_58_59_60_61_62_N_GenomeWideSNP_6_A04_1388064	1	14950846	14951214	2	-1.382
STOPE_p_TCGAb3_58_59_60_61_62_N_GenomeWideSNP_6_A04_1388064	1	14952700	15020867	70	0.8076
STOPE_p_TCGAb3_58_59_60_61_62_N_GenomeWideSNP_6_A04_1388064	1	15024787	15457276	304	-0.5337
STOPE_p_TCGAb3_58_59_60_61_62_N_GenomeWideSNP_6_A04_1388064	1	15476039	15592573	65	0.7885
STOPE_p_TCGAb3_58_59_60_61_62_N_GenomeWideSNP_6_A04_1388064	1	15595360	16122399	183	-0.4646
STOPE_p_TCGAb3_58_59_60_61_62_N_GenomeWideSNP_6_A04_1388064	1	16123041	16268499	58	0.3226
STOPE_p_TCGAb3_58_59_60_61_62_N_GenomeWideSNP_6_A04_1388064	1	16271734	16407759	62	1.095
STOPE_p_TCGAb3_58_59_60_61_62_N_GenomeWideSNP_6_A04_1388064	1	16410856	19490149	1801	0.3249
STOPE_p_TCGAb3_58_59_60_61_62_N_GenomeWideSNP_6_A04_1388064	1	19495244	19746550	165	0.7839
STOPE_p_TCGAb3_58_59_60_61_62_N_GenomeWideSNP_6_A04_1388064	1	19751641	21361264	961	-0.5024
STOPE_p_TCGAb3_58_59_60_61_62_N_GenomeWideSNP_6_A04_1388064	1	21452015	22681500	649	0.3247
STOPE_p_TCGAb3_58_59_60_61_62_N_GenomeWideSNP_6_A04_1388064	1	22682988	23109045	281	-0.4727
STOPE_p_TCGAb3_58_59_60_61_62_N_GenomeWideSNP_6_A04_1388064	1	23110276	23186554	47	0.791
STOPE_p_TCGAb3_58_59_60_61_62_N_GenomeWideSNP_6_A04_1388064	1	23186995	23457074	164	0.2882
STOPE_p_TCGAb3_58_59_60_61_62_N_GenomeWideSNP_6_A04_1388064	1	23458685	23634378	94	-0.4737
STOPE_p_TCGAb3_58_59_60_61_62_N_GenomeWideSNP_6_A04_1388064	1	23642429	23922813	100	0.6688
STOPE_p_TCGAb3_58_59_60_61_62_N_GenomeWideSNP_6_A04_1388064	1	23930125	25105234	656	3e-04
STOPE_p_TCGAb3_58_59_60_61_62_N_GenomeWideSNP_6_A04_1388064	1	25105998	26252584	449	-0.5004
STOPE_p_TCGAb3_58_59_60_61_62_N_GenomeWideSNP_6_A04_1388064	1	26260784	26572193	131	0.2848
STOPE_p_TCGAb3_58_59_60_61_62_N_GenomeWideSNP_6_A04_1388064	1	26572634	26598390	21	-0.3719
STOPE_p_TCGAb3_58_59_60_61_62_N_GenomeWideSNP_6_A04_1388064	1	26599352	26634065	14	0.1341
STOPE_p_TCGAb3_58_59_60_61_62_N_GenomeWideSNP_6_A04_1388064	1	26636918	26657738	2	-0.5509
STOPE_p_TCGAb3_58_59_60_61_62_N_GenomeWideSNP_6_A04_1388064	1	26670587	26938133	79	0.3037
STOPE_p_TCGAb3_58_59_60_61_62_N_GenomeWideSNP_6_A04_1388064	1	26940169	27585823	200	-0.0508
STOPE_p_TCGAb3_58_59_60_61_62_N_GenomeWideSNP_6_A04_1388064	1	27589193	28349584	353	0.5783
STOPE_p_TCGAb3_58_59_60_61_62_N_GenomeWideSNP_6_A04_1388064	1	28350567	29589398	524	0.3336
STOPE_p_TCGAb3_58_59_60_61_62_N_GenomeWideSNP_6_A04_1388064	1	29590126	29619436	10	0.8308
STOPE_p_TCGAb3_58_59_60_61_62_N_GenomeWideSNP_6_A04_1388064	1	29621375	30051076	356	-0.5336
STOPE_p_TCGAb3_58_59_60_61_62_N_GenomeWideSNP_6_A04_1388064	1	30053035	30646703	473	0.3456
STOPE_p_TCGAb3_58_59_60_61_62_N_GenomeWideSNP_6_A04_1388064	1	30656261	30839192	45	-0.4854
STOPE_p_TCGAb3_58_59_60_61_62_N_GenomeWideSNP_6_A04_1388064	1	30840905	31038157	103	0.3555
STOPE_p_TCGAb3_58_59_60_61_62_N_GenomeWideSNP_6_A04_1388064	1	31040938	31371818	159	0.7759
STOPE_p_TCGAb3_58_59_60_61_62_N_GenomeWideSNP_6_A04_1388064	1	31373956	31977884	301	0.2922
STOPE_p_TCGAb3_58_59_60_61_62_N_GenomeWideSNP_6_A04_1388064	1	31983963	31984675	2	-1.6092
STOPE_p_TCGAb3_58_59_60_61_62_N_GenomeWideSNP_6_A04_1388064	1	31987986	32096376	41	0.2892
STOPE_p_TCGAb3_58_59_60_61_62_N_GenomeWideSNP_6_A04_1388064	1	32099514	32934779	306	-0.4624
STOPE_p_TCGAb3_58_59_60_61_62_N_GenomeWideSNP_6_A04_1388064	1	32961069	34383964	992	0.3504
STOPE_p_TCGAb3_58_59_60_61_62_N_GenomeWideSNP_6_A04_1388064	1	34385602	34668244	170	-0.4782
STOPE_p_TCGAb3_58_59_60_61_62_N_GenomeWideSNP_6_A04_1388064	1	34670604	34903159	128	0.3549
STOPE_p_TCGAb3_58_59_60_61_62_N_GenomeWideSNP_6_A04_1388064	1	34903170	34904396	4	-0.8188
STOPE_p_TCGAb3_58_59_60_61_62_N_GenomeWideSNP_6_A04_1388064	1	34907773	34966242	32	0.5366
STOPE_p_TCGAb3_58_59_60_61_62_N_GenomeWideSNP_6_A04_1388064	1	34972879	35500696	223	1.3245
STOPE_p_TCGAb3_58_59_60_61_62_N_GenomeWideSNP_6_A04_1388064	1	35506101	36408641	379	-0.4835
STOPE_p_TCGAb3_58_59_60_61_62_N_GenomeWideSNP_6_A04_1388064	1	36412423	36617608	132	0.2839
STOPE_p_TCGAb3_58_59_60_61_62_N_GenomeWideSNP_6_A04_1388064	1	36618663	38059980	796	-0.4856
STOPE_p_TCGAb3_58_59_60_61_62_N_GenomeWideSNP_6_A04_1388064	1	38063209	38124341	36	0.306
STOPE_p_TCGAb3_58_59_60_61_62_N_GenomeWideSNP_6_A04_1388064	1	38127127	38853435	505	1.1409
STOPE_p_TCGAb3_58_59_60_61_62_N_GenomeWideSNP_6_A04_1388064	1	38856233	39231601	175	-0.0571
STOPE_p_TCGAb3_58_59_60_61_62_N_GenomeWideSNP_6_A04_1388064	1	39233483	39772491	234	-0.4994
STOPE_p_TCGAb3_58_59_60_61_62_N_GenomeWideSNP_6_A04_1388064	1	39776773	39842345	45	0.3453
STOPE_p_TCGAb3_58_59_60_61_62_N_GenomeWideSNP_6_A04_1388064	1	39843246	40220283	196	-0.5046
STOPE_p_TCGAb3_58_59_60_61_62_N_GenomeWideSNP_6_A04_1388064	1	40226558	40420462	76	0.3449
STOPE_p_TCGAb3_58_59_60_61_62_N_GenomeWideSNP_6_A04_1388064	1	40425708	40509588	36	-0.523
STOPE_p_TCGAb3_58_59_60_61_62_N_GenomeWideSNP_6_A04_1388064	1	40514956	41085620	303	0.1387
STOPE_p_TCGAb3_58_59_60_61_62_N_GenomeWideSNP_6_A04_1388064	1	41088051	42363085	820	-0.5033
STOPE_p_TCGAb3_58_59_60_61_62_N_GenomeWideSNP_6_A04_1388064	1	42363103	43648366	793	0.331
STOPE_p_TCGAb3_58_59_60_61_62_N_GenomeWideSNP_6_A04_1388064	1	43648528	43983123	188	-0.4857
STOPE_p_TCGAb3_58_59_60_61_62_N_GenomeWideSNP_6_A04_1388064	1	43987175	44241303	114	0.8284
STOPE_p_TCGAb3_58_59_60_61_62_N_GenomeWideSNP_6_A04_1388064	1	44247017	44247565	2	-0.5418
STOPE_p_TCGAb3_58_59_60_61_62_N_GenomeWideSNP_6_A04_1388064	1	44251149	44467073	123	0.3338
STOPE_p_TCGAb3_58_59_60_61_62_N_GenomeWideSNP_6_A04_1388064	1	44467703	44473905	5	-0.4833
STOPE_p_TCGAb3_58_59_60_61_62_N_GenomeWideSNP_6_A04_1388064	1	44475232	44826597	208	0.3159
STOPE_p_TCGAb3_58_59_60_61_62_N_GenomeWideSNP_6_A04_1388064	1	44827418	44953941	73	0.0056
STOPE_p_TCGAb3_58_59_60_61_62_N_GenomeWideSNP_6_A04_1388064	1	44956127	44969945	12	-0.0744
STOPE_p_TCGAb3_58_59_60_61_62_N_GenomeWideSNP_6_A04_1388064	1	44973205	44992234	13	-0.5769
STOPE_p_TCGAb3_58_59_60_61_62_N_GenomeWideSNP_6_A04_1388064	1	44997800	45526628	233	0.5973
STOPE_p_TCGAb3_58_59_60_61_62_N_GenomeWideSNP_6_A04_1388064	1	45526788	45737824	73	1.3301
STOPE_p_TCGAb3_58_59_60_61_62_N_GenomeWideSNP_6_A04_1388064	1	45740614	45796509	20	0.2611
STOPE_p_TCGAb3_58_59_60_61_62_N_GenomeWideSNP_6_A04_1388064	1	45799581	45803152	3	-0.5815
STOPE_p_TCGAb3_58_59_60_61_62_N_GenomeWideSNP_6_A04_1388064	1	45807236	45894382	53	0.5674
STOPE_p_TCGAb3_58_59_60_61_62_N_GenomeWideSNP_6_A04_1388064	1	46129164	46944959	415	1.2888
STOPE_p_TCGAb3_58_59_60_61_62_N_GenomeWideSNP_6_A04_1388064	1	46946261	47107741	66	0.3095
STOPE_p_TCGAb3_58_59_60_61_62_N_GenomeWideSNP_6_A04_1388064	1	47108149	47108308	2	1.6455
STOPE_p_TCGAb3_58_59_60_61_62_N_GenomeWideSNP_6_A04_1388064	1	47108978	47414606	166	0.3481
STOPE_p_TCGAb3_58_59_60_61_62_N_GenomeWideSNP_6_A04_1388064	1	47418557	48395595	682	0.6205
STOPE_p_TCGAb3_58_59_60_61_62_N_GenomeWideSNP_6_A04_1388064	1	48397693	48585253	113	-0.0267
STOPE_p_TCGAb3_58_59_60_61_62_N_GenomeWideSNP_6_A04_1388064	1	48586076	49655065	574	0.3489
STOPE_p_TCGAb3_58_59_60_61_62_N_GenomeWideSNP_6_A04_1388064	1	49659290	49850823	72	-0.4855
STOPE_p_TCGAb3_58_59_60_61_62_N_GenomeWideSNP_6_A04_1388064	1	49867213	50208731	171	1.3973
STOPE_p_TCGAb3_58_59_60_61_62_N_GenomeWideSNP_6_A04_1388064	1	50210705	50394249	102	-0.4755
STOPE_p_TCGAb3_58_59_60_61_62_N_GenomeWideSNP_6_A04_1388064	1	50403012	50567947	87	1.1728
STOPE_p_TCGAb3_58_59_60_61_62_N_GenomeWideSNP_6_A04_1388064	1	50572289	50670229	45	0.331
STOPE_p_TCGAb3_58_59_60_61_62_N_GenomeWideSNP_6_A04_1388064	1	50671454	51302121	185	0.0066
STOPE_p_TCGAb3_58_59_60_61_62_N_GenomeWideSNP_6_A04_1388064	1	51308008	51452185	60	0.8443
STOPE_p_TCGAb3_58_59_60_61_62_N_GenomeWideSNP_6_A04_1388064	1	51458528	51613295	62	-0.0021
STOPE_p_TCGAb3_58_59_60_61_62_N_GenomeWideSNP_6_A04_1388064	1	51618789	51855365	92	0.3279
STOPE_p_TCGAb3_58_59_60_61_62_N_GenomeWideSNP_6_A04_1388064	1	51860353	52082859	116	-0.4665
STOPE_p_TCGAb3_58_59_60_61_62_N_GenomeWideSNP_6_A04_1388064	1	52087748	53343021	683	0.3393
STOPE_p_TCGAb3_58_59_60_61_62_N_GenomeWideSNP_6_A04_1388064	1	53343358	53471045	98	0.6021
STOPE_p_TCGAb3_58_59_60_61_62_N_GenomeWideSNP_6_A04_1388064	1	53471605	54484145	626	-0.4766
STOPE_p_TCGAb3_58_59_60_61_62_N_GenomeWideSNP_6_A04_1388064	1	54487850	54942785	269	0.3325
STOPE_p_TCGAb3_58_59_60_61_62_N_GenomeWideSNP_6_A04_1388064	1	54946507	55001140	44	1.1365
STOPE_p_TCGAb3_58_59_60_61_62_N_GenomeWideSNP_6_A04_1388064	1	55005626	55827469	653	-0.4882
STOPE_p_TCGAb3_58_59_60_61_62_N_GenomeWideSNP_6_A04_1388064	1	55829348	56350637	395	-0.0149
STOPE_p_TCGAb3_58_59_60_61_62_N_GenomeWideSNP_6_A04_1388064	1	56353479	56358335	10	-0.5799
STOPE_p_TCGAb3_58_59_60_61_62_N_GenomeWideSNP_6_A04_1388064	1	56360628	57157823	657	0.59
STOPE_p_TCGAb3_58_59_60_61_62_N_GenomeWideSNP_6_A04_1388064	1	57159951	57267705	96	0.8369
STOPE_p_TCGAb3_58_59_60_61_62_N_GenomeWideSNP_6_A04_1388064	1	57273396	58254237	833	-0.0089
STOPE_p_TCGAb3_58_59_60_61_62_N_GenomeWideSNP_6_A04_1388064	1	58276798	58708457	352	-0.4858
STOPE_p_TCGAb3_58_59_60_61_62_N_GenomeWideSNP_6_A04_1388064	1	58719921	58856146	90	0.6219
STOPE_p_TCGAb3_58_59_60_61_62_N_GenomeWideSNP_6_A04_1388064	1	58862210	59055217	152	-0.4555
STOPE_p_TCGAb3_58_59_60_61_62_N_GenomeWideSNP_6_A04_1388064	1	59058399	59104384	43	0.0145
STOPE_p_TCGAb3_58_59_60_61_62_N_GenomeWideSNP_6_A04_1388064	1	59108029	61391491	1498	0.3604
STOPE_p_TCGAb3_58_59_60_61_62_N_GenomeWideSNP_6_A04_1388064	1	61392740	61509949	96	-0.4472
STOPE_p_TCGAb3_58_59_60_61_62_N_GenomeWideSNP_6_A04_1388064	1	61511049	61746932	183	1.2846
STOPE_p_TCGAb3_58_59_60_61_62_N_GenomeWideSNP_6_A04_1388064	1	61755648	61961445	145	0.3652
STOPE_p_TCGAb3_58_59_60_61_62_N_GenomeWideSNP_6_A04_1388064	1	61961483	61962216	4	-0.4025
STOPE_p_TCGAb3_58_59_60_61_62_N_GenomeWideSNP_6_A04_1388064	1	61962746	62023778	41	0.3397
STOPE_p_TCGAb3_58_59_60_61_62_N_GenomeWideSNP_6_A04_1388064	1	62025882	63311502	866	0.648
STOPE_p_TCGAb3_58_59_60_61_62_N_GenomeWideSNP_6_A04_1388064	1	63313675	63827069	336	0.0091
STOPE_p_TCGAb3_58_59_60_61_62_N_GenomeWideSNP_6_A04_1388064	1	63830916	64265161	322	-0.4767
STOPE_p_TCGAb3_58_59_60_61_62_N_GenomeWideSNP_6_A04_1388064	1	64268696	64695698	308	1.1761
STOPE_p_TCGAb3_58_59_60_61_62_N_GenomeWideSNP_6_A04_1388064	1	64697598	64872659	175	-0.4333
STOPE_p_TCGAb3_58_59_60_61_62_N_GenomeWideSNP_6_A04_1388064	1	64874994	65069928	241	0.5638
STOPE_p_TCGAb3_58_59_60_61_62_N_GenomeWideSNP_6_A04_1388064	1	65071177	65154045	40	0.0389
STOPE_p_TCGAb3_58_59_60_61_62_N_GenomeWideSNP_6_A04_1388064	1	65154197	65965454	487	-0.4214
STOPE_p_TCGAb3_58_59_60_61_62_N_GenomeWideSNP_6_A04_1388064	1	65969863	66056855	72	0.8353
STOPE_p_TCGAb3_58_59_60_61_62_N_GenomeWideSNP_6_A04_1388064	1	66057207	66876301	657	-0.4087
STOPE_p_TCGAb3_58_59_60_61_62_N_GenomeWideSNP_6_A04_1388064	1	66876831	67078551	105	0.6341
STOPE_p_TCGAb3_58_59_60_61_62_N_GenomeWideSNP_6_A04_1388064	1	67086738	67534610	321	-0.4545
STOPE_p_TCGAb3_58_59_60_61_62_N_GenomeWideSNP_6_A04_1388064	1	67537945	67962923	336	0.8397
STOPE_p_TCGAb3_58_59_60_61_62_N_GenomeWideSNP_6_A04_1388064	1	67964954	67968949	4	-0.3922
STOPE_p_TCGAb3_58_59_60_61_62_N_GenomeWideSNP_6_A04_1388064	1	67982220	68256297	215	0.6259
STOPE_p_TCGAb3_58_59_60_61_62_N_GenomeWideSNP_6_A04_1388064	1	68257253	69092175	472	0.0087
STOPE_p_TCGAb3_58_59_60_61_62_N_GenomeWideSNP_6_A04_1388064	1	69096483	69131987	22	0.5267
STOPE_p_TCGAb3_58_59_60_61_62_N_GenomeWideSNP_6_A04_1388064	1	69132950	69414560	139	0.8875
STOPE_p_TCGAb3_58_59_60_61_62_N_GenomeWideSNP_6_A04_1388064	1	69415578	70478837	542	0.6311
STOPE_p_TCGAb3_58_59_60_61_62_N_GenomeWideSNP_6_A04_1388064	1	70479854	70908653	283	0.8416
STOPE_p_TCGAb3_58_59_60_61_62_N_GenomeWideSNP_6_A04_1388064	1	70909022	71520274	278	0.6232
STOPE_p_TCGAb3_58_59_60_61_62_N_GenomeWideSNP_6_A04_1388064	1	71559565	71752250	123	0.3681
STOPE_p_TCGAb3_58_59_60_61_62_N_GenomeWideSNP_6_A04_1388064	1	71755230	72130516	208	-0.4786
STOPE_p_TCGAb3_58_59_60_61_62_N_GenomeWideSNP_6_A04_1388064	1	72133035	72820829	361	0.353
STOPE_p_TCGAb3_58_59_60_61_62_N_GenomeWideSNP_6_A04_1388064	1	72827628	74649707	978	-0.4581
STOPE_p_TCGAb3_58_59_60_61_62_N_GenomeWideSNP_6_A04_1388064	1	74654489	75241532	304	0.6159
STOPE_p_TCGAb3_58_59_60_61_62_N_GenomeWideSNP_6_A04_1388064	1	75243991	75248869	9	-0.3909
STOPE_p_TCGAb3_58_59_60_61_62_N_GenomeWideSNP_6_A04_1388064	1	75249570	76084796	553	0.3416
STOPE_p_TCGAb3_58_59_60_61_62_N_GenomeWideSNP_6_A04_1388064	1	76086128	76087598	3	-0.6808
STOPE_p_TCGAb3_58_59_60_61_62_N_GenomeWideSNP_6_A04_1388064	1	76091265	76326663	203	1.283
STOPE_p_TCGAb3_58_59_60_61_62_N_GenomeWideSNP_6_A04_1388064	1	76329624	76388163	44	0.3924
STOPE_p_TCGAb3_58_59_60_61_62_N_GenomeWideSNP_6_A04_1388064	1	76393816	76394134	2	-0.3646
STOPE_p_TCGAb3_58_59_60_61_62_N_GenomeWideSNP_6_A04_1388064	1	76396021	76432969	22	0.1646
STOPE_p_TCGAb3_58_59_60_61_62_N_GenomeWideSNP_6_A04_1388064	1	76433779	76434736	3	-0.4371
STOPE_p_TCGAb3_58_59_60_61_62_N_GenomeWideSNP_6_A04_1388064	1	76435133	76661061	169	0.8905
STOPE_p_TCGAb3_58_59_60_61_62_N_GenomeWideSNP_6_A04_1388064	1	76661137	77540805	535	0.3443
STOPE_p_TCGAb3_58_59_60_61_62_N_GenomeWideSNP_6_A04_1388064	1	77546183	77551886	5	-0.4249
STOPE_p_TCGAb3_58_59_60_61_62_N_GenomeWideSNP_6_A04_1388064	1	77552499	77559866	9	-0.8601
STOPE_p_TCGAb3_58_59_60_61_62_N_GenomeWideSNP_6_A04_1388064	1	77559999	77700335	47	-0.3956
STOPE_p_TCGAb3_58_59_60_61_62_N_GenomeWideSNP_6_A04_1388064	1	77709830	78099036	163	0.0141
STOPE_p_TCGAb3_58_59_60_61_62_N_GenomeWideSNP_6_A04_1388064	1	78103626	78233282	82	0.2521
STOPE_p_TCGAb3_58_59_60_61_62_N_GenomeWideSNP_6_A04_1388064	1	78233446	78429249	110	-0.4528
STOPE_p_TCGAb3_58_59_60_61_62_N_GenomeWideSNP_6_A04_1388064	1	78438018	80488900	1144	0.0178
STOPE_p_TCGAb3_58_59_60_61_62_N_GenomeWideSNP_6_A04_1388064	1	80491963	83083176	1675	0.3455
STOPE_p_TCGAb3_58_59_60_61_62_N_GenomeWideSNP_6_A04_1388064	1	83086759	83274454	85	-0.3854
STOPE_p_TCGAb3_58_59_60_61_62_N_GenomeWideSNP_6_A04_1388064	1	83274841	83293316	4	0.3876
STOPE_p_TCGAb3_58_59_60_61_62_N_GenomeWideSNP_6_A04_1388064	1	83295968	83338754	27	0.0135
STOPE_p_TCGAb3_58_59_60_61_62_N_GenomeWideSNP_6_A04_1388064	1	83347104	85178795	1248	0.3796
STOPE_p_TCGAb3_58_59_60_61_62_N_GenomeWideSNP_6_A04_1388064	1	85181798	85574424	263	-0.4741
STOPE_p_TCGAb3_58_59_60_61_62_N_GenomeWideSNP_6_A04_1388064	1	85581628	85966485	272	0.6136
STOPE_p_TCGAb3_58_59_60_61_62_N_GenomeWideSNP_6_A04_1388064	1	85966502	85996128	20	-0.4495
STOPE_p_TCGAb3_58_59_60_61_62_N_GenomeWideSNP_6_A04_1388064	1	85997467	85997957	2	-2.3837
STOPE_p_TCGAb3_58_59_60_61_62_N_GenomeWideSNP_6_A04_1388064	1	85998238	86374469	230	-0.4524
STOPE_p_TCGAb3_58_59_60_61_62_N_GenomeWideSNP_6_A04_1388064	1	86379880	86932634	282	0.3543
STOPE_p_TCGAb3_58_59_60_61_62_N_GenomeWideSNP_6_A04_1388064	1	86936504	87313534	268	0.8541
STOPE_p_TCGAb3_58_59_60_61_62_N_GenomeWideSNP_6_A04_1388064	1	87315474	87618968	219	0.0802
STOPE_p_TCGAb3_58_59_60_61_62_N_GenomeWideSNP_6_A04_1388064	1	87620469	87787080	131	0.3689
STOPE_p_TCGAb3_58_59_60_61_62_N_GenomeWideSNP_6_A04_1388064	1	87787866	87935083	154	0.657
STOPE_p_TCGAb3_58_59_60_61_62_N_GenomeWideSNP_6_A04_1388064	1	87937019	89341573	853	0.3527
STOPE_p_TCGAb3_58_59_60_61_62_N_GenomeWideSNP_6_A04_1388064	1	89342171	90173647	502	-0.4495
STOPE_p_TCGAb3_58_59_60_61_62_N_GenomeWideSNP_6_A04_1388064	1	90174453	90203657	24	0.2438
STOPE_p_TCGAb3_58_59_60_61_62_N_GenomeWideSNP_6_A04_1388064	1	90206047	90849077	444	1.3589
STOPE_p_TCGAb3_58_59_60_61_62_N_GenomeWideSNP_6_A04_1388064	1	90856057	91321022	251	0.6174
STOPE_p_TCGAb3_58_59_60_61_62_N_GenomeWideSNP_6_A04_1388064	1	91327260	91337198	24	0.2904
STOPE_p_TCGAb3_58_59_60_61_62_N_GenomeWideSNP_6_A04_1388064	1	91337226	91825124	311	0.6256
STOPE_p_TCGAb3_58_59_60_61_62_N_GenomeWideSNP_6_A04_1388064	1	91827605	91827659	2	-0.4599
STOPE_p_TCGAb3_58_59_60_61_62_N_GenomeWideSNP_6_A04_1388064	1	91828164	92848346	479	0.323
STOPE_p_TCGAb3_58_59_60_61_62_N_GenomeWideSNP_6_A04_1388064	1	92850300	92879425	15	0.9035
STOPE_p_TCGAb3_58_59_60_61_62_N_GenomeWideSNP_6_A04_1388064	1	92879898	92883770	7	-0.5615
STOPE_p_TCGAb3_58_59_60_61_62_N_GenomeWideSNP_6_A04_1388064	1	92884127	94823252	1225	0.6249
STOPE_p_TCGAb3_58_59_60_61_62_N_GenomeWideSNP_6_A04_1388064	1	94826935	95474211	465	0.3677
STOPE_p_TCGAb3_58_59_60_61_62_N_GenomeWideSNP_6_A04_1388064	1	95481678	95714889	144	1.3177
STOPE_p_TCGAb3_58_59_60_61_62_N_GenomeWideSNP_6_A04_1388064	1	95719282	96387948	407	0.1622
STOPE_p_TCGAb3_58_59_60_61_62_N_GenomeWideSNP_6_A04_1388064	1	96389291	96393649	8	0.8113
STOPE_p_TCGAb3_58_59_60_61_62_N_GenomeWideSNP_6_A04_1388064	1	96401546	96407637	10	-0.3403
STOPE_p_TCGAb3_58_59_60_61_62_N_GenomeWideSNP_6_A04_1388064	1	96407794	96418926	15	0.664
STOPE_p_TCGAb3_58_59_60_61_62_N_GenomeWideSNP_6_A04_1388064	1	96421789	96528047	68	0.2486
STOPE_p_TCGAb3_58_59_60_61_62_N_GenomeWideSNP_6_A04_1388064	1	96529672	96533823	3	0.786
STOPE_p_TCGAb3_58_59_60_61_62_N_GenomeWideSNP_6_A04_1388064	1	96535644	96792218	127	1.3446
STOPE_p_TCGAb3_58_59_60_61_62_N_GenomeWideSNP_6_A04_1388064	1	96792912	97147180	207	0.65
STOPE_p_TCGAb3_58_59_60_61_62_N_GenomeWideSNP_6_A04_1388064	1	97149202	97347439	114	1.293
STOPE_p_TCGAb3_58_59_60_61_62_N_GenomeWideSNP_6_A04_1388064	1	97355525	97913903	311	0.641
STOPE_p_TCGAb3_58_59_60_61_62_N_GenomeWideSNP_6_A04_1388064	1	97916926	98888530	490	-0.4411
STOPE_p_TCGAb3_58_59_60_61_62_N_GenomeWideSNP_6_A04_1388064	1	98888756	98951186	58	0.3853
STOPE_p_TCGAb3_58_59_60_61_62_N_GenomeWideSNP_6_A04_1388064	1	98952436	99257128	244	-0.4385
STOPE_p_TCGAb3_58_59_60_61_62_N_GenomeWideSNP_6_A04_1388064	1	99257205	99337327	71	0.6363
STOPE_p_TCGAb3_58_59_60_61_62_N_GenomeWideSNP_6_A04_1388064	1	99338362	99516232	111	0.342
STOPE_p_TCGAb3_58_59_60_61_62_N_GenomeWideSNP_6_A04_1388064	1	99516610	99617906	74	0.4966
STOPE_p_TCGAb3_58_59_60_61_62_N_GenomeWideSNP_6_A04_1388064	1	99620724	100870649	770	1.3148
STOPE_p_TCGAb3_58_59_60_61_62_N_GenomeWideSNP_6_A04_1388064	1	100872768	102190128	919	0.8561
STOPE_p_TCGAb3_58_59_60_61_62_N_GenomeWideSNP_6_A04_1388064	1	102393290	102510976	74	1.3398
STOPE_p_TCGAb3_58_59_60_61_62_N_GenomeWideSNP_6_A04_1388064	1	102511519	103977129	588	0.8457
STOPE_p_TCGAb3_58_59_60_61_62_N_GenomeWideSNP_6_A04_1388064	1	103981163	104408967	237	-0.4018
STOPE_p_TCGAb3_58_59_60_61_62_N_GenomeWideSNP_6_A04_1388064	1	104409100	104411261	3	0.3386
STOPE_p_TCGAb3_58_59_60_61_62_N_GenomeWideSNP_6_A04_1388064	1	104411922	104472630	42	0.8079
STOPE_p_TCGAb3_58_59_60_61_62_N_GenomeWideSNP_6_A04_1388064	1	104479028	104891657	150	0.3035
STOPE_p_TCGAb3_58_59_60_61_62_N_GenomeWideSNP_6_A04_1388064	1	104893864	108157474	2047	-0.4624
STOPE_p_TCGAb3_58_59_60_61_62_N_GenomeWideSNP_6_A04_1388064	1	108168646	108358141	25	0.8591
STOPE_p_TCGAb3_58_59_60_61_62_N_GenomeWideSNP_6_A04_1388064	1	108471686	109922420	699	-0.4983
STOPE_p_TCGAb3_58_59_60_61_62_N_GenomeWideSNP_6_A04_1388064	1	109927970	110181223	164	0.6147
STOPE_p_TCGAb3_58_59_60_61_62_N_GenomeWideSNP_6_A04_1388064	1	110184002	110184988	3	-0.665
STOPE_p_TCGAb3_58_59_60_61_62_N_GenomeWideSNP_6_A04_1388064	1	110187738	110531612	251	0.3187
STOPE_p_TCGAb3_58_59_60_61_62_N_GenomeWideSNP_6_A04_1388064	1	110532067	111112300	363	-0.4641
STOPE_p_TCGAb3_58_59_60_61_62_N_GenomeWideSNP_6_A04_1388064	1	111113964	111230978	84	0.3003
STOPE_p_TCGAb3_58_59_60_61_62_N_GenomeWideSNP_6_A04_1388064	1	111231208	113431641	1490	-0.4695
STOPE_p_TCGAb3_58_59_60_61_62_N_GenomeWideSNP_6_A04_1388064	1	113432504	113592511	96	0.8023
STOPE_p_TCGAb3_58_59_60_61_62_N_GenomeWideSNP_6_A04_1388064	1	113592724	114155472	305	-0.4801
STOPE_p_TCGAb3_58_59_60_61_62_N_GenomeWideSNP_6_A04_1388064	1	114158471	114315022	139	0.7806
STOPE_p_TCGAb3_58_59_60_61_62_N_GenomeWideSNP_6_A04_1388064	1	114317203	115826058	976	-0.4618
STOPE_p_TCGAb3_58_59_60_61_62_N_GenomeWideSNP_6_A04_1388064	1	115826669	116115290	214	0.6192
STOPE_p_TCGAb3_58_59_60_61_62_N_GenomeWideSNP_6_A04_1388064	1	116115362	116199102	62	1.1778
STOPE_p_TCGAb3_58_59_60_61_62_N_GenomeWideSNP_6_A04_1388064	1	116200139	116463963	192	0.3782
STOPE_p_TCGAb3_58_59_60_61_62_N_GenomeWideSNP_6_A04_1388064	1	116464971	116819123	208	-0.4813
STOPE_p_TCGAb3_58_59_60_61_62_N_GenomeWideSNP_6_A04_1388064	1	116821656	117701043	582	0.3537
STOPE_p_TCGAb3_58_59_60_61_62_N_GenomeWideSNP_6_A04_1388064	1	117704066	119733776	1167	-0.4673
STOPE_p_TCGAb3_58_59_60_61_62_N_GenomeWideSNP_6_A04_1388064	1	119737650	119804807	24	0.472
STOPE_p_TCGAb3_58_59_60_61_62_N_GenomeWideSNP_6_A04_1388064	1	119805044	149906351	120	0.846
STOPE_p_TCGAb3_58_59_60_61_62_N_GenomeWideSNP_6_A04_1388064	1	149907993	156472463	3069	0.4226
STOPE_p_TCGAb3_58_59_60_61_62_N_GenomeWideSNP_6_A04_1388064	1	156473440	183623567	18005	0.463
STOPE_p_TCGAb3_58_59_60_61_62_N_GenomeWideSNP_6_A04_1388064	1	183624193	193757206	6185	0.1654
STOPE_p_TCGAb3_58_59_60_61_62_N_GenomeWideSNP_6_A04_1388064	1	193765066	206919192	7877	0.2197
STOPE_p_TCGAb3_58_59_60_61_62_N_GenomeWideSNP_6_A04_1388064	1	206921703	207461742	351	0.1725
STOPE_p_TCGAb3_58_59_60_61_62_N_GenomeWideSNP_6_A04_1388064	1	207462444	208085723	441	0.4897
STOPE_p_TCGAb3_58_59_60_61_62_N_GenomeWideSNP_6_A04_1388064	1	208086186	208868883	655	0.2253
STOPE_p_TCGAb3_58_59_60_61_62_N_GenomeWideSNP_6_A04_1388064	1	208869826	212642373	2609	0.5169
STOPE_p_TCGAb3_58_59_60_61_62_N_GenomeWideSNP_6_A04_1388064	1	212643387	213589677	580	0.2063
STOPE_p_TCGAb3_58_59_60_61_62_N_GenomeWideSNP_6_A04_1388064	1	213590257	216760416	2227	0.5315
STOPE_p_TCGAb3_58_59_60_61_62_N_GenomeWideSNP_6_A04_1388064	1	216762639	223970818	4692	0.2262
STOPE_p_TCGAb3_58_59_60_61_62_N_GenomeWideSNP_6_A04_1388064	1	223973733	241894238	12184	0.5092
STOPE_p_TCGAb3_58_59_60_61_62_N_GenomeWideSNP_6_A04_1388064	1	241896967	241905742	9	-1.2396
STOPE_p_TCGAb3_58_59_60_61_62_N_GenomeWideSNP_6_A04_1388064	1	242024534	242504832	370	0.4902
STOPE_p_TCGAb3_58_59_60_61_62_N_GenomeWideSNP_6_A04_1388064	1	242505317	242506001	3	-0.7719
STOPE_p_TCGAb3_58_59_60_61_62_N_GenomeWideSNP_6_A04_1388064	1	242510123	247650984	2493	0.517
STOPE_p_TCGAb3_58_59_60_61_62_N_GenomeWideSNP_6_A04_1388064	2	480597	88831240	50668	-0.4564
STOPE_p_TCGAb3_58_59_60_61_62_N_GenomeWideSNP_6_A04_1388064	2	88831554	120210061	12833	-0.0302
STOPE_p_TCGAb3_58_59_60_61_62_N_GenomeWideSNP_6_A04_1388064	2	120214420	120590896	185	-0.2049
STOPE_p_TCGAb3_58_59_60_61_62_N_GenomeWideSNP_6_A04_1388064	2	120592238	150028928	15340	-0.019
STOPE_p_TCGAb3_58_59_60_61_62_N_GenomeWideSNP_6_A04_1388064	2	150029025	151684322	1163	0.0756
STOPE_p_TCGAb3_58_59_60_61_62_N_GenomeWideSNP_6_A04_1388064	2	151689114	212719694	34333	-0.0211
STOPE_p_TCGAb3_58_59_60_61_62_N_GenomeWideSNP_6_A04_1388064	2	212719871	212995938	173	-1.3631
STOPE_p_TCGAb3_58_59_60_61_62_N_GenomeWideSNP_6_A04_1388064	2	212996440	214866943	1068	-0.0439
STOPE_p_TCGAb3_58_59_60_61_62_N_GenomeWideSNP_6_A04_1388064	2	214867629	226757115	7695	-0.0123
STOPE_p_TCGAb3_58_59_60_61_62_N_GenomeWideSNP_6_A04_1388064	2	226759297	233935882	3964	-0.0542
STOPE_p_TCGAb3_58_59_60_61_62_N_GenomeWideSNP_6_A04_1388064	2	233936301	233937757	4	-1.6818
STOPE_p_TCGAb3_58_59_60_61_62_N_GenomeWideSNP_6_A04_1388064	2	233939144	236144421	1557	-0.0236
STOPE_p_TCGAb3_58_59_60_61_62_N_GenomeWideSNP_6_A04_1388064	2	236144583	236144591	2	-1.7559
STOPE_p_TCGAb3_58_59_60_61_62_N_GenomeWideSNP_6_A04_1388064	2	236144870	241537572	3158	-0.0288
STOPE_p_TCGAb3_58_59_60_61_62_N_GenomeWideSNP_6_A04_1388064	3	2170634	45929577	26196	0.0134
STOPE_p_TCGAb3_58_59_60_61_62_N_GenomeWideSNP_6_A04_1388064	3	45932372	45979726	45	0.6335
STOPE_p_TCGAb3_58_59_60_61_62_N_GenomeWideSNP_6_A04_1388064	3	45981569	66397110	11517	0.0047
STOPE_p_TCGAb3_58_59_60_61_62_N_GenomeWideSNP_6_A04_1388064	3	66402137	66402493	2	-1.6776
STOPE_p_TCGAb3_58_59_60_61_62_N_GenomeWideSNP_6_A04_1388064	3	66403217	116409279	25974	0.0093
STOPE_p_TCGAb3_58_59_60_61_62_N_GenomeWideSNP_6_A04_1388064	3	116409558	197812401	43556	0.3424
STOPE_p_TCGAb3_58_59_60_61_62_N_GenomeWideSNP_6_A04_1388064	4	1059384	177807821	98914	0.0198
STOPE_p_TCGAb3_58_59_60_61_62_N_GenomeWideSNP_6_A04_1388064	4	177812211	177952768	82	-0.5333
STOPE_p_TCGAb3_58_59_60_61_62_N_GenomeWideSNP_6_A04_1388064	4	177953114	187842528	4642	0.0204
STOPE_p_TCGAb3_58_59_60_61_62_N_GenomeWideSNP_6_A04_1388064	5	913983	1021104	52	-0.4682
STOPE_p_TCGAb3_58_59_60_61_62_N_GenomeWideSNP_6_A04_1388064	5	1287276	1325688	21	0.4644
STOPE_p_TCGAb3_58_59_60_61_62_N_GenomeWideSNP_6_A04_1388064	5	1340343	1428688	55	-0.4866
STOPE_p_TCGAb3_58_59_60_61_62_N_GenomeWideSNP_6_A04_1388064	5	1880474	1971538	54	0.3833
STOPE_p_TCGAb3_58_59_60_61_62_N_GenomeWideSNP_6_A04_1388064	5	1975347	1992841	16	-0.1655
STOPE_p_TCGAb3_58_59_60_61_62_N_GenomeWideSNP_6_A04_1388064	5	1995573	2188438	123	0.3931
STOPE_p_TCGAb3_58_59_60_61_62_N_GenomeWideSNP_6_A04_1388064	5	2188462	2229784	40	0.7014
STOPE_p_TCGAb3_58_59_60_61_62_N_GenomeWideSNP_6_A04_1388064	5	2232829	2349394	119	0.3644
STOPE_p_TCGAb3_58_59_60_61_62_N_GenomeWideSNP_6_A04_1388064	5	2353687	2367160	23	-0.481
STOPE_p_TCGAb3_58_59_60_61_62_N_GenomeWideSNP_6_A04_1388064	5	2368124	2368425	3	-3.4268
STOPE_p_TCGAb3_58_59_60_61_62_N_GenomeWideSNP_6_A04_1388064	5	2368535	2387722	25	-0.5758
STOPE_p_TCGAb3_58_59_60_61_62_N_GenomeWideSNP_6_A04_1388064	5	2388547	2429585	42	0.3516
STOPE_p_TCGAb3_58_59_60_61_62_N_GenomeWideSNP_6_A04_1388064	5	2433045	2440762	6	-0.5385
STOPE_p_TCGAb3_58_59_60_61_62_N_GenomeWideSNP_6_A04_1388064	5	2440955	2463089	16	0.1054
STOPE_p_TCGAb3_58_59_60_61_62_N_GenomeWideSNP_6_A04_1388064	5	2463744	3195328	641	-0.5363
STOPE_p_TCGAb3_58_59_60_61_62_N_GenomeWideSNP_6_A04_1388064	5	3195798	3224125	39	0.609
STOPE_p_TCGAb3_58_59_60_61_62_N_GenomeWideSNP_6_A04_1388064	5	3224502	3813112	521	0.1128
STOPE_p_TCGAb3_58_59_60_61_62_N_GenomeWideSNP_6_A04_1388064	5	3814301	4088122	205	0.4311
STOPE_p_TCGAb3_58_59_60_61_62_N_GenomeWideSNP_6_A04_1388064	5	4089386	5220513	915	0.0113
STOPE_p_TCGAb3_58_59_60_61_62_N_GenomeWideSNP_6_A04_1388064	5	5220628	6251504	890	0.3862
STOPE_p_TCGAb3_58_59_60_61_62_N_GenomeWideSNP_6_A04_1388064	5	6252816	6289474	34	-0.4462
STOPE_p_TCGAb3_58_59_60_61_62_N_GenomeWideSNP_6_A04_1388064	5	6293067	6345521	35	0.6063
STOPE_p_TCGAb3_58_59_60_61_62_N_GenomeWideSNP_6_A04_1388064	5	6347582	6359444	9	-0.649
STOPE_p_TCGAb3_58_59_60_61_62_N_GenomeWideSNP_6_A04_1388064	5	6363381	6371760	11	0.3286
STOPE_p_TCGAb3_58_59_60_61_62_N_GenomeWideSNP_6_A04_1388064	5	6384170	6929229	498	-0.4962
STOPE_p_TCGAb3_58_59_60_61_62_N_GenomeWideSNP_6_A04_1388064	5	6933092	7032913	77	0.3609
STOPE_p_TCGAb3_58_59_60_61_62_N_GenomeWideSNP_6_A04_1388064	5	7034089	7067555	17	-0.5073
STOPE_p_TCGAb3_58_59_60_61_62_N_GenomeWideSNP_6_A04_1388064	5	7070517	7498876	214	0.3341
STOPE_p_TCGAb3_58_59_60_61_62_N_GenomeWideSNP_6_A04_1388064	5	7512308	7516834	3	-0.5258
STOPE_p_TCGAb3_58_59_60_61_62_N_GenomeWideSNP_6_A04_1388064	5	7516901	8036429	433	0.0239
STOPE_p_TCGAb3_58_59_60_61_62_N_GenomeWideSNP_6_A04_1388064	5	8040435	8053127	14	-0.3388
STOPE_p_TCGAb3_58_59_60_61_62_N_GenomeWideSNP_6_A04_1388064	5	8055206	8254872	148	0.6348
STOPE_p_TCGAb3_58_59_60_61_62_N_GenomeWideSNP_6_A04_1388064	5	8259529	8271815	9	-0.4881
STOPE_p_TCGAb3_58_59_60_61_62_N_GenomeWideSNP_6_A04_1388064	5	8272941	11550300	2386	0.3639
STOPE_p_TCGAb3_58_59_60_61_62_N_GenomeWideSNP_6_A04_1388064	5	11552117	11648152	79	0.6223
STOPE_p_TCGAb3_58_59_60_61_62_N_GenomeWideSNP_6_A04_1388064	5	11655718	11666264	12	-0.5178
STOPE_p_TCGAb3_58_59_60_61_62_N_GenomeWideSNP_6_A04_1388064	5	11671932	11737129	44	-0.0124
STOPE_p_TCGAb3_58_59_60_61_62_N_GenomeWideSNP_6_A04_1388064	5	11737442	12068765	212	-0.5031
STOPE_p_TCGAb3_58_59_60_61_62_N_GenomeWideSNP_6_A04_1388064	5	12080145	12464313	205	0.5003
STOPE_p_TCGAb3_58_59_60_61_62_N_GenomeWideSNP_6_A04_1388064	5	12464651	12543680	41	0.2003
STOPE_p_TCGAb3_58_59_60_61_62_N_GenomeWideSNP_6_A04_1388064	5	12544726	12659518	71	-0.4701
STOPE_p_TCGAb3_58_59_60_61_62_N_GenomeWideSNP_6_A04_1388064	5	12669435	13243014	72	0.3061
STOPE_p_TCGAb3_58_59_60_61_62_N_GenomeWideSNP_6_A04_1388064	5	13246930	16067901	1584	0.6257
STOPE_p_TCGAb3_58_59_60_61_62_N_GenomeWideSNP_6_A04_1388064	5	16068846	16456022	265	0.3754
STOPE_p_TCGAb3_58_59_60_61_62_N_GenomeWideSNP_6_A04_1388064	5	16456500	16694418	196	0.6599
STOPE_p_TCGAb3_58_59_60_61_62_N_GenomeWideSNP_6_A04_1388064	5	16698458	16854244	90	0.4028
STOPE_p_TCGAb3_58_59_60_61_62_N_GenomeWideSNP_6_A04_1388064	5	16854596	16980083	81	-0.4377
STOPE_p_TCGAb3_58_59_60_61_62_N_GenomeWideSNP_6_A04_1388064	5	16991802	18129913	488	0.5649
STOPE_p_TCGAb3_58_59_60_61_62_N_GenomeWideSNP_6_A04_1388064	5	18131244	19167590	569	0.0295
STOPE_p_TCGAb3_58_59_60_61_62_N_GenomeWideSNP_6_A04_1388064	5	19167603	20858813	765	0.3392
STOPE_p_TCGAb3_58_59_60_61_62_N_GenomeWideSNP_6_A04_1388064	5	20877731	23784168	1555	-0.0099
STOPE_p_TCGAb3_58_59_60_61_62_N_GenomeWideSNP_6_A04_1388064	5	23786215	24864226	606	-0.4898
STOPE_p_TCGAb3_58_59_60_61_62_N_GenomeWideSNP_6_A04_1388064	5	24868308	25386413	129	-0.0105
STOPE_p_TCGAb3_58_59_60_61_62_N_GenomeWideSNP_6_A04_1388064	5	25386798	25599312	136	0.36
STOPE_p_TCGAb3_58_59_60_61_62_N_GenomeWideSNP_6_A04_1388064	5	25599728	26306303	419	0.6156
STOPE_p_TCGAb3_58_59_60_61_62_N_GenomeWideSNP_6_A04_1388064	5	26308613	26323960	12	0.338
STOPE_p_TCGAb3_58_59_60_61_62_N_GenomeWideSNP_6_A04_1388064	5	26326868	26437541	74	-0.4853
STOPE_p_TCGAb3_58_59_60_61_62_N_GenomeWideSNP_6_A04_1388064	5	26440732	26534144	46	-0.0212
STOPE_p_TCGAb3_58_59_60_61_62_N_GenomeWideSNP_6_A04_1388064	5	26534293	26545050	7	-0.3594
STOPE_p_TCGAb3_58_59_60_61_62_N_GenomeWideSNP_6_A04_1388064	5	26549354	26785263	153	0.6031
STOPE_p_TCGAb3_58_59_60_61_62_N_GenomeWideSNP_6_A04_1388064	5	26785727	27589099	429	0.0038
STOPE_p_TCGAb3_58_59_60_61_62_N_GenomeWideSNP_6_A04_1388064	5	27589862	27942881	173	-0.4955
STOPE_p_TCGAb3_58_59_60_61_62_N_GenomeWideSNP_6_A04_1388064	5	27945622	29583682	880	-0.0113
STOPE_p_TCGAb3_58_59_60_61_62_N_GenomeWideSNP_6_A04_1388064	5	29584720	30081558	307	0.3246
STOPE_p_TCGAb3_58_59_60_61_62_N_GenomeWideSNP_6_A04_1388064	5	30081590	30540766	237	0.0318
STOPE_p_TCGAb3_58_59_60_61_62_N_GenomeWideSNP_6_A04_1388064	5	30545622	30993130	303	0.3052
STOPE_p_TCGAb3_58_59_60_61_62_N_GenomeWideSNP_6_A04_1388064	5	30993189	31723223	635	0.6588
STOPE_p_TCGAb3_58_59_60_61_62_N_GenomeWideSNP_6_A04_1388064	5	31726124	31751706	29	0.0191
STOPE_p_TCGAb3_58_59_60_61_62_N_GenomeWideSNP_6_A04_1388064	5	31753028	33011861	834	-0.4825
STOPE_p_TCGAb3_58_59_60_61_62_N_GenomeWideSNP_6_A04_1388064	5	33015766	33943487	621	0.1031
STOPE_p_TCGAb3_58_59_60_61_62_N_GenomeWideSNP_6_A04_1388064	5	33944112	35689879	602	0.5653
STOPE_p_TCGAb3_58_59_60_61_62_N_GenomeWideSNP_6_A04_1388064	5	35690295	36029816	280	0.8077
STOPE_p_TCGAb3_58_59_60_61_62_N_GenomeWideSNP_6_A04_1388064	5	36030167	36988020	625	0.5224
STOPE_p_TCGAb3_58_59_60_61_62_N_GenomeWideSNP_6_A04_1388064	5	36988448	38007940	424	0.1415
STOPE_p_TCGAb3_58_59_60_61_62_N_GenomeWideSNP_6_A04_1388064	5	38009108	40379587	1686	0.4301
STOPE_p_TCGAb3_58_59_60_61_62_N_GenomeWideSNP_6_A04_1388064	5	40389511	41553361	743	0.1058
STOPE_p_TCGAb3_58_59_60_61_62_N_GenomeWideSNP_6_A04_1388064	5	41555056	41773781	118	0.4447
STOPE_p_TCGAb3_58_59_60_61_62_N_GenomeWideSNP_6_A04_1388064	5	41774191	43910402	1038	0.1481
STOPE_p_TCGAb3_58_59_60_61_62_N_GenomeWideSNP_6_A04_1388064	5	43910646	43921933	5	-0.9582
STOPE_p_TCGAb3_58_59_60_61_62_N_GenomeWideSNP_6_A04_1388064	5	43928532	43972347	17	0.062
STOPE_p_TCGAb3_58_59_60_61_62_N_GenomeWideSNP_6_A04_1388064	5	43975773	44936818	433	-0.4622
STOPE_p_TCGAb3_58_59_60_61_62_N_GenomeWideSNP_6_A04_1388064	5	44941590	45383300	157	0.124
STOPE_p_TCGAb3_58_59_60_61_62_N_GenomeWideSNP_6_A04_1388064	5	50828231	107702650	30291	-0.4511
STOPE_p_TCGAb3_58_59_60_61_62_N_GenomeWideSNP_6_A04_1388064	5	107703113	107706486	6	2.6506
STOPE_p_TCGAb3_58_59_60_61_62_N_GenomeWideSNP_6_A04_1388064	5	107709008	107736485	21	-0.5011
STOPE_p_TCGAb3_58_59_60_61_62_N_GenomeWideSNP_6_A04_1388064	5	107737792	107797498	70	2.5831
STOPE_p_TCGAb3_58_59_60_61_62_N_GenomeWideSNP_6_A04_1388064	5	107798084	107824493	37	-0.2702
STOPE_p_TCGAb3_58_59_60_61_62_N_GenomeWideSNP_6_A04_1388064	5	107828840	107935717	81	2.5938
STOPE_p_TCGAb3_58_59_60_61_62_N_GenomeWideSNP_6_A04_1388064	5	107937922	107953023	15	-0.4016
STOPE_p_TCGAb3_58_59_60_61_62_N_GenomeWideSNP_6_A04_1388064	5	107958083	108018305	69	2.5288
STOPE_p_TCGAb3_58_59_60_61_62_N_GenomeWideSNP_6_A04_1388064	5	108026669	108059533	22	-0.5205
STOPE_p_TCGAb3_58_59_60_61_62_N_GenomeWideSNP_6_A04_1388064	5	108060413	110494134	1365	2.6742
STOPE_p_TCGAb3_58_59_60_61_62_N_GenomeWideSNP_6_A04_1388064	5	110496612	110568461	39	-0.4446
STOPE_p_TCGAb3_58_59_60_61_62_N_GenomeWideSNP_6_A04_1388064	5	110576208	110609432	17	2.7954
STOPE_p_TCGAb3_58_59_60_61_62_N_GenomeWideSNP_6_A04_1388064	5	110623071	110623105	2	-0.1566
STOPE_p_TCGAb3_58_59_60_61_62_N_GenomeWideSNP_6_A04_1388064	5	110627489	175919594	40834	-0.4571
STOPE_p_TCGAb3_58_59_60_61_62_N_GenomeWideSNP_6_A04_1388064	5	175919625	180934240	2061	-0.0102
STOPE_p_TCGAb3_58_59_60_61_62_N_GenomeWideSNP_6_A04_1388064	6	1011760	57347009	34200	0.8378
STOPE_p_TCGAb3_58_59_60_61_62_N_GenomeWideSNP_6_A04_1388064	6	61524627	62364572	336	0.0102
STOPE_p_TCGAb3_58_59_60_61_62_N_GenomeWideSNP_6_A04_1388064	6	62368666	132255835	39494	-0.4691
STOPE_p_TCGAb3_58_59_60_61_62_N_GenomeWideSNP_6_A04_1388064	6	132257574	132258158	3	-2.1042
STOPE_p_TCGAb3_58_59_60_61_62_N_GenomeWideSNP_6_A04_1388064	6	132258479	148332058	9993	-0.4696
STOPE_p_TCGAb3_58_59_60_61_62_N_GenomeWideSNP_6_A04_1388064	6	148338508	170596889	13209	0.371
STOPE_p_TCGAb3_58_59_60_61_62_N_GenomeWideSNP_6_A04_1388064	7	664936	1618869	199	0.3504
STOPE_p_TCGAb3_58_59_60_61_62_N_GenomeWideSNP_6_A04_1388064	7	1625264	1627744	2	-1.1676
STOPE_p_TCGAb3_58_59_60_61_62_N_GenomeWideSNP_6_A04_1388064	7	1632904	21590071	10449	0.3525
STOPE_p_TCGAb3_58_59_60_61_62_N_GenomeWideSNP_6_A04_1388064	7	21590462	21834739	223	0.6054
STOPE_p_TCGAb3_58_59_60_61_62_N_GenomeWideSNP_6_A04_1388064	7	21836577	36574465	9825	0.3613
STOPE_p_TCGAb3_58_59_60_61_62_N_GenomeWideSNP_6_A04_1388064	7	36581072	36612402	25	0.8717
STOPE_p_TCGAb3_58_59_60_61_62_N_GenomeWideSNP_6_A04_1388064	7	36613905	49482816	8097	0.3627
STOPE_p_TCGAb3_58_59_60_61_62_N_GenomeWideSNP_6_A04_1388064	7	49484592	78237173	10629	0.3297
STOPE_p_TCGAb3_58_59_60_61_62_N_GenomeWideSNP_6_A04_1388064	7	78237183	140075275	33238	0.3583
STOPE_p_TCGAb3_58_59_60_61_62_N_GenomeWideSNP_6_A04_1388064	7	140076558	155942187	8056	0.3287
STOPE_p_TCGAb3_58_59_60_61_62_N_GenomeWideSNP_6_A04_1388064	7	155942499	158592540	1385	0.3583
STOPE_p_TCGAb3_58_59_60_61_62_N_GenomeWideSNP_6_A04_1388064	8	667625	11451605	5059	-0.3485
STOPE_p_TCGAb3_58_59_60_61_62_N_GenomeWideSNP_6_A04_1388064	8	11451768	11452503	6	-3.1768
STOPE_p_TCGAb3_58_59_60_61_62_N_GenomeWideSNP_6_A04_1388064	8	11465488	39591668	17811	-0.3288
STOPE_p_TCGAb3_58_59_60_61_62_N_GenomeWideSNP_6_A04_1388064	8	39592543	43078229	2219	0.0841
STOPE_p_TCGAb3_58_59_60_61_62_N_GenomeWideSNP_6_A04_1388064	8	43080575	47388216	310	0.3318
STOPE_p_TCGAb3_58_59_60_61_62_N_GenomeWideSNP_6_A04_1388064	8	47390943	144182542	56838	0.0243
STOPE_p_TCGAb3_58_59_60_61_62_N_GenomeWideSNP_6_A04_1388064	9	789794	21986219	13647	-0.4718
STOPE_p_TCGAb3_58_59_60_61_62_N_GenomeWideSNP_6_A04_1388064	9	21988393	22259422	208	-3.3039
STOPE_p_TCGAb3_58_59_60_61_62_N_GenomeWideSNP_6_A04_1388064	9	22259605	22272138	3	-1.2424
STOPE_p_TCGAb3_58_59_60_61_62_N_GenomeWideSNP_6_A04_1388064	9	22280645	23017815	461	1.1238
STOPE_p_TCGAb3_58_59_60_61_62_N_GenomeWideSNP_6_A04_1388064	9	23024529	24573544	975	0.3125
STOPE_p_TCGAb3_58_59_60_61_62_N_GenomeWideSNP_6_A04_1388064	9	24574638	31193237	3590	-0.468
STOPE_p_TCGAb3_58_59_60_61_62_N_GenomeWideSNP_6_A04_1388064	9	31195001	31196130	2	2.2162
STOPE_p_TCGAb3_58_59_60_61_62_N_GenomeWideSNP_6_A04_1388064	9	31196220	110061538	32732	-0.4734
STOPE_p_TCGAb3_58_59_60_61_62_N_GenomeWideSNP_6_A04_1388064	9	110069252	110069674	4	1.2119
STOPE_p_TCGAb3_58_59_60_61_62_N_GenomeWideSNP_6_A04_1388064	9	110069920	110379358	153	1.9636
STOPE_p_TCGAb3_58_59_60_61_62_N_GenomeWideSNP_6_A04_1388064	9	110379535	111182787	652	1.742
STOPE_p_TCGAb3_58_59_60_61_62_N_GenomeWideSNP_6_A04_1388064	9	111183649	111659099	339	2.5791
STOPE_p_TCGAb3_58_59_60_61_62_N_GenomeWideSNP_6_A04_1388064	9	111659328	111729144	39	2.2798
STOPE_p_TCGAb3_58_59_60_61_62_N_GenomeWideSNP_6_A04_1388064	9	111731908	111882526	103	1.7969
STOPE_p_TCGAb3_58_59_60_61_62_N_GenomeWideSNP_6_A04_1388064	9	111882797	112929633	552	2.2547
STOPE_p_TCGAb3_58_59_60_61_62_N_GenomeWideSNP_6_A04_1388064	9	112931310	112942342	13	1.6907
STOPE_p_TCGAb3_58_59_60_61_62_N_GenomeWideSNP_6_A04_1388064	9	112951736	114720979	1189	0.8362
STOPE_p_TCGAb3_58_59_60_61_62_N_GenomeWideSNP_6_A04_1388064	9	114724718	115221124	421	0.6362
STOPE_p_TCGAb3_58_59_60_61_62_N_GenomeWideSNP_6_A04_1388064	9	115225336	115316520	65	0.7828
STOPE_p_TCGAb3_58_59_60_61_62_N_GenomeWideSNP_6_A04_1388064	9	115320797	116194285	500	0.3266
STOPE_p_TCGAb3_58_59_60_61_62_N_GenomeWideSNP_6_A04_1388064	9	116194288	116194624	3	-0.9869
STOPE_p_TCGAb3_58_59_60_61_62_N_GenomeWideSNP_6_A04_1388064	9	116195003	117417143	1036	0.3284
STOPE_p_TCGAb3_58_59_60_61_62_N_GenomeWideSNP_6_A04_1388064	9	117417308	122108437	3349	-0.0021
STOPE_p_TCGAb3_58_59_60_61_62_N_GenomeWideSNP_6_A04_1388064	9	122109043	122109237	2	-1.3999
STOPE_p_TCGAb3_58_59_60_61_62_N_GenomeWideSNP_6_A04_1388064	9	122111193	123020343	578	-0.0196
STOPE_p_TCGAb3_58_59_60_61_62_N_GenomeWideSNP_6_A04_1388064	9	123024298	123032393	7	-0.777
STOPE_p_TCGAb3_58_59_60_61_62_N_GenomeWideSNP_6_A04_1388064	9	123034110	125144468	1234	-0.0109
STOPE_p_TCGAb3_58_59_60_61_62_N_GenomeWideSNP_6_A04_1388064	9	125146027	125232488	49	-0.503
STOPE_p_TCGAb3_58_59_60_61_62_N_GenomeWideSNP_6_A04_1388064	9	125235024	125317058	21	-0.0494
STOPE_p_TCGAb3_58_59_60_61_62_N_GenomeWideSNP_6_A04_1388064	9	125321677	125859953	310	-0.5054
STOPE_p_TCGAb3_58_59_60_61_62_N_GenomeWideSNP_6_A04_1388064	9	125861243	129748087	2058	-0.0307
STOPE_p_TCGAb3_58_59_60_61_62_N_GenomeWideSNP_6_A04_1388064	9	129748920	129752610	2	-2.1419
STOPE_p_TCGAb3_58_59_60_61_62_N_GenomeWideSNP_6_A04_1388064	9	129755222	130554754	430	-0.0118
STOPE_p_TCGAb3_58_59_60_61_62_N_GenomeWideSNP_6_A04_1388064	9	130555012	130555641	3	-1.0701
STOPE_p_TCGAb3_58_59_60_61_62_N_GenomeWideSNP_6_A04_1388064	9	130555705	131412159	608	0.0011
STOPE_p_TCGAb3_58_59_60_61_62_N_GenomeWideSNP_6_A04_1388064	9	131414521	131415894	2	-2.0888
STOPE_p_TCGAb3_58_59_60_61_62_N_GenomeWideSNP_6_A04_1388064	9	131416783	133221239	1249	-0.0294
STOPE_p_TCGAb3_58_59_60_61_62_N_GenomeWideSNP_6_A04_1388064	9	133226812	138044505	1871	-0.5357
STOPE_p_TCGAb3_58_59_60_61_62_N_GenomeWideSNP_6_A04_1388064	10	366509	16991152	12235	0.0066
STOPE_p_TCGAb3_58_59_60_61_62_N_GenomeWideSNP_6_A04_1388064	10	16991430	26838957	6534	-0.4746
STOPE_p_TCGAb3_58_59_60_61_62_N_GenomeWideSNP_6_A04_1388064	10	26839620	35651019	5766	0.0202
STOPE_p_TCGAb3_58_59_60_61_62_N_GenomeWideSNP_6_A04_1388064	10	35653643	44264083	2991	-0.0207
STOPE_p_TCGAb3_58_59_60_61_62_N_GenomeWideSNP_6_A04_1388064	10	44274500	47326961	1015	0.3577
STOPE_p_TCGAb3_58_59_60_61_62_N_GenomeWideSNP_6_A04_1388064	10	47327024	49311152	938	-4e-04
STOPE_p_TCGAb3_58_59_60_61_62_N_GenomeWideSNP_6_A04_1388064	10	49311461	56265054	3596	-0.4548
STOPE_p_TCGAb3_58_59_60_61_62_N_GenomeWideSNP_6_A04_1388064	10	56271082	56294609	20	0.042
STOPE_p_TCGAb3_58_59_60_61_62_N_GenomeWideSNP_6_A04_1388064	10	56299703	63005121	4514	-0.4514
STOPE_p_TCGAb3_58_59_60_61_62_N_GenomeWideSNP_6_A04_1388064	10	63005820	65078020	1228	-0.0134
STOPE_p_TCGAb3_58_59_60_61_62_N_GenomeWideSNP_6_A04_1388064	10	65081869	110218965	27205	-0.4624
STOPE_p_TCGAb3_58_59_60_61_62_N_GenomeWideSNP_6_A04_1388064	10	110229567	111924570	1243	0.0346
STOPE_p_TCGAb3_58_59_60_61_62_N_GenomeWideSNP_6_A04_1388064	10	111927956	133411599	14034	-0.4802
STOPE_p_TCGAb3_58_59_60_61_62_N_GenomeWideSNP_6_A04_1388064	11	456012	56244856	30773	0.0022
STOPE_p_TCGAb3_58_59_60_61_62_N_GenomeWideSNP_6_A04_1388064	11	56246322	79550983	11449	0.3424
STOPE_p_TCGAb3_58_59_60_61_62_N_GenomeWideSNP_6_A04_1388064	11	79558953	93727895	8410	0.0128
STOPE_p_TCGAb3_58_59_60_61_62_N_GenomeWideSNP_6_A04_1388064	11	93729441	93730568	3	-1.1267
STOPE_p_TCGAb3_58_59_60_61_62_N_GenomeWideSNP_6_A04_1388064	11	93732757	106069379	8066	0.0257
STOPE_p_TCGAb3_58_59_60_61_62_N_GenomeWideSNP_6_A04_1388064	11	106080079	113968199	4840	-1.2176
STOPE_p_TCGAb3_58_59_60_61_62_N_GenomeWideSNP_6_A04_1388064	11	113970039	113971643	3	-6.2095
STOPE_p_TCGAb3_58_59_60_61_62_N_GenomeWideSNP_6_A04_1388064	11	113971757	118178004	3018	-1.3172
STOPE_p_TCGAb3_58_59_60_61_62_N_GenomeWideSNP_6_A04_1388064	11	118182056	119529540	824	-0.0019
STOPE_p_TCGAb3_58_59_60_61_62_N_GenomeWideSNP_6_A04_1388064	11	119535513	132942041	9600	-1.2721
STOPE_p_TCGAb3_58_59_60_61_62_N_GenomeWideSNP_6_A04_1388064	11	132945318	134272740	487	0.0115
STOPE_p_TCGAb3_58_59_60_61_62_N_GenomeWideSNP_6_A04_1388064	12	780472	9688328	4813	-0.4846
STOPE_p_TCGAb3_58_59_60_61_62_N_GenomeWideSNP_6_A04_1388064	12	9688768	32163685	14147	-0.4507
STOPE_p_TCGAb3_58_59_60_61_62_N_GenomeWideSNP_6_A04_1388064	12	32167896	32167978	2	-3.1623
STOPE_p_TCGAb3_58_59_60_61_62_N_GenomeWideSNP_6_A04_1388064	12	32170902	103267075	38884	-0.4563
STOPE_p_TCGAb3_58_59_60_61_62_N_GenomeWideSNP_6_A04_1388064	12	103269280	132605822	16439	-0.4867
STOPE_p_TCGAb3_58_59_60_61_62_N_GenomeWideSNP_6_A04_1388064	13	18874255	85274155	38621	0.4036
STOPE_p_TCGAb3_58_59_60_61_62_N_GenomeWideSNP_6_A04_1388064	13	85275996	85276209	2	-1.3868
STOPE_p_TCGAb3_58_59_60_61_62_N_GenomeWideSNP_6_A04_1388064	13	85276509	114226675	18506	0.4018
STOPE_p_TCGAb3_58_59_60_61_62_N_GenomeWideSNP_6_A04_1388064	14	20033191	41270537	11580	0.3612
STOPE_p_TCGAb3_58_59_60_61_62_N_GenomeWideSNP_6_A04_1388064	14	41271770	41532108	171	0.0133
STOPE_p_TCGAb3_58_59_60_61_62_N_GenomeWideSNP_6_A04_1388064	14	41535586	64212580	12783	0.3604
STOPE_p_TCGAb3_58_59_60_61_62_N_GenomeWideSNP_6_A04_1388064	14	64213029	92861276	17779	0.3357
STOPE_p_TCGAb3_58_59_60_61_62_N_GenomeWideSNP_6_A04_1388064	14	92865389	105533894	7519	0.3493
STOPE_p_TCGAb3_58_59_60_61_62_N_GenomeWideSNP_6_A04_1388064	15	23437561	89415911	37527	0.0023
STOPE_p_TCGAb3_58_59_60_61_62_N_GenomeWideSNP_6_A04_1388064	15	89417281	89417629	3	-1.3232
STOPE_p_TCGAb3_58_59_60_61_62_N_GenomeWideSNP_6_A04_1388064	15	89421400	101344124	7317	0.0031
STOPE_p_TCGAb3_58_59_60_61_62_N_GenomeWideSNP_6_A04_1388064	16	603333	89317317	41258	-0.0043
STOPE_p_TCGAb3_58_59_60_61_62_N_GenomeWideSNP_6_A04_1388064	17	1074619	28656909	10549	-0.5071
STOPE_p_TCGAb3_58_59_60_61_62_N_GenomeWideSNP_6_A04_1388064	17	28658231	28992152	127	1.2402
STOPE_p_TCGAb3_58_59_60_61_62_N_GenomeWideSNP_6_A04_1388064	17	28992154	29082720	57	0.9014
STOPE_p_TCGAb3_58_59_60_61_62_N_GenomeWideSNP_6_A04_1388064	17	29083908	29147221	32	1.2823
STOPE_p_TCGAb3_58_59_60_61_62_N_GenomeWideSNP_6_A04_1388064	17	29149696	29353857	102	0.9273
STOPE_p_TCGAb3_58_59_60_61_62_N_GenomeWideSNP_6_A04_1388064	17	29357114	35965944	2976	-0.5016
STOPE_p_TCGAb3_58_59_60_61_62_N_GenomeWideSNP_6_A04_1388064	17	35965973	35984351	10	-1.4554
STOPE_p_TCGAb3_58_59_60_61_62_N_GenomeWideSNP_6_A04_1388064	17	35985117	47194955	4398	-0.4886
STOPE_p_TCGAb3_58_59_60_61_62_N_GenomeWideSNP_6_A04_1388064	17	47201424	76598042	16414	0.6192
STOPE_p_TCGAb3_58_59_60_61_62_N_GenomeWideSNP_6_A04_1388064	17	76600300	76600320	2	2.1031
STOPE_p_TCGAb3_58_59_60_61_62_N_GenomeWideSNP_6_A04_1388064	17	76601380	82959812	2634	0.6134
STOPE_p_TCGAb3_58_59_60_61_62_N_GenomeWideSNP_6_A04_1388064	18	326691	7224418	3544	0.3335
STOPE_p_TCGAb3_58_59_60_61_62_N_GenomeWideSNP_6_A04_1388064	18	7226507	7256654	19	-0.4569
STOPE_p_TCGAb3_58_59_60_61_62_N_GenomeWideSNP_6_A04_1388064	18	7259120	8365523	785	0.341
STOPE_p_TCGAb3_58_59_60_61_62_N_GenomeWideSNP_6_A04_1388064	18	8369610	8461103	77	0.8357
STOPE_p_TCGAb3_58_59_60_61_62_N_GenomeWideSNP_6_A04_1388064	18	8462751	79349796	38607	0.3461
STOPE_p_TCGAb3_58_59_60_61_62_N_GenomeWideSNP_6_A04_1388064	19	283868	8735089	2659	-0.0306
STOPE_p_TCGAb3_58_59_60_61_62_N_GenomeWideSNP_6_A04_1388064	19	8735270	9561864	487	0.2508
STOPE_p_TCGAb3_58_59_60_61_62_N_GenomeWideSNP_6_A04_1388064	19	9565830	14055856	1921	-0.0342
STOPE_p_TCGAb3_58_59_60_61_62_N_GenomeWideSNP_6_A04_1388064	19	14059611	14171647	19	0.499
STOPE_p_TCGAb3_58_59_60_61_62_N_GenomeWideSNP_6_A04_1388064	19	14172016	19836130	2668	-0.0372
STOPE_p_TCGAb3_58_59_60_61_62_N_GenomeWideSNP_6_A04_1388064	19	21064698	22345249	531	0.2733
STOPE_p_TCGAb3_58_59_60_61_62_N_GenomeWideSNP_6_A04_1388064	19	22449343	22805326	196	0.5629
STOPE_p_TCGAb3_58_59_60_61_62_N_GenomeWideSNP_6_A04_1388064	19	22808784	23621684	441	0.2915
STOPE_p_TCGAb3_58_59_60_61_62_N_GenomeWideSNP_6_A04_1388064	19	23626097	47898254	10949	-0.0225
STOPE_p_TCGAb3_58_59_60_61_62_N_GenomeWideSNP_6_A04_1388064	19	47959373	48712807	430	0.3517
STOPE_p_TCGAb3_58_59_60_61_62_N_GenomeWideSNP_6_A04_1388064	19	48718703	50088980	386	-0.005
STOPE_p_TCGAb3_58_59_60_61_62_N_GenomeWideSNP_6_A04_1388064	19	50088990	58370362	3551	0.2966
STOPE_p_TCGAb3_58_59_60_61_62_N_GenomeWideSNP_6_A04_1388064	20	472817	15455357	9278	0.0086
STOPE_p_TCGAb3_58_59_60_61_62_N_GenomeWideSNP_6_A04_1388064	20	15462801	15556853	106	0.7373
STOPE_p_TCGAb3_58_59_60_61_62_N_GenomeWideSNP_6_A04_1388064	20	15557599	15761585	206	1.1122
STOPE_p_TCGAb3_58_59_60_61_62_N_GenomeWideSNP_6_A04_1388064	20	15762297	16623344	805	1.3617
STOPE_p_TCGAb3_58_59_60_61_62_N_GenomeWideSNP_6_A04_1388064	20	16624059	16678384	66	0.9579
STOPE_p_TCGAb3_58_59_60_61_62_N_GenomeWideSNP_6_A04_1388064	20	16679340	19372881	2138	0.4085
STOPE_p_TCGAb3_58_59_60_61_62_N_GenomeWideSNP_6_A04_1388064	20	19373799	21682776	1706	0.5037
STOPE_p_TCGAb3_58_59_60_61_62_N_GenomeWideSNP_6_A04_1388064	20	21683406	22145294	267	0.3253
STOPE_p_TCGAb3_58_59_60_61_62_N_GenomeWideSNP_6_A04_1388064	20	22146192	23141444	838	-0.0092
STOPE_p_TCGAb3_58_59_60_61_62_N_GenomeWideSNP_6_A04_1388064	20	23143289	63588502	22224	0.3312
STOPE_p_TCGAb3_58_59_60_61_62_N_GenomeWideSNP_6_A04_1388064	21	13974127	46262057	20799	0.0019
STOPE_p_TCGAb3_58_59_60_61_62_N_GenomeWideSNP_6_A04_1388064	22	16934932	48371085	16595	-0.5103
STOPE_p_TCGAb3_58_59_60_61_62_N_GenomeWideSNP_6_A04_1388064	22	48371099	48372384	2	-3.0589
STOPE_p_TCGAb3_58_59_60_61_62_N_GenomeWideSNP_6_A04_1388064	22	48375044	48671614	231	-0.5627
STOPE_p_TCGAb3_58_59_60_61_62_N_GenomeWideSNP_6_A04_1388064	22	48671713	48675956	2	-3.29
STOPE_p_TCGAb3_58_59_60_61_62_N_GenomeWideSNP_6_A04_1388064	22	48685333	48940621	191	-0.5063
STOPE_p_TCGAb3_58_59_60_61_62_N_GenomeWideSNP_6_A04_1388064	X	3236359	155677414	64173	-0.0011
