Sample	Chromosome	Start	End	Num_Probes	Segment_Mean
ALANG_p_TCGA_180_SNP_1N_GenomeWideSNP_6_D07_895884	1	3301765	3827520	273	0.1942
ALANG_p_TCGA_180_SNP_1N_GenomeWideSNP_6_D07_895884	1	3827697	25870572	12214	0.2527
ALANG_p_TCGA_180_SNP_1N_GenomeWideSNP_6_D07_895884	1	25871185	27202544	524	0.0783
ALANG_p_TCGA_180_SNP_1N_GenomeWideSNP_6_D07_895884	1	27214735	62517760	20327	0.2652
ALANG_p_TCGA_180_SNP_1N_GenomeWideSNP_6_D07_895884	1	62520852	65277440	2035	0.1586
ALANG_p_TCGA_180_SNP_1N_GenomeWideSNP_6_D07_895884	1	65279246	94748168	17911	0.296
ALANG_p_TCGA_180_SNP_1N_GenomeWideSNP_6_D07_895884	1	94751663	94753478	2	-1.0054
ALANG_p_TCGA_180_SNP_1N_GenomeWideSNP_6_D07_895884	1	94754605	97138481	1505	0.3012
ALANG_p_TCGA_180_SNP_1N_GenomeWideSNP_6_D07_895884	1	97142554	98657683	791	0.1505
ALANG_p_TCGA_180_SNP_1N_GenomeWideSNP_6_D07_895884	1	98663947	114360529	9180	0.2959
ALANG_p_TCGA_180_SNP_1N_GenomeWideSNP_6_D07_895884	1	114361241	114363458	2	-1.0855
ALANG_p_TCGA_180_SNP_1N_GenomeWideSNP_6_D07_895884	1	114363970	119984772	3517	0.2858
ALANG_p_TCGA_180_SNP_1N_GenomeWideSNP_6_D07_895884	1	149906351	183688913	21116	-0.4064
ALANG_p_TCGA_180_SNP_1N_GenomeWideSNP_6_D07_895884	1	183688964	197528279	8119	-0.3645
ALANG_p_TCGA_180_SNP_1N_GenomeWideSNP_6_D07_895884	1	197534902	199577780	1266	-0.1713
ALANG_p_TCGA_180_SNP_1N_GenomeWideSNP_6_D07_895884	1	199579140	200098941	280	-0.3749
ALANG_p_TCGA_180_SNP_1N_GenomeWideSNP_6_D07_895884	1	200100088	200166271	71	0.7339
ALANG_p_TCGA_180_SNP_1N_GenomeWideSNP_6_D07_895884	1	200166436	200539440	283	0.573
ALANG_p_TCGA_180_SNP_1N_GenomeWideSNP_6_D07_895884	1	200555289	209809636	6206	-0.3819
ALANG_p_TCGA_180_SNP_1N_GenomeWideSNP_6_D07_895884	1	209809745	242235812	21727	-0.1842
ALANG_p_TCGA_180_SNP_1N_GenomeWideSNP_6_D07_895884	1	242237011	242237927	2	-1.5157
ALANG_p_TCGA_180_SNP_1N_GenomeWideSNP_6_D07_895884	1	242237961	247650984	2701	-0.1837
ALANG_p_TCGA_180_SNP_1N_GenomeWideSNP_6_D07_895884	2	480597	143097414	75465	-0.2174
ALANG_p_TCGA_180_SNP_1N_GenomeWideSNP_6_D07_895884	2	143107279	191664669	27870	-0.1975
ALANG_p_TCGA_180_SNP_1N_GenomeWideSNP_6_D07_895884	2	191665740	191703186	22	-0.7618
ALANG_p_TCGA_180_SNP_1N_GenomeWideSNP_6_D07_895884	2	191703338	196833011	2160	-0.1925
ALANG_p_TCGA_180_SNP_1N_GenomeWideSNP_6_D07_895884	2	196836237	196839324	2	-1.6209
ALANG_p_TCGA_180_SNP_1N_GenomeWideSNP_6_D07_895884	2	196843988	215781635	11053	-0.2012
ALANG_p_TCGA_180_SNP_1N_GenomeWideSNP_6_D07_895884	2	215784438	228829365	8358	-0.2192
ALANG_p_TCGA_180_SNP_1N_GenomeWideSNP_6_D07_895884	2	228833766	228850237	11	-2.8277
ALANG_p_TCGA_180_SNP_1N_GenomeWideSNP_6_D07_895884	2	228856330	241537572	7423	-0.2305
ALANG_p_TCGA_180_SNP_1N_GenomeWideSNP_6_D07_895884	3	2170634	10979316	5211	0.4665
ALANG_p_TCGA_180_SNP_1N_GenomeWideSNP_6_D07_895884	3	10979411	67364906	33280	0.1034
ALANG_p_TCGA_180_SNP_1N_GenomeWideSNP_6_D07_895884	3	67365439	121365607	28322	0.1196
ALANG_p_TCGA_180_SNP_1N_GenomeWideSNP_6_D07_895884	3	121365620	130416162	5081	0.101
ALANG_p_TCGA_180_SNP_1N_GenomeWideSNP_6_D07_895884	3	130416226	130416240	2	-1.3647
ALANG_p_TCGA_180_SNP_1N_GenomeWideSNP_6_D07_895884	3	130416596	140635195	6061	0.0948
ALANG_p_TCGA_180_SNP_1N_GenomeWideSNP_6_D07_895884	3	140639287	174950952	17592	0.2423
ALANG_p_TCGA_180_SNP_1N_GenomeWideSNP_6_D07_895884	3	174951217	174951976	3	-1.4038
ALANG_p_TCGA_180_SNP_1N_GenomeWideSNP_6_D07_895884	3	174958616	197812401	11803	0.2264
ALANG_p_TCGA_180_SNP_1N_GenomeWideSNP_6_D07_895884	4	1059384	2369365	458	1.0144
ALANG_p_TCGA_180_SNP_1N_GenomeWideSNP_6_D07_895884	4	2369382	3277723	430	0.8772
ALANG_p_TCGA_180_SNP_1N_GenomeWideSNP_6_D07_895884	4	3278365	3873169	242	0.977
ALANG_p_TCGA_180_SNP_1N_GenomeWideSNP_6_D07_895884	4	4182563	4615378	332	0.7644
ALANG_p_TCGA_180_SNP_1N_GenomeWideSNP_6_D07_895884	4	4616029	4806658	151	0.907
ALANG_p_TCGA_180_SNP_1N_GenomeWideSNP_6_D07_895884	4	4807057	5348422	395	0.8059
ALANG_p_TCGA_180_SNP_1N_GenomeWideSNP_6_D07_895884	4	5348623	5677016	291	0.608
ALANG_p_TCGA_180_SNP_1N_GenomeWideSNP_6_D07_895884	4	5677761	7130638	1031	0.7945
ALANG_p_TCGA_180_SNP_1N_GenomeWideSNP_6_D07_895884	4	7131097	7899955	590	0.6981
ALANG_p_TCGA_180_SNP_1N_GenomeWideSNP_6_D07_895884	4	7901176	8586491	382	0.6095
ALANG_p_TCGA_180_SNP_1N_GenomeWideSNP_6_D07_895884	4	8586548	11224200	1322	0.4487
ALANG_p_TCGA_180_SNP_1N_GenomeWideSNP_6_D07_895884	4	11225255	12385029	856	0.5223
ALANG_p_TCGA_180_SNP_1N_GenomeWideSNP_6_D07_895884	4	12385300	12501590	57	0.3195
ALANG_p_TCGA_180_SNP_1N_GenomeWideSNP_6_D07_895884	4	12502342	16766198	3141	0.5328
ALANG_p_TCGA_180_SNP_1N_GenomeWideSNP_6_D07_895884	4	16766955	17026325	171	0.586
ALANG_p_TCGA_180_SNP_1N_GenomeWideSNP_6_D07_895884	4	17028780	18026538	737	0.7551
ALANG_p_TCGA_180_SNP_1N_GenomeWideSNP_6_D07_895884	4	18027477	18912082	552	0.6233
ALANG_p_TCGA_180_SNP_1N_GenomeWideSNP_6_D07_895884	4	18913395	19134254	153	0.7424
ALANG_p_TCGA_180_SNP_1N_GenomeWideSNP_6_D07_895884	4	19135272	21222386	1284	0.6033
ALANG_p_TCGA_180_SNP_1N_GenomeWideSNP_6_D07_895884	4	21223366	21607455	289	0.3425
ALANG_p_TCGA_180_SNP_1N_GenomeWideSNP_6_D07_895884	4	21610038	22197696	410	0.5947
ALANG_p_TCGA_180_SNP_1N_GenomeWideSNP_6_D07_895884	4	22198354	22411932	137	0.3586
ALANG_p_TCGA_180_SNP_1N_GenomeWideSNP_6_D07_895884	4	22412424	23163660	368	0.4752
ALANG_p_TCGA_180_SNP_1N_GenomeWideSNP_6_D07_895884	4	23165018	24870332	1207	0.3779
ALANG_p_TCGA_180_SNP_1N_GenomeWideSNP_6_D07_895884	4	24870642	26237052	956	0.315
ALANG_p_TCGA_180_SNP_1N_GenomeWideSNP_6_D07_895884	4	26247922	27120385	454	0.4005
ALANG_p_TCGA_180_SNP_1N_GenomeWideSNP_6_D07_895884	4	27120897	27260190	109	0.4758
ALANG_p_TCGA_180_SNP_1N_GenomeWideSNP_6_D07_895884	4	27260253	28566128	859	0.57
ALANG_p_TCGA_180_SNP_1N_GenomeWideSNP_6_D07_895884	4	28567095	32702181	2528	0.4769
ALANG_p_TCGA_180_SNP_1N_GenomeWideSNP_6_D07_895884	4	32702585	42301153	5702	0.2691
ALANG_p_TCGA_180_SNP_1N_GenomeWideSNP_6_D07_895884	4	42310183	42437520	84	0.4958
ALANG_p_TCGA_180_SNP_1N_GenomeWideSNP_6_D07_895884	4	42444031	42900717	340	0.2304
ALANG_p_TCGA_180_SNP_1N_GenomeWideSNP_6_D07_895884	4	43321532	43597855	144	0.4837
ALANG_p_TCGA_180_SNP_1N_GenomeWideSNP_6_D07_895884	4	43598181	44573944	463	0.6338
ALANG_p_TCGA_180_SNP_1N_GenomeWideSNP_6_D07_895884	4	44576500	44594860	16	-0.2676
ALANG_p_TCGA_180_SNP_1N_GenomeWideSNP_6_D07_895884	4	44598826	44841414	137	0.5132
ALANG_p_TCGA_180_SNP_1N_GenomeWideSNP_6_D07_895884	4	44844460	44889692	28	-0.2235
ALANG_p_TCGA_180_SNP_1N_GenomeWideSNP_6_D07_895884	4	44895802	45450847	288	0.5627
ALANG_p_TCGA_180_SNP_1N_GenomeWideSNP_6_D07_895884	4	45459748	81748408	18245	-0.2316
ALANG_p_TCGA_180_SNP_1N_GenomeWideSNP_6_D07_895884	4	81750016	81750209	4	-1.7501
ALANG_p_TCGA_180_SNP_1N_GenomeWideSNP_6_D07_895884	4	81750784	164340133	46298	-0.2266
ALANG_p_TCGA_180_SNP_1N_GenomeWideSNP_6_D07_895884	4	164342275	164995497	156	-0.4945
ALANG_p_TCGA_180_SNP_1N_GenomeWideSNP_6_D07_895884	4	164999381	172362749	4122	-0.0598
ALANG_p_TCGA_180_SNP_1N_GenomeWideSNP_6_D07_895884	4	172362985	179677526	3859	-0.2241
ALANG_p_TCGA_180_SNP_1N_GenomeWideSNP_6_D07_895884	4	179686330	187842528	3921	-0.0229
ALANG_p_TCGA_180_SNP_1N_GenomeWideSNP_6_D07_895884	5	913983	23118783	13621	0.239
ALANG_p_TCGA_180_SNP_1N_GenomeWideSNP_6_D07_895884	5	23120461	23159052	28	-0.1386
ALANG_p_TCGA_180_SNP_1N_GenomeWideSNP_6_D07_895884	5	23159246	60238269	18583	0.2425
ALANG_p_TCGA_180_SNP_1N_GenomeWideSNP_6_D07_895884	5	60239938	60671449	192	-0.0891
ALANG_p_TCGA_180_SNP_1N_GenomeWideSNP_6_D07_895884	5	60672825	149056090	48952	0.2579
ALANG_p_TCGA_180_SNP_1N_GenomeWideSNP_6_D07_895884	5	149057132	162503521	8831	0.232
ALANG_p_TCGA_180_SNP_1N_GenomeWideSNP_6_D07_895884	5	162503975	163538490	613	-0.0735
ALANG_p_TCGA_180_SNP_1N_GenomeWideSNP_6_D07_895884	5	163538888	180934240	10498	0.2227
ALANG_p_TCGA_180_SNP_1N_GenomeWideSNP_6_D07_895884	6	1011760	1490118	444	0.0222
ALANG_p_TCGA_180_SNP_1N_GenomeWideSNP_6_D07_895884	6	1491713	1935120	304	0.5106
ALANG_p_TCGA_180_SNP_1N_GenomeWideSNP_6_D07_895884	6	1935340	2113877	107	0.7248
ALANG_p_TCGA_180_SNP_1N_GenomeWideSNP_6_D07_895884	6	2115758	2496430	247	0.4987
ALANG_p_TCGA_180_SNP_1N_GenomeWideSNP_6_D07_895884	6	2496460	9068395	4877	-5e-04
ALANG_p_TCGA_180_SNP_1N_GenomeWideSNP_6_D07_895884	6	9071143	9080252	11	0.4763
ALANG_p_TCGA_180_SNP_1N_GenomeWideSNP_6_D07_895884	6	9080769	9264728	54	0.2503
ALANG_p_TCGA_180_SNP_1N_GenomeWideSNP_6_D07_895884	6	9265515	10836096	932	0.4343
ALANG_p_TCGA_180_SNP_1N_GenomeWideSNP_6_D07_895884	6	10839030	10870955	27	-0.0251
ALANG_p_TCGA_180_SNP_1N_GenomeWideSNP_6_D07_895884	6	10871828	10879323	10	0.2702
ALANG_p_TCGA_180_SNP_1N_GenomeWideSNP_6_D07_895884	6	10879939	11983682	889	0.0719
ALANG_p_TCGA_180_SNP_1N_GenomeWideSNP_6_D07_895884	6	11983809	13411088	1131	0.1384
ALANG_p_TCGA_180_SNP_1N_GenomeWideSNP_6_D07_895884	6	13412998	16315075	1874	-0.0101
ALANG_p_TCGA_180_SNP_1N_GenomeWideSNP_6_D07_895884	6	16315407	16550746	189	0.2368
ALANG_p_TCGA_180_SNP_1N_GenomeWideSNP_6_D07_895884	6	16551159	16831177	248	-0.0102
ALANG_p_TCGA_180_SNP_1N_GenomeWideSNP_6_D07_895884	6	16832085	18527863	1064	0.1618
ALANG_p_TCGA_180_SNP_1N_GenomeWideSNP_6_D07_895884	6	18530300	22747803	3098	0.012
ALANG_p_TCGA_180_SNP_1N_GenomeWideSNP_6_D07_895884	6	22751267	22774318	19	0.4475
ALANG_p_TCGA_180_SNP_1N_GenomeWideSNP_6_D07_895884	6	22777402	23342967	365	0.1265
ALANG_p_TCGA_180_SNP_1N_GenomeWideSNP_6_D07_895884	6	23343292	28869040	2729	0.0022
ALANG_p_TCGA_180_SNP_1N_GenomeWideSNP_6_D07_895884	6	28871296	29032049	33	0.3058
ALANG_p_TCGA_180_SNP_1N_GenomeWideSNP_6_D07_895884	6	29040070	29854205	338	-0.0092
ALANG_p_TCGA_180_SNP_1N_GenomeWideSNP_6_D07_895884	6	30056091	31204878	424	0.5342
ALANG_p_TCGA_180_SNP_1N_GenomeWideSNP_6_D07_895884	6	31208262	35364322	1250	0.3763
ALANG_p_TCGA_180_SNP_1N_GenomeWideSNP_6_D07_895884	6	35365021	35640973	107	-0.008
ALANG_p_TCGA_180_SNP_1N_GenomeWideSNP_6_D07_895884	6	35647796	35699628	25	0.2824
ALANG_p_TCGA_180_SNP_1N_GenomeWideSNP_6_D07_895884	6	35700083	39363732	2467	-0.0113
ALANG_p_TCGA_180_SNP_1N_GenomeWideSNP_6_D07_895884	6	39364002	39431883	62	0.2547
ALANG_p_TCGA_180_SNP_1N_GenomeWideSNP_6_D07_895884	6	39433356	39472110	21	0.3292
ALANG_p_TCGA_180_SNP_1N_GenomeWideSNP_6_D07_895884	6	39472666	39816840	196	0.6332
ALANG_p_TCGA_180_SNP_1N_GenomeWideSNP_6_D07_895884	6	39816927	39979255	137	0.2324
ALANG_p_TCGA_180_SNP_1N_GenomeWideSNP_6_D07_895884	6	39985764	45463000	3272	-0.0085
ALANG_p_TCGA_180_SNP_1N_GenomeWideSNP_6_D07_895884	6	45464719	46129146	424	0.3477
ALANG_p_TCGA_180_SNP_1N_GenomeWideSNP_6_D07_895884	6	46136123	49190424	1870	0.1542
ALANG_p_TCGA_180_SNP_1N_GenomeWideSNP_6_D07_895884	6	49192014	49708445	246	0.0022
ALANG_p_TCGA_180_SNP_1N_GenomeWideSNP_6_D07_895884	6	49711677	50277495	330	0.4609
ALANG_p_TCGA_180_SNP_1N_GenomeWideSNP_6_D07_895884	6	50283644	50538471	143	0.0097
ALANG_p_TCGA_180_SNP_1N_GenomeWideSNP_6_D07_895884	6	50545556	50557914	13	0.568
ALANG_p_TCGA_180_SNP_1N_GenomeWideSNP_6_D07_895884	6	50558553	55733499	3355	0.017
ALANG_p_TCGA_180_SNP_1N_GenomeWideSNP_6_D07_895884	6	55742054	55773476	31	0.489
ALANG_p_TCGA_180_SNP_1N_GenomeWideSNP_6_D07_895884	6	55775857	61524632	854	0.0502
ALANG_p_TCGA_180_SNP_1N_GenomeWideSNP_6_D07_895884	6	61527062	62804391	542	-0.2562
ALANG_p_TCGA_180_SNP_1N_GenomeWideSNP_6_D07_895884	6	62806855	62832780	13	0.1576
ALANG_p_TCGA_180_SNP_1N_GenomeWideSNP_6_D07_895884	6	62833130	62837424	4	0.7424
ALANG_p_TCGA_180_SNP_1N_GenomeWideSNP_6_D07_895884	6	62837474	62890285	9	0.0938
ALANG_p_TCGA_180_SNP_1N_GenomeWideSNP_6_D07_895884	6	62891577	64760802	958	-0.265
ALANG_p_TCGA_180_SNP_1N_GenomeWideSNP_6_D07_895884	6	64761981	65245410	221	-0.074
ALANG_p_TCGA_180_SNP_1N_GenomeWideSNP_6_D07_895884	6	65256186	65582768	205	-0.2607
ALANG_p_TCGA_180_SNP_1N_GenomeWideSNP_6_D07_895884	6	65588239	65890386	193	-0.0967
ALANG_p_TCGA_180_SNP_1N_GenomeWideSNP_6_D07_895884	6	65894368	66460696	291	-0.2449
ALANG_p_TCGA_180_SNP_1N_GenomeWideSNP_6_D07_895884	6	66461595	66481463	18	0.3447
ALANG_p_TCGA_180_SNP_1N_GenomeWideSNP_6_D07_895884	6	66485164	67532990	731	-0.2319
ALANG_p_TCGA_180_SNP_1N_GenomeWideSNP_6_D07_895884	6	67534581	67992178	185	-0.0781
ALANG_p_TCGA_180_SNP_1N_GenomeWideSNP_6_D07_895884	6	67994325	85873032	10161	-0.2604
ALANG_p_TCGA_180_SNP_1N_GenomeWideSNP_6_D07_895884	6	85882644	85888816	6	-2.0908
ALANG_p_TCGA_180_SNP_1N_GenomeWideSNP_6_D07_895884	6	85899574	135137285	28331	-0.2611
ALANG_p_TCGA_180_SNP_1N_GenomeWideSNP_6_D07_895884	6	135138175	135375123	240	0.0795
ALANG_p_TCGA_180_SNP_1N_GenomeWideSNP_6_D07_895884	6	135377406	135414654	22	0.716
ALANG_p_TCGA_180_SNP_1N_GenomeWideSNP_6_D07_895884	6	135419369	146913866	6773	0.3796
ALANG_p_TCGA_180_SNP_1N_GenomeWideSNP_6_D07_895884	6	146918169	157603569	7240	-0.2628
ALANG_p_TCGA_180_SNP_1N_GenomeWideSNP_6_D07_895884	6	157605748	157622747	8	0.1617
ALANG_p_TCGA_180_SNP_1N_GenomeWideSNP_6_D07_895884	6	157626421	157912385	194	0.3879
ALANG_p_TCGA_180_SNP_1N_GenomeWideSNP_6_D07_895884	6	157915007	170596889	6772	0.1137
ALANG_p_TCGA_180_SNP_1N_GenomeWideSNP_6_D07_895884	7	664936	665647	2	-0.2094
ALANG_p_TCGA_180_SNP_1N_GenomeWideSNP_6_D07_895884	7	669137	10145925	3774	0.3353
ALANG_p_TCGA_180_SNP_1N_GenomeWideSNP_6_D07_895884	7	10146322	10146345	2	-1.1816
ALANG_p_TCGA_180_SNP_1N_GenomeWideSNP_6_D07_895884	7	10146811	34782063	15696	0.3542
ALANG_p_TCGA_180_SNP_1N_GenomeWideSNP_6_D07_895884	7	34784770	34785824	2	-0.9114
ALANG_p_TCGA_180_SNP_1N_GenomeWideSNP_6_D07_895884	7	34787513	52854955	11840	0.3364
ALANG_p_TCGA_180_SNP_1N_GenomeWideSNP_6_D07_895884	7	52857925	68620499	4145	0.17
ALANG_p_TCGA_180_SNP_1N_GenomeWideSNP_6_D07_895884	7	68622105	68846303	158	0.5525
ALANG_p_TCGA_180_SNP_1N_GenomeWideSNP_6_D07_895884	7	68855535	70045121	702	0.1345
ALANG_p_TCGA_180_SNP_1N_GenomeWideSNP_6_D07_895884	7	70045546	70326428	144	0.6289
ALANG_p_TCGA_180_SNP_1N_GenomeWideSNP_6_D07_895884	7	70333661	70513300	117	0.1665
ALANG_p_TCGA_180_SNP_1N_GenomeWideSNP_6_D07_895884	7	70520637	70813010	223	0.6586
ALANG_p_TCGA_180_SNP_1N_GenomeWideSNP_6_D07_895884	7	70816330	71383835	344	0.2868
ALANG_p_TCGA_180_SNP_1N_GenomeWideSNP_6_D07_895884	7	71384506	72509593	628	0.3684
ALANG_p_TCGA_180_SNP_1N_GenomeWideSNP_6_D07_895884	7	72517456	74625440	498	0.2488
ALANG_p_TCGA_180_SNP_1N_GenomeWideSNP_6_D07_895884	7	74631330	76286756	389	0.5348
ALANG_p_TCGA_180_SNP_1N_GenomeWideSNP_6_D07_895884	7	76291118	78140423	701	0.0812
ALANG_p_TCGA_180_SNP_1N_GenomeWideSNP_6_D07_895884	7	78148181	78175529	27	0.8312
ALANG_p_TCGA_180_SNP_1N_GenomeWideSNP_6_D07_895884	7	78181326	78196335	17	0.5139
ALANG_p_TCGA_180_SNP_1N_GenomeWideSNP_6_D07_895884	7	78196814	79529924	963	0.0651
ALANG_p_TCGA_180_SNP_1N_GenomeWideSNP_6_D07_895884	7	79538049	80413601	511	0.57
ALANG_p_TCGA_180_SNP_1N_GenomeWideSNP_6_D07_895884	7	80414539	81421072	675	0.1113
ALANG_p_TCGA_180_SNP_1N_GenomeWideSNP_6_D07_895884	7	81421099	81857396	270	0.6186
ALANG_p_TCGA_180_SNP_1N_GenomeWideSNP_6_D07_895884	7	81857442	82339438	318	0.4097
ALANG_p_TCGA_180_SNP_1N_GenomeWideSNP_6_D07_895884	7	82340887	82995875	288	0.611
ALANG_p_TCGA_180_SNP_1N_GenomeWideSNP_6_D07_895884	7	82997136	84143406	877	0.0969
ALANG_p_TCGA_180_SNP_1N_GenomeWideSNP_6_D07_895884	7	84145183	84147601	4	0.346
ALANG_p_TCGA_180_SNP_1N_GenomeWideSNP_6_D07_895884	7	84153119	84157871	9	0.8656
ALANG_p_TCGA_180_SNP_1N_GenomeWideSNP_6_D07_895884	7	84160148	88244563	2034	0.2095
ALANG_p_TCGA_180_SNP_1N_GenomeWideSNP_6_D07_895884	7	88245077	88498427	169	0.3469
ALANG_p_TCGA_180_SNP_1N_GenomeWideSNP_6_D07_895884	7	88503107	95018807	2899	0.214
ALANG_p_TCGA_180_SNP_1N_GenomeWideSNP_6_D07_895884	7	95020807	96924202	1229	0.1388
ALANG_p_TCGA_180_SNP_1N_GenomeWideSNP_6_D07_895884	7	96927617	97996332	564	0.0809
ALANG_p_TCGA_180_SNP_1N_GenomeWideSNP_6_D07_895884	7	98002535	101827609	1425	0.0173
ALANG_p_TCGA_180_SNP_1N_GenomeWideSNP_6_D07_895884	7	101827775	114010911	6321	0.0723
ALANG_p_TCGA_180_SNP_1N_GenomeWideSNP_6_D07_895884	7	114013416	114017625	3	-0.9876
ALANG_p_TCGA_180_SNP_1N_GenomeWideSNP_6_D07_895884	7	114019652	137744340	13452	0.0683
ALANG_p_TCGA_180_SNP_1N_GenomeWideSNP_6_D07_895884	7	137746676	138103746	235	0.4929
ALANG_p_TCGA_180_SNP_1N_GenomeWideSNP_6_D07_895884	7	138105191	139517374	700	0.0376
ALANG_p_TCGA_180_SNP_1N_GenomeWideSNP_6_D07_895884	7	139518024	140096898	342	0.5684
ALANG_p_TCGA_180_SNP_1N_GenomeWideSNP_6_D07_895884	7	140109774	140287881	83	0.8604
ALANG_p_TCGA_180_SNP_1N_GenomeWideSNP_6_D07_895884	7	140293214	140527493	87	0.7212
ALANG_p_TCGA_180_SNP_1N_GenomeWideSNP_6_D07_895884	7	140528318	141319801	568	0.92
ALANG_p_TCGA_180_SNP_1N_GenomeWideSNP_6_D07_895884	7	141320423	142286632	500	0.0583
ALANG_p_TCGA_180_SNP_1N_GenomeWideSNP_6_D07_895884	7	142293530	143507648	385	0.5498
ALANG_p_TCGA_180_SNP_1N_GenomeWideSNP_6_D07_895884	7	143923163	145930194	1099	0.0459
ALANG_p_TCGA_180_SNP_1N_GenomeWideSNP_6_D07_895884	7	145935051	154070951	3896	-0.147
ALANG_p_TCGA_180_SNP_1N_GenomeWideSNP_6_D07_895884	7	154071285	154612554	401	0.0517
ALANG_p_TCGA_180_SNP_1N_GenomeWideSNP_6_D07_895884	7	154613022	157282962	1803	-0.1513
ALANG_p_TCGA_180_SNP_1N_GenomeWideSNP_6_D07_895884	7	157283788	158592540	608	-0.225
ALANG_p_TCGA_180_SNP_1N_GenomeWideSNP_6_D07_895884	8	667625	741344	41	0.5244
ALANG_p_TCGA_180_SNP_1N_GenomeWideSNP_6_D07_895884	8	743312	56041871	30271	0.3671
ALANG_p_TCGA_180_SNP_1N_GenomeWideSNP_6_D07_895884	8	56046341	69294368	7811	0.5935
ALANG_p_TCGA_180_SNP_1N_GenomeWideSNP_6_D07_895884	8	69295362	69296056	6	-0.1824
ALANG_p_TCGA_180_SNP_1N_GenomeWideSNP_6_D07_895884	8	69296082	98868329	16963	0.5991
ALANG_p_TCGA_180_SNP_1N_GenomeWideSNP_6_D07_895884	8	98868435	111137851	6702	0.3596
ALANG_p_TCGA_180_SNP_1N_GenomeWideSNP_6_D07_895884	8	111143661	113539708	1238	0.6211
ALANG_p_TCGA_180_SNP_1N_GenomeWideSNP_6_D07_895884	8	113541530	144182542	19313	0.5754
ALANG_p_TCGA_180_SNP_1N_GenomeWideSNP_6_D07_895884	9	789794	2251167	891	0.0299
ALANG_p_TCGA_180_SNP_1N_GenomeWideSNP_6_D07_895884	9	2251270	22949915	13439	0.0649
ALANG_p_TCGA_180_SNP_1N_GenomeWideSNP_6_D07_895884	9	22950308	72330653	12211	0.0436
ALANG_p_TCGA_180_SNP_1N_GenomeWideSNP_6_D07_895884	9	72330711	72332235	3	-1.8203
ALANG_p_TCGA_180_SNP_1N_GenomeWideSNP_6_D07_895884	9	72335163	129589822	37841	0.0343
ALANG_p_TCGA_180_SNP_1N_GenomeWideSNP_6_D07_895884	9	129589940	138044505	4261	-0.1256
ALANG_p_TCGA_180_SNP_1N_GenomeWideSNP_6_D07_895884	10	366509	17687315	12752	-0.0842
ALANG_p_TCGA_180_SNP_1N_GenomeWideSNP_6_D07_895884	10	17689026	17735537	35	-0.7425
ALANG_p_TCGA_180_SNP_1N_GenomeWideSNP_6_D07_895884	10	17953706	49539400	16883	-0.0929
ALANG_p_TCGA_180_SNP_1N_GenomeWideSNP_6_D07_895884	10	49542871	67658512	10473	-0.0603
ALANG_p_TCGA_180_SNP_1N_GenomeWideSNP_6_D07_895884	10	67658695	126338926	37548	-0.0804
ALANG_p_TCGA_180_SNP_1N_GenomeWideSNP_6_D07_895884	10	126339057	128643309	1795	-0.0661
ALANG_p_TCGA_180_SNP_1N_GenomeWideSNP_6_D07_895884	10	128644571	132566080	1861	-0.1092
ALANG_p_TCGA_180_SNP_1N_GenomeWideSNP_6_D07_895884	10	132577631	133411599	180	-0.2121
ALANG_p_TCGA_180_SNP_1N_GenomeWideSNP_6_D07_895884	11	456012	549959	20	-0.3835
ALANG_p_TCGA_180_SNP_1N_GenomeWideSNP_6_D07_895884	11	564127	4507427	1555	-0.241
ALANG_p_TCGA_180_SNP_1N_GenomeWideSNP_6_D07_895884	11	4512304	4514303	6	-1.6028
ALANG_p_TCGA_180_SNP_1N_GenomeWideSNP_6_D07_895884	11	4514507	11710143	5032	-0.2076
ALANG_p_TCGA_180_SNP_1N_GenomeWideSNP_6_D07_895884	11	11710457	12323258	542	-0.0289
ALANG_p_TCGA_180_SNP_1N_GenomeWideSNP_6_D07_895884	11	12324286	12896906	424	-0.2141
ALANG_p_TCGA_180_SNP_1N_GenomeWideSNP_6_D07_895884	11	12900670	12933227	45	0.2772
ALANG_p_TCGA_180_SNP_1N_GenomeWideSNP_6_D07_895884	11	12934665	12939164	5	-0.2184
ALANG_p_TCGA_180_SNP_1N_GenomeWideSNP_6_D07_895884	11	12940440	12950865	9	0.0838
ALANG_p_TCGA_180_SNP_1N_GenomeWideSNP_6_D07_895884	11	12957592	12968693	10	-0.3113
ALANG_p_TCGA_180_SNP_1N_GenomeWideSNP_6_D07_895884	11	12969264	16233539	2179	-0.465
ALANG_p_TCGA_180_SNP_1N_GenomeWideSNP_6_D07_895884	11	16234189	64084161	25157	0.2343
ALANG_p_TCGA_180_SNP_1N_GenomeWideSNP_6_D07_895884	11	64093112	68600235	1184	-0.0712
ALANG_p_TCGA_180_SNP_1N_GenomeWideSNP_6_D07_895884	11	68610134	71998540	1833	0.1892
ALANG_p_TCGA_180_SNP_1N_GenomeWideSNP_6_D07_895884	11	72008357	89294875	10368	0.2315
ALANG_p_TCGA_180_SNP_1N_GenomeWideSNP_6_D07_895884	11	89297333	101507375	7792	-0.455
ALANG_p_TCGA_180_SNP_1N_GenomeWideSNP_6_D07_895884	11	101510970	101661324	98	0.156
ALANG_p_TCGA_180_SNP_1N_GenomeWideSNP_6_D07_895884	11	101661598	118037613	10319	-0.461
ALANG_p_TCGA_180_SNP_1N_GenomeWideSNP_6_D07_895884	11	118038381	118039084	3	-2.2433
ALANG_p_TCGA_180_SNP_1N_GenomeWideSNP_6_D07_895884	11	118039280	132951569	10750	-0.4717
ALANG_p_TCGA_180_SNP_1N_GenomeWideSNP_6_D07_895884	11	132952941	134272740	479	-0.7806
ALANG_p_TCGA_180_SNP_1N_GenomeWideSNP_6_D07_895884	12	780472	23991033	13675	-0.2579
ALANG_p_TCGA_180_SNP_1N_GenomeWideSNP_6_D07_895884	12	23993101	24018249	17	0.2443
ALANG_p_TCGA_180_SNP_1N_GenomeWideSNP_6_D07_895884	12	24019101	24436204	335	-0.2233
ALANG_p_TCGA_180_SNP_1N_GenomeWideSNP_6_D07_895884	12	24440690	24567437	77	0.3547
ALANG_p_TCGA_180_SNP_1N_GenomeWideSNP_6_D07_895884	12	24572718	24631952	38	-0.2278
ALANG_p_TCGA_180_SNP_1N_GenomeWideSNP_6_D07_895884	12	24634149	24719029	66	-3e-04
ALANG_p_TCGA_180_SNP_1N_GenomeWideSNP_6_D07_895884	12	24721570	24735028	8	-0.3489
ALANG_p_TCGA_180_SNP_1N_GenomeWideSNP_6_D07_895884	12	25047631	28241369	2259	0.1114
ALANG_p_TCGA_180_SNP_1N_GenomeWideSNP_6_D07_895884	12	28241536	28348167	53	0.3804
ALANG_p_TCGA_180_SNP_1N_GenomeWideSNP_6_D07_895884	12	28354259	28487063	84	0.7474
ALANG_p_TCGA_180_SNP_1N_GenomeWideSNP_6_D07_895884	12	28492193	28814870	164	0.3561
ALANG_p_TCGA_180_SNP_1N_GenomeWideSNP_6_D07_895884	12	28817763	33368216	3000	0.0958
ALANG_p_TCGA_180_SNP_1N_GenomeWideSNP_6_D07_895884	12	38827290	39412297	305	-0.2547
ALANG_p_TCGA_180_SNP_1N_GenomeWideSNP_6_D07_895884	12	39412369	39455158	18	0.1138
ALANG_p_TCGA_180_SNP_1N_GenomeWideSNP_6_D07_895884	12	39456654	39680644	86	0.6097
ALANG_p_TCGA_180_SNP_1N_GenomeWideSNP_6_D07_895884	12	39687001	39726496	15	0.255
ALANG_p_TCGA_180_SNP_1N_GenomeWideSNP_6_D07_895884	12	39733356	42169027	1667	-0.2317
ALANG_p_TCGA_180_SNP_1N_GenomeWideSNP_6_D07_895884	12	42169272	42763207	352	0.3061
ALANG_p_TCGA_180_SNP_1N_GenomeWideSNP_6_D07_895884	12	42764984	42815499	42	-0.2668
ALANG_p_TCGA_180_SNP_1N_GenomeWideSNP_6_D07_895884	12	42818897	43532329	111	0.1429
ALANG_p_TCGA_180_SNP_1N_GenomeWideSNP_6_D07_895884	12	43627099	51060122	4014	-0.2537
ALANG_p_TCGA_180_SNP_1N_GenomeWideSNP_6_D07_895884	12	51062695	51082701	14	0.3143
ALANG_p_TCGA_180_SNP_1N_GenomeWideSNP_6_D07_895884	12	51085972	51216581	47	-0.2314
ALANG_p_TCGA_180_SNP_1N_GenomeWideSNP_6_D07_895884	12	51222798	56659769	2952	0.3446
ALANG_p_TCGA_180_SNP_1N_GenomeWideSNP_6_D07_895884	12	56661507	68682006	7428	-0.2503
ALANG_p_TCGA_180_SNP_1N_GenomeWideSNP_6_D07_895884	12	68688816	69113491	284	0.4014
ALANG_p_TCGA_180_SNP_1N_GenomeWideSNP_6_D07_895884	12	69116259	69183890	62	0.0069
ALANG_p_TCGA_180_SNP_1N_GenomeWideSNP_6_D07_895884	12	69183959	69945257	513	0.569
ALANG_p_TCGA_180_SNP_1N_GenomeWideSNP_6_D07_895884	12	69947235	72837599	1691	0.0949
ALANG_p_TCGA_180_SNP_1N_GenomeWideSNP_6_D07_895884	12	72838560	73571263	356	0.3707
ALANG_p_TCGA_180_SNP_1N_GenomeWideSNP_6_D07_895884	12	73581820	80553495	4361	0.1264
ALANG_p_TCGA_180_SNP_1N_GenomeWideSNP_6_D07_895884	12	80554546	81164513	422	0.5921
ALANG_p_TCGA_180_SNP_1N_GenomeWideSNP_6_D07_895884	12	81166610	81450714	170	0.0647
ALANG_p_TCGA_180_SNP_1N_GenomeWideSNP_6_D07_895884	12	81452678	81456462	4	0.7797
ALANG_p_TCGA_180_SNP_1N_GenomeWideSNP_6_D07_895884	12	81457794	81655208	118	0.1136
ALANG_p_TCGA_180_SNP_1N_GenomeWideSNP_6_D07_895884	12	81655780	81743680	48	0.5251
ALANG_p_TCGA_180_SNP_1N_GenomeWideSNP_6_D07_895884	12	81747358	82394911	387	0.0871
ALANG_p_TCGA_180_SNP_1N_GenomeWideSNP_6_D07_895884	12	82401864	82596357	107	0.5906
ALANG_p_TCGA_180_SNP_1N_GenomeWideSNP_6_D07_895884	12	82598868	87834951	2865	0.1081
ALANG_p_TCGA_180_SNP_1N_GenomeWideSNP_6_D07_895884	12	87835938	87991928	79	-0.2275
ALANG_p_TCGA_180_SNP_1N_GenomeWideSNP_6_D07_895884	12	87991986	89726936	990	0.0968
ALANG_p_TCGA_180_SNP_1N_GenomeWideSNP_6_D07_895884	12	89728154	89961319	128	0.4043
ALANG_p_TCGA_180_SNP_1N_GenomeWideSNP_6_D07_895884	12	89963824	90195183	139	0.1005
ALANG_p_TCGA_180_SNP_1N_GenomeWideSNP_6_D07_895884	12	90198467	90961355	492	0.3654
ALANG_p_TCGA_180_SNP_1N_GenomeWideSNP_6_D07_895884	12	90961523	91125910	93	0.7149
ALANG_p_TCGA_180_SNP_1N_GenomeWideSNP_6_D07_895884	12	91127833	91219067	53	0.4113
ALANG_p_TCGA_180_SNP_1N_GenomeWideSNP_6_D07_895884	12	91221009	95773601	3124	0.0922
ALANG_p_TCGA_180_SNP_1N_GenomeWideSNP_6_D07_895884	12	95773848	95956882	110	0.3647
ALANG_p_TCGA_180_SNP_1N_GenomeWideSNP_6_D07_895884	12	95957319	96133126	130	0.2062
ALANG_p_TCGA_180_SNP_1N_GenomeWideSNP_6_D07_895884	12	96134352	96134457	2	0.6138
ALANG_p_TCGA_180_SNP_1N_GenomeWideSNP_6_D07_895884	12	96135463	96542400	256	0.0638
ALANG_p_TCGA_180_SNP_1N_GenomeWideSNP_6_D07_895884	12	96544207	96928129	237	0.3746
ALANG_p_TCGA_180_SNP_1N_GenomeWideSNP_6_D07_895884	12	96928155	97158397	159	0.0956
ALANG_p_TCGA_180_SNP_1N_GenomeWideSNP_6_D07_895884	12	97159328	97433540	244	0.3561
ALANG_p_TCGA_180_SNP_1N_GenomeWideSNP_6_D07_895884	12	97434018	98160253	570	0.1013
ALANG_p_TCGA_180_SNP_1N_GenomeWideSNP_6_D07_895884	12	98164711	98333868	130	0.3202
ALANG_p_TCGA_180_SNP_1N_GenomeWideSNP_6_D07_895884	12	98334418	98719780	222	0.0965
ALANG_p_TCGA_180_SNP_1N_GenomeWideSNP_6_D07_895884	12	98724242	99050654	203	0.3343
ALANG_p_TCGA_180_SNP_1N_GenomeWideSNP_6_D07_895884	12	99062347	101316358	1281	0.1063
ALANG_p_TCGA_180_SNP_1N_GenomeWideSNP_6_D07_895884	12	101325481	104000109	1739	-0.2471
ALANG_p_TCGA_180_SNP_1N_GenomeWideSNP_6_D07_895884	12	104000669	104012409	9	-0.1083
ALANG_p_TCGA_180_SNP_1N_GenomeWideSNP_6_D07_895884	12	104012728	104193787	87	0.3095
ALANG_p_TCGA_180_SNP_1N_GenomeWideSNP_6_D07_895884	12	104198002	104778232	433	-0.2461
ALANG_p_TCGA_180_SNP_1N_GenomeWideSNP_6_D07_895884	12	104784788	104865466	54	0.2446
ALANG_p_TCGA_180_SNP_1N_GenomeWideSNP_6_D07_895884	12	104866193	104942106	38	-0.0246
ALANG_p_TCGA_180_SNP_1N_GenomeWideSNP_6_D07_895884	12	104942122	105485344	397	-0.2199
ALANG_p_TCGA_180_SNP_1N_GenomeWideSNP_6_D07_895884	12	105488835	107670678	1579	-0.0916
ALANG_p_TCGA_180_SNP_1N_GenomeWideSNP_6_D07_895884	12	107675937	109351704	918	-0.2338
ALANG_p_TCGA_180_SNP_1N_GenomeWideSNP_6_D07_895884	12	109352537	109354914	2	-1.425
ALANG_p_TCGA_180_SNP_1N_GenomeWideSNP_6_D07_895884	12	109361976	109621694	162	-0.256
ALANG_p_TCGA_180_SNP_1N_GenomeWideSNP_6_D07_895884	12	109621814	109623414	2	-1.9833
ALANG_p_TCGA_180_SNP_1N_GenomeWideSNP_6_D07_895884	12	109626252	113218520	1868	-0.2664
ALANG_p_TCGA_180_SNP_1N_GenomeWideSNP_6_D07_895884	12	113232822	113819629	365	0.195
ALANG_p_TCGA_180_SNP_1N_GenomeWideSNP_6_D07_895884	12	114121479	115409106	975	-0.2937
ALANG_p_TCGA_180_SNP_1N_GenomeWideSNP_6_D07_895884	12	115409612	115455513	52	-0.0125
ALANG_p_TCGA_180_SNP_1N_GenomeWideSNP_6_D07_895884	12	115464766	126438104	6603	-0.2777
ALANG_p_TCGA_180_SNP_1N_GenomeWideSNP_6_D07_895884	12	126438258	126793304	44	0.039
ALANG_p_TCGA_180_SNP_1N_GenomeWideSNP_6_D07_895884	12	126794060	127347647	478	-0.2964
ALANG_p_TCGA_180_SNP_1N_GenomeWideSNP_6_D07_895884	12	127348162	127474064	100	0.0263
ALANG_p_TCGA_180_SNP_1N_GenomeWideSNP_6_D07_895884	12	127474112	132605822	1748	-0.3022
ALANG_p_TCGA_180_SNP_1N_GenomeWideSNP_6_D07_895884	13	18874255	31146251	7573	-0.4079
ALANG_p_TCGA_180_SNP_1N_GenomeWideSNP_6_D07_895884	13	31150656	45731233	9454	-0.3851
ALANG_p_TCGA_180_SNP_1N_GenomeWideSNP_6_D07_895884	13	45731476	45731699	2	-1.8069
ALANG_p_TCGA_180_SNP_1N_GenomeWideSNP_6_D07_895884	13	45735459	94037217	26845	-0.3817
ALANG_p_TCGA_180_SNP_1N_GenomeWideSNP_6_D07_895884	13	94037650	101987021	5204	-0.3979
ALANG_p_TCGA_180_SNP_1N_GenomeWideSNP_6_D07_895884	13	101987103	114226675	8033	-0.2062
ALANG_p_TCGA_180_SNP_1N_GenomeWideSNP_6_D07_895884	14	20033191	20288246	143	-5e-04
ALANG_p_TCGA_180_SNP_1N_GenomeWideSNP_6_D07_895884	14	20288728	23485683	1066	-0.0667
ALANG_p_TCGA_180_SNP_1N_GenomeWideSNP_6_D07_895884	14	23485918	26949538	2186	0.034
ALANG_p_TCGA_180_SNP_1N_GenomeWideSNP_6_D07_895884	14	26954090	27871630	411	0.2705
ALANG_p_TCGA_180_SNP_1N_GenomeWideSNP_6_D07_895884	14	27872021	34189319	3964	0.0456
ALANG_p_TCGA_180_SNP_1N_GenomeWideSNP_6_D07_895884	14	34189902	37493899	1906	-0.0322
ALANG_p_TCGA_180_SNP_1N_GenomeWideSNP_6_D07_895884	14	37494418	38954831	788	0.1357
ALANG_p_TCGA_180_SNP_1N_GenomeWideSNP_6_D07_895884	14	38955951	42709012	1892	-0.0281
ALANG_p_TCGA_180_SNP_1N_GenomeWideSNP_6_D07_895884	14	42709204	49999684	3103	0.3386
ALANG_p_TCGA_180_SNP_1N_GenomeWideSNP_6_D07_895884	14	49999801	51512020	971	0.1639
ALANG_p_TCGA_180_SNP_1N_GenomeWideSNP_6_D07_895884	14	51513527	51919257	334	0.0762
ALANG_p_TCGA_180_SNP_1N_GenomeWideSNP_6_D07_895884	14	51919984	52426547	417	0.1697
ALANG_p_TCGA_180_SNP_1N_GenomeWideSNP_6_D07_895884	14	52428656	54426834	1248	0.0242
ALANG_p_TCGA_180_SNP_1N_GenomeWideSNP_6_D07_895884	14	54427542	54918673	347	0.1319
ALANG_p_TCGA_180_SNP_1N_GenomeWideSNP_6_D07_895884	14	54922702	55888229	503	0.2324
ALANG_p_TCGA_180_SNP_1N_GenomeWideSNP_6_D07_895884	14	55888609	57481662	1192	0.1301
ALANG_p_TCGA_180_SNP_1N_GenomeWideSNP_6_D07_895884	14	57483532	57808021	221	0.01
ALANG_p_TCGA_180_SNP_1N_GenomeWideSNP_6_D07_895884	14	57809435	59684738	1231	0.1894
ALANG_p_TCGA_180_SNP_1N_GenomeWideSNP_6_D07_895884	14	59686112	60919948	610	0.0997
ALANG_p_TCGA_180_SNP_1N_GenomeWideSNP_6_D07_895884	14	60921025	61119319	88	0.3177
ALANG_p_TCGA_180_SNP_1N_GenomeWideSNP_6_D07_895884	14	61125579	68427355	4310	-0.0299
ALANG_p_TCGA_180_SNP_1N_GenomeWideSNP_6_D07_895884	14	68428478	72381721	2573	0.0301
ALANG_p_TCGA_180_SNP_1N_GenomeWideSNP_6_D07_895884	14	72385401	74199938	1030	0.1772
ALANG_p_TCGA_180_SNP_1N_GenomeWideSNP_6_D07_895884	14	74201464	74894474	369	0.3039
ALANG_p_TCGA_180_SNP_1N_GenomeWideSNP_6_D07_895884	14	74896938	78575479	2504	0.1652
ALANG_p_TCGA_180_SNP_1N_GenomeWideSNP_6_D07_895884	14	78585842	105533894	16447	-0.6166
ALANG_p_TCGA_180_SNP_1N_GenomeWideSNP_6_D07_895884	15	23437561	23953170	383	0.0164
ALANG_p_TCGA_180_SNP_1N_GenomeWideSNP_6_D07_895884	15	23955348	25051204	352	0.1609
ALANG_p_TCGA_180_SNP_1N_GenomeWideSNP_6_D07_895884	15	25053401	26024361	717	0.062
ALANG_p_TCGA_180_SNP_1N_GenomeWideSNP_6_D07_895884	15	26028966	26131179	83	-0.4968
ALANG_p_TCGA_180_SNP_1N_GenomeWideSNP_6_D07_895884	15	26134687	27332810	795	0.0777
ALANG_p_TCGA_180_SNP_1N_GenomeWideSNP_6_D07_895884	15	27335749	27370030	20	-0.3659
ALANG_p_TCGA_180_SNP_1N_GenomeWideSNP_6_D07_895884	15	27371018	27657615	231	-0.1707
ALANG_p_TCGA_180_SNP_1N_GenomeWideSNP_6_D07_895884	15	27659295	27743786	72	-0.0198
ALANG_p_TCGA_180_SNP_1N_GenomeWideSNP_6_D07_895884	15	27745846	46380954	8687	-0.4513
ALANG_p_TCGA_180_SNP_1N_GenomeWideSNP_6_D07_895884	15	46381216	46456865	70	-1.0414
ALANG_p_TCGA_180_SNP_1N_GenomeWideSNP_6_D07_895884	15	46458685	64843559	12079	-0.4565
ALANG_p_TCGA_180_SNP_1N_GenomeWideSNP_6_D07_895884	15	64843905	99968164	20793	0.3723
ALANG_p_TCGA_180_SNP_1N_GenomeWideSNP_6_D07_895884	15	100204464	101344124	597	0.2782
ALANG_p_TCGA_180_SNP_1N_GenomeWideSNP_6_D07_895884	16	603333	3133973	693	-0.0793
ALANG_p_TCGA_180_SNP_1N_GenomeWideSNP_6_D07_895884	16	3137732	4383670	617	-0.4863
ALANG_p_TCGA_180_SNP_1N_GenomeWideSNP_6_D07_895884	16	4389130	21348993	8372	-0.0886
ALANG_p_TCGA_180_SNP_1N_GenomeWideSNP_6_D07_895884	16	22773239	27317898	3123	0.1933
ALANG_p_TCGA_180_SNP_1N_GenomeWideSNP_6_D07_895884	16	27341867	27354147	20	-1.2169
ALANG_p_TCGA_180_SNP_1N_GenomeWideSNP_6_D07_895884	16	27355905	31841585	1262	0.1707
ALANG_p_TCGA_180_SNP_1N_GenomeWideSNP_6_D07_895884	16	46470502	58862648	8127	-0.4837
ALANG_p_TCGA_180_SNP_1N_GenomeWideSNP_6_D07_895884	16	58863074	78496021	11750	-0.4592
ALANG_p_TCGA_180_SNP_1N_GenomeWideSNP_6_D07_895884	16	78496460	89317317	7326	-0.4859
ALANG_p_TCGA_180_SNP_1N_GenomeWideSNP_6_D07_895884	17	1074619	12504730	6347	-0.2905
ALANG_p_TCGA_180_SNP_1N_GenomeWideSNP_6_D07_895884	17	12509639	12908581	283	-0.1735
ALANG_p_TCGA_180_SNP_1N_GenomeWideSNP_6_D07_895884	17	12911247	13190805	223	-0.3137
ALANG_p_TCGA_180_SNP_1N_GenomeWideSNP_6_D07_895884	17	13192326	13834535	426	-0.1149
ALANG_p_TCGA_180_SNP_1N_GenomeWideSNP_6_D07_895884	17	13834868	13835734	2	-1.2111
ALANG_p_TCGA_180_SNP_1N_GenomeWideSNP_6_D07_895884	17	13839512	14224401	285	-0.0686
ALANG_p_TCGA_180_SNP_1N_GenomeWideSNP_6_D07_895884	17	14226733	30279097	3720	-0.2805
ALANG_p_TCGA_180_SNP_1N_GenomeWideSNP_6_D07_895884	17	30282710	30313463	14	-1.0375
ALANG_p_TCGA_180_SNP_1N_GenomeWideSNP_6_D07_895884	17	30315362	30860091	148	0.0302
ALANG_p_TCGA_180_SNP_1N_GenomeWideSNP_6_D07_895884	17	30860418	31093560	98	-0.6985
ALANG_p_TCGA_180_SNP_1N_GenomeWideSNP_6_D07_895884	17	31099063	31130728	11	-1.3501
ALANG_p_TCGA_180_SNP_1N_GenomeWideSNP_6_D07_895884	17	31139704	31458352	138	0.013
ALANG_p_TCGA_180_SNP_1N_GenomeWideSNP_6_D07_895884	17	31458903	35627508	2013	0.572
ALANG_p_TCGA_180_SNP_1N_GenomeWideSNP_6_D07_895884	17	35628224	36589910	277	0.4755
ALANG_p_TCGA_180_SNP_1N_GenomeWideSNP_6_D07_895884	17	36590030	36861266	203	0.3886
ALANG_p_TCGA_180_SNP_1N_GenomeWideSNP_6_D07_895884	17	36864113	38385960	598	0.5026
ALANG_p_TCGA_180_SNP_1N_GenomeWideSNP_6_D07_895884	17	38390561	39391342	470	0.5691
ALANG_p_TCGA_180_SNP_1N_GenomeWideSNP_6_D07_895884	17	39391644	39478637	31	0.3195
ALANG_p_TCGA_180_SNP_1N_GenomeWideSNP_6_D07_895884	17	39484477	64930571	12629	0.0326
ALANG_p_TCGA_180_SNP_1N_GenomeWideSNP_6_D07_895884	17	64930574	73729209	5943	0.0682
ALANG_p_TCGA_180_SNP_1N_GenomeWideSNP_6_D07_895884	17	73729493	82959812	3515	0.0347
ALANG_p_TCGA_180_SNP_1N_GenomeWideSNP_6_D07_895884	18	326691	79349796	43034	-0.2198
ALANG_p_TCGA_180_SNP_1N_GenomeWideSNP_6_D07_895884	19	283868	2922095	616	0.0802
ALANG_p_TCGA_180_SNP_1N_GenomeWideSNP_6_D07_895884	19	2923265	28128082	8767	0.0505
ALANG_p_TCGA_180_SNP_1N_GenomeWideSNP_6_D07_895884	19	28130344	45595627	9570	0.0761
ALANG_p_TCGA_180_SNP_1N_GenomeWideSNP_6_D07_895884	19	45595677	47974234	977	0.322
ALANG_p_TCGA_180_SNP_1N_GenomeWideSNP_6_D07_895884	19	47974686	47974792	2	-0.8187
ALANG_p_TCGA_180_SNP_1N_GenomeWideSNP_6_D07_895884	19	47974810	58370362	4337	0.3326
ALANG_p_TCGA_180_SNP_1N_GenomeWideSNP_6_D07_895884	20	472817	5822099	3154	0.1042
ALANG_p_TCGA_180_SNP_1N_GenomeWideSNP_6_D07_895884	20	5823218	7764343	1380	0.1275
ALANG_p_TCGA_180_SNP_1N_GenomeWideSNP_6_D07_895884	20	7773655	7776034	3	-0.8555
ALANG_p_TCGA_180_SNP_1N_GenomeWideSNP_6_D07_895884	20	7780291	17889898	6969	0.1193
ALANG_p_TCGA_180_SNP_1N_GenomeWideSNP_6_D07_895884	20	17890079	34832157	7209	0.0922
ALANG_p_TCGA_180_SNP_1N_GenomeWideSNP_6_D07_895884	20	34835029	34836166	2	-1.1405
ALANG_p_TCGA_180_SNP_1N_GenomeWideSNP_6_D07_895884	20	34838009	40679174	3480	0.0962
ALANG_p_TCGA_180_SNP_1N_GenomeWideSNP_6_D07_895884	20	40679498	63588502	15448	0.3412
ALANG_p_TCGA_180_SNP_1N_GenomeWideSNP_6_D07_895884	21	13974127	39967654	17045	0.0169
ALANG_p_TCGA_180_SNP_1N_GenomeWideSNP_6_D07_895884	21	39968078	46262057	3776	-0.0115
ALANG_p_TCGA_180_SNP_1N_GenomeWideSNP_6_D07_895884	22	16934932	21949041	867	-0.4708
ALANG_p_TCGA_180_SNP_1N_GenomeWideSNP_6_D07_895884	22	23474170	41396203	11166	0.3543
ALANG_p_TCGA_180_SNP_1N_GenomeWideSNP_6_D07_895884	22	41398573	48940621	5084	-0.4968
ALANG_p_TCGA_180_SNP_1N_GenomeWideSNP_6_D07_895884	X	3236359	18814070	6466	0.0967
ALANG_p_TCGA_180_SNP_1N_GenomeWideSNP_6_D07_895884	X	19272754	21962377	1196	-0.0253
ALANG_p_TCGA_180_SNP_1N_GenomeWideSNP_6_D07_895884	X	21962761	23677119	1026	0.1283
ALANG_p_TCGA_180_SNP_1N_GenomeWideSNP_6_D07_895884	X	23678881	38929963	7316	-0.0442
ALANG_p_TCGA_180_SNP_1N_GenomeWideSNP_6_D07_895884	X	38932213	76456325	13007	0.0018
ALANG_p_TCGA_180_SNP_1N_GenomeWideSNP_6_D07_895884	X	76456399	80036400	1412	-0.0304
ALANG_p_TCGA_180_SNP_1N_GenomeWideSNP_6_D07_895884	X	80039813	80525045	246	-0.314
ALANG_p_TCGA_180_SNP_1N_GenomeWideSNP_6_D07_895884	X	80530435	152195637	33118	-0.0123
ALANG_p_TCGA_180_SNP_1N_GenomeWideSNP_6_D07_895884	X	152195951	155677414	587	0.0864
