Sample	Chromosome	Start	End	Num_Probes	Segment_Mean
RAZEE_p_TCGA_277_b2_N_GenomeWideSNP_6_C06_1320982	1	3301765	15313085	6844	0.1027
RAZEE_p_TCGA_277_b2_N_GenomeWideSNP_6_C06_1320982	1	15315047	15805336	220	0.2465
RAZEE_p_TCGA_277_b2_N_GenomeWideSNP_6_C06_1320982	1	15805374	47727082	16800	0.1154
RAZEE_p_TCGA_277_b2_N_GenomeWideSNP_6_C06_1320982	1	47727533	119969243	44321	0.1445
RAZEE_p_TCGA_277_b2_N_GenomeWideSNP_6_C06_1320982	1	119974504	161714779	6229	0.001
RAZEE_p_TCGA_277_b2_N_GenomeWideSNP_6_C06_1320982	1	161714831	229114440	43199	0.0245
RAZEE_p_TCGA_277_b2_N_GenomeWideSNP_6_C06_1320982	1	229115810	229243698	122	0.3902
RAZEE_p_TCGA_277_b2_N_GenomeWideSNP_6_C06_1320982	1	229248178	247650984	12140	0.0193
RAZEE_p_TCGA_277_b2_N_GenomeWideSNP_6_C06_1320982	2	480597	6767723	3766	-0.0692
RAZEE_p_TCGA_277_b2_N_GenomeWideSNP_6_C06_1320982	2	6768481	7067864	243	0.1791
RAZEE_p_TCGA_277_b2_N_GenomeWideSNP_6_C06_1320982	2	7072462	19590790	8517	-0.0581
RAZEE_p_TCGA_277_b2_N_GenomeWideSNP_6_C06_1320982	2	19591515	19591533	2	-1.2497
RAZEE_p_TCGA_277_b2_N_GenomeWideSNP_6_C06_1320982	2	19592125	20606576	733	-0.0771
RAZEE_p_TCGA_277_b2_N_GenomeWideSNP_6_C06_1320982	2	20606693	20610660	2	-1.5134
RAZEE_p_TCGA_277_b2_N_GenomeWideSNP_6_C06_1320982	2	20610826	85109096	36243	-0.0626
RAZEE_p_TCGA_277_b2_N_GenomeWideSNP_6_C06_1320982	2	85109946	98361291	2355	0.1423
RAZEE_p_TCGA_277_b2_N_GenomeWideSNP_6_C06_1320982	2	98372599	105529850	4363	0.1802
RAZEE_p_TCGA_277_b2_N_GenomeWideSNP_6_C06_1320982	2	105529918	105535647	2	1.3547
RAZEE_p_TCGA_277_b2_N_GenomeWideSNP_6_C06_1320982	2	105535795	122171122	8530	0.1769
RAZEE_p_TCGA_277_b2_N_GenomeWideSNP_6_C06_1320982	2	122172128	227238986	59055	0.1969
RAZEE_p_TCGA_277_b2_N_GenomeWideSNP_6_C06_1320982	2	227240441	241537572	8394	0.1691
RAZEE_p_TCGA_277_b2_N_GenomeWideSNP_6_C06_1320982	3	2170634	54361777	30061	-0.2879
RAZEE_p_TCGA_277_b2_N_GenomeWideSNP_6_C06_1320982	3	54363705	59059438	3054	-0.0085
RAZEE_p_TCGA_277_b2_N_GenomeWideSNP_6_C06_1320982	3	59069109	59110450	21	-0.3558
RAZEE_p_TCGA_277_b2_N_GenomeWideSNP_6_C06_1320982	3	59113215	59171440	24	0.0175
RAZEE_p_TCGA_277_b2_N_GenomeWideSNP_6_C06_1320982	3	59171534	72426090	8848	0.1081
RAZEE_p_TCGA_277_b2_N_GenomeWideSNP_6_C06_1320982	3	72426164	77261362	2697	-0.3507
RAZEE_p_TCGA_277_b2_N_GenomeWideSNP_6_C06_1320982	3	77263702	78641997	780	0.235
RAZEE_p_TCGA_277_b2_N_GenomeWideSNP_6_C06_1320982	3	78643126	81170906	1372	0.1156
RAZEE_p_TCGA_277_b2_N_GenomeWideSNP_6_C06_1320982	3	81177283	81235122	45	-0.3331
RAZEE_p_TCGA_277_b2_N_GenomeWideSNP_6_C06_1320982	3	81245407	134466285	27429	0.0984
RAZEE_p_TCGA_277_b2_N_GenomeWideSNP_6_C06_1320982	3	134472598	142375789	4303	-0.3651
RAZEE_p_TCGA_277_b2_N_GenomeWideSNP_6_C06_1320982	3	142375835	143498977	461	0.0792
RAZEE_p_TCGA_277_b2_N_GenomeWideSNP_6_C06_1320982	3	143504304	146587106	1773	-0.3644
RAZEE_p_TCGA_277_b2_N_GenomeWideSNP_6_C06_1320982	3	146588683	146642742	48	0.1732
RAZEE_p_TCGA_277_b2_N_GenomeWideSNP_6_C06_1320982	3	146645613	151717160	2521	-0.0414
RAZEE_p_TCGA_277_b2_N_GenomeWideSNP_6_C06_1320982	3	151721014	151721014	2	-1.2671
RAZEE_p_TCGA_277_b2_N_GenomeWideSNP_6_C06_1320982	3	151722018	162539099	5848	-0.0408
RAZEE_p_TCGA_277_b2_N_GenomeWideSNP_6_C06_1320982	3	162542687	162542960	2	-1.3519
RAZEE_p_TCGA_277_b2_N_GenomeWideSNP_6_C06_1320982	3	162543233	194175394	16766	-0.0443
RAZEE_p_TCGA_277_b2_N_GenomeWideSNP_6_C06_1320982	3	194177407	197812401	1123	0.1813
RAZEE_p_TCGA_277_b2_N_GenomeWideSNP_6_C06_1320982	4	1059384	4491065	1368	-0.4114
RAZEE_p_TCGA_277_b2_N_GenomeWideSNP_6_C06_1320982	4	4494765	4581173	67	0.2235
RAZEE_p_TCGA_277_b2_N_GenomeWideSNP_6_C06_1320982	4	4582184	4592186	6	-0.309
RAZEE_p_TCGA_277_b2_N_GenomeWideSNP_6_C06_1320982	4	4595375	4930375	255	0.1805
RAZEE_p_TCGA_277_b2_N_GenomeWideSNP_6_C06_1320982	4	4931327	4947344	29	-0.371
RAZEE_p_TCGA_277_b2_N_GenomeWideSNP_6_C06_1320982	4	4947446	10142835	3008	0.1553
RAZEE_p_TCGA_277_b2_N_GenomeWideSNP_6_C06_1320982	4	10143672	33648185	15601	0.181
RAZEE_p_TCGA_277_b2_N_GenomeWideSNP_6_C06_1320982	4	33649670	53895915	9292	0.1613
RAZEE_p_TCGA_277_b2_N_GenomeWideSNP_6_C06_1320982	4	53897364	54280222	247	-0.011
RAZEE_p_TCGA_277_b2_N_GenomeWideSNP_6_C06_1320982	4	54280458	63292904	5296	0.0297
RAZEE_p_TCGA_277_b2_N_GenomeWideSNP_6_C06_1320982	4	63293751	63294605	2	-1.1898
RAZEE_p_TCGA_277_b2_N_GenomeWideSNP_6_C06_1320982	4	63304759	69809663	3094	0.0267
RAZEE_p_TCGA_277_b2_N_GenomeWideSNP_6_C06_1320982	4	69809886	71028110	622	0.12
RAZEE_p_TCGA_277_b2_N_GenomeWideSNP_6_C06_1320982	4	71028147	123085371	29877	0.025
RAZEE_p_TCGA_277_b2_N_GenomeWideSNP_6_C06_1320982	4	123089422	125139614	1179	0.089
RAZEE_p_TCGA_277_b2_N_GenomeWideSNP_6_C06_1320982	4	125142864	142691588	9354	0.0203
RAZEE_p_TCGA_277_b2_N_GenomeWideSNP_6_C06_1320982	4	142693109	187842528	24223	-0.0388
RAZEE_p_TCGA_277_b2_N_GenomeWideSNP_6_C06_1320982	5	913983	87405286	46700	0.1664
RAZEE_p_TCGA_277_b2_N_GenomeWideSNP_6_C06_1320982	5	87416824	87448949	19	-0.7473
RAZEE_p_TCGA_277_b2_N_GenomeWideSNP_6_C06_1320982	5	87452868	87529289	27	-0.3701
RAZEE_p_TCGA_277_b2_N_GenomeWideSNP_6_C06_1320982	5	87530933	87606760	34	-0.6863
RAZEE_p_TCGA_277_b2_N_GenomeWideSNP_6_C06_1320982	5	87607761	126489387	21168	0.1838
RAZEE_p_TCGA_277_b2_N_GenomeWideSNP_6_C06_1320982	5	126489569	138950265	7292	0.1625
RAZEE_p_TCGA_277_b2_N_GenomeWideSNP_6_C06_1320982	5	138959143	138969813	6	-0.6182
RAZEE_p_TCGA_277_b2_N_GenomeWideSNP_6_C06_1320982	5	138975764	169314520	19363	0.1729
RAZEE_p_TCGA_277_b2_N_GenomeWideSNP_6_C06_1320982	5	169314948	169314956	2	-1.1054
RAZEE_p_TCGA_277_b2_N_GenomeWideSNP_6_C06_1320982	5	169317147	180934240	6533	0.1542
RAZEE_p_TCGA_277_b2_N_GenomeWideSNP_6_C06_1320982	6	1011760	9077282	5980	0.196
RAZEE_p_TCGA_277_b2_N_GenomeWideSNP_6_C06_1320982	6	9079502	10241589	787	0.2618
RAZEE_p_TCGA_277_b2_N_GenomeWideSNP_6_C06_1320982	6	10242978	25837392	10658	0.2027
RAZEE_p_TCGA_277_b2_N_GenomeWideSNP_6_C06_1320982	6	25839313	31129676	1918	0.183
RAZEE_p_TCGA_277_b2_N_GenomeWideSNP_6_C06_1320982	6	31131055	31169883	31	-0.0952
RAZEE_p_TCGA_277_b2_N_GenomeWideSNP_6_C06_1320982	6	31175734	37463981	2482	0.1563
RAZEE_p_TCGA_277_b2_N_GenomeWideSNP_6_C06_1320982	6	37466048	39351854	1369	0.1979
RAZEE_p_TCGA_277_b2_N_GenomeWideSNP_6_C06_1320982	6	39352312	39353591	2	-0.8781
RAZEE_p_TCGA_277_b2_N_GenomeWideSNP_6_C06_1320982	6	39354098	41851563	1802	0.1977
RAZEE_p_TCGA_277_b2_N_GenomeWideSNP_6_C06_1320982	6	41853399	44366086	1328	0.1604
RAZEE_p_TCGA_277_b2_N_GenomeWideSNP_6_C06_1320982	6	44366515	61524632	7823	0.2148
RAZEE_p_TCGA_277_b2_N_GenomeWideSNP_6_C06_1320982	6	61527062	128234235	37158	-0.3645
RAZEE_p_TCGA_277_b2_N_GenomeWideSNP_6_C06_1320982	6	128234633	128235056	2	-2.5519
RAZEE_p_TCGA_277_b2_N_GenomeWideSNP_6_C06_1320982	6	128239268	170596889	25826	-0.3682
RAZEE_p_TCGA_277_b2_N_GenomeWideSNP_6_C06_1320982	7	664936	2550749	503	0.1592
RAZEE_p_TCGA_277_b2_N_GenomeWideSNP_6_C06_1320982	7	2553044	2695168	70	0.3834
RAZEE_p_TCGA_277_b2_N_GenomeWideSNP_6_C06_1320982	7	2697878	3046574	222	0.1703
RAZEE_p_TCGA_277_b2_N_GenomeWideSNP_6_C06_1320982	7	3046677	3047115	3	-0.7299
RAZEE_p_TCGA_277_b2_N_GenomeWideSNP_6_C06_1320982	7	3047452	7115182	1518	0.1746
RAZEE_p_TCGA_277_b2_N_GenomeWideSNP_6_C06_1320982	7	7115256	35732553	17731	0.215
RAZEE_p_TCGA_277_b2_N_GenomeWideSNP_6_C06_1320982	7	35733108	53207347	11466	0.195
RAZEE_p_TCGA_277_b2_N_GenomeWideSNP_6_C06_1320982	7	53207504	55792547	1723	0.1824
RAZEE_p_TCGA_277_b2_N_GenomeWideSNP_6_C06_1320982	7	55792772	77247322	5520	0.142
RAZEE_p_TCGA_277_b2_N_GenomeWideSNP_6_C06_1320982	7	77247927	99791377	12129	0.1774
RAZEE_p_TCGA_277_b2_N_GenomeWideSNP_6_C06_1320982	7	99791628	102297670	916	0.1203
RAZEE_p_TCGA_277_b2_N_GenomeWideSNP_6_C06_1320982	7	102297740	116803232	7759	0.1822
RAZEE_p_TCGA_277_b2_N_GenomeWideSNP_6_C06_1320982	7	116808924	117191014	193	0.5992
RAZEE_p_TCGA_277_b2_N_GenomeWideSNP_6_C06_1320982	7	117193230	122910628	3084	0.1719
RAZEE_p_TCGA_277_b2_N_GenomeWideSNP_6_C06_1320982	7	122912687	124648314	1013	0.5751
RAZEE_p_TCGA_277_b2_N_GenomeWideSNP_6_C06_1320982	7	124650063	127358485	1431	0.4007
RAZEE_p_TCGA_277_b2_N_GenomeWideSNP_6_C06_1320982	7	127359402	140724486	7581	-0.0994
RAZEE_p_TCGA_277_b2_N_GenomeWideSNP_6_C06_1320982	7	140732839	158592540	9162	0.2668
RAZEE_p_TCGA_277_b2_N_GenomeWideSNP_6_C06_1320982	8	667625	18080509	9294	-0.0524
RAZEE_p_TCGA_277_b2_N_GenomeWideSNP_6_C06_1320982	8	18083001	42201132	15313	-0.377
RAZEE_p_TCGA_277_b2_N_GenomeWideSNP_6_C06_1320982	8	42205784	42298312	73	1.0518
RAZEE_p_TCGA_277_b2_N_GenomeWideSNP_6_C06_1320982	8	42298469	43080575	413	1.2863
RAZEE_p_TCGA_277_b2_N_GenomeWideSNP_6_C06_1320982	8	46547532	144182542	57105	0.2361
RAZEE_p_TCGA_277_b2_N_GenomeWideSNP_6_C06_1320982	9	789794	12864922	6531	-0.7436
RAZEE_p_TCGA_277_b2_N_GenomeWideSNP_6_C06_1320982	9	12866221	13345537	273	0.3459
RAZEE_p_TCGA_277_b2_N_GenomeWideSNP_6_C06_1320982	9	13345643	18236889	3979	-0.0717
RAZEE_p_TCGA_277_b2_N_GenomeWideSNP_6_C06_1320982	9	18238884	20077680	1540	0.3377
RAZEE_p_TCGA_277_b2_N_GenomeWideSNP_6_C06_1320982	9	20102886	32821063	7651	-0.0851
RAZEE_p_TCGA_277_b2_N_GenomeWideSNP_6_C06_1320982	9	32821422	71452665	5917	-0.113
RAZEE_p_TCGA_277_b2_N_GenomeWideSNP_6_C06_1320982	9	71452694	71460206	4	-1.2532
RAZEE_p_TCGA_277_b2_N_GenomeWideSNP_6_C06_1320982	9	71461943	78912127	5060	-0.1039
RAZEE_p_TCGA_277_b2_N_GenomeWideSNP_6_C06_1320982	9	78912750	83256846	2974	-0.1497
RAZEE_p_TCGA_277_b2_N_GenomeWideSNP_6_C06_1320982	9	83257749	121084342	25532	-0.1122
RAZEE_p_TCGA_277_b2_N_GenomeWideSNP_6_C06_1320982	9	121087894	138044505	9050	-0.1514
RAZEE_p_TCGA_277_b2_N_GenomeWideSNP_6_C06_1320982	10	366509	827770	168	-0.4196
RAZEE_p_TCGA_277_b2_N_GenomeWideSNP_6_C06_1320982	10	830389	30461104	21145	0.0753
RAZEE_p_TCGA_277_b2_N_GenomeWideSNP_6_C06_1320982	10	30462021	64816499	17371	-0.3731
RAZEE_p_TCGA_277_b2_N_GenomeWideSNP_6_C06_1320982	10	64818450	64818567	2	-2.0974
RAZEE_p_TCGA_277_b2_N_GenomeWideSNP_6_C06_1320982	10	64825118	72373018	4413	-0.3876
RAZEE_p_TCGA_277_b2_N_GenomeWideSNP_6_C06_1320982	10	72373979	127437947	35294	-0.3686
RAZEE_p_TCGA_277_b2_N_GenomeWideSNP_6_C06_1320982	10	127438248	133411599	2989	-0.4022
RAZEE_p_TCGA_277_b2_N_GenomeWideSNP_6_C06_1320982	11	456012	10138505	5280	-0.0663
RAZEE_p_TCGA_277_b2_N_GenomeWideSNP_6_C06_1320982	11	10144749	32082025	15029	-0.0437
RAZEE_p_TCGA_277_b2_N_GenomeWideSNP_6_C06_1320982	11	32082148	60617067	12930	-0.061
RAZEE_p_TCGA_277_b2_N_GenomeWideSNP_6_C06_1320982	11	60617908	61534251	481	-0.0866
RAZEE_p_TCGA_277_b2_N_GenomeWideSNP_6_C06_1320982	11	61536331	61671062	60	-0.3716
RAZEE_p_TCGA_277_b2_N_GenomeWideSNP_6_C06_1320982	11	61672788	77303350	6922	-0.0911
RAZEE_p_TCGA_277_b2_N_GenomeWideSNP_6_C06_1320982	11	77303529	89611857	7767	-0.0524
RAZEE_p_TCGA_277_b2_N_GenomeWideSNP_6_C06_1320982	11	89642789	89648409	5	-1.0179
RAZEE_p_TCGA_277_b2_N_GenomeWideSNP_6_C06_1320982	11	89650684	99498260	5980	-0.0538
RAZEE_p_TCGA_277_b2_N_GenomeWideSNP_6_C06_1320982	11	99499485	111473375	7490	-0.0367
RAZEE_p_TCGA_277_b2_N_GenomeWideSNP_6_C06_1320982	11	111474334	129407064	12755	-0.0633
RAZEE_p_TCGA_277_b2_N_GenomeWideSNP_6_C06_1320982	11	129407322	129629074	156	-0.3307
RAZEE_p_TCGA_277_b2_N_GenomeWideSNP_6_C06_1320982	11	129629950	131850393	1506	-0.0526
RAZEE_p_TCGA_277_b2_N_GenomeWideSNP_6_C06_1320982	11	131852724	131856952	3	0.823
RAZEE_p_TCGA_277_b2_N_GenomeWideSNP_6_C06_1320982	11	131858163	134272740	1341	-0.0514
RAZEE_p_TCGA_277_b2_N_GenomeWideSNP_6_C06_1320982	12	780472	9010010	4618	0.2139
RAZEE_p_TCGA_277_b2_N_GenomeWideSNP_6_C06_1320982	12	9010463	20035538	6536	0.2452
RAZEE_p_TCGA_277_b2_N_GenomeWideSNP_6_C06_1320982	12	20036583	20154198	64	0.6381
RAZEE_p_TCGA_277_b2_N_GenomeWideSNP_6_C06_1320982	12	20154334	24359103	2717	0.2571
RAZEE_p_TCGA_277_b2_N_GenomeWideSNP_6_C06_1320982	12	24359241	25071487	271	0.3699
RAZEE_p_TCGA_277_b2_N_GenomeWideSNP_6_C06_1320982	12	25071886	33368216	5532	0.2516
RAZEE_p_TCGA_277_b2_N_GenomeWideSNP_6_C06_1320982	12	38827290	57742013	10094	-0.3716
RAZEE_p_TCGA_277_b2_N_GenomeWideSNP_6_C06_1320982	12	57744988	59101347	991	1.7737
RAZEE_p_TCGA_277_b2_N_GenomeWideSNP_6_C06_1320982	12	59108042	60113907	604	1.543
RAZEE_p_TCGA_277_b2_N_GenomeWideSNP_6_C06_1320982	12	60118627	60210940	61	1.9176
RAZEE_p_TCGA_277_b2_N_GenomeWideSNP_6_C06_1320982	12	60213441	60298368	43	1.5238
RAZEE_p_TCGA_277_b2_N_GenomeWideSNP_6_C06_1320982	12	60298778	60463697	99	1.8752
RAZEE_p_TCGA_277_b2_N_GenomeWideSNP_6_C06_1320982	12	60468739	61126396	342	1.584
RAZEE_p_TCGA_277_b2_N_GenomeWideSNP_6_C06_1320982	12	61131186	62149368	641	-0.3822
RAZEE_p_TCGA_277_b2_N_GenomeWideSNP_6_C06_1320982	12	62154275	62373185	103	1.8578
RAZEE_p_TCGA_277_b2_N_GenomeWideSNP_6_C06_1320982	12	62375551	62383166	4	3.0853
RAZEE_p_TCGA_277_b2_N_GenomeWideSNP_6_C06_1320982	12	62388687	62714622	194	1.7373
RAZEE_p_TCGA_277_b2_N_GenomeWideSNP_6_C06_1320982	12	62714821	63153797	396	1.89
RAZEE_p_TCGA_277_b2_N_GenomeWideSNP_6_C06_1320982	12	63153868	63325252	116	1.6537
RAZEE_p_TCGA_277_b2_N_GenomeWideSNP_6_C06_1320982	12	63327002	63374282	19	1.4071
RAZEE_p_TCGA_277_b2_N_GenomeWideSNP_6_C06_1320982	12	63377232	63462704	60	1.15
RAZEE_p_TCGA_277_b2_N_GenomeWideSNP_6_C06_1320982	12	63465101	63488485	16	1.4484
RAZEE_p_TCGA_277_b2_N_GenomeWideSNP_6_C06_1320982	12	63496347	63525708	20	1.7712
RAZEE_p_TCGA_277_b2_N_GenomeWideSNP_6_C06_1320982	12	63526209	63992237	118	1.1269
RAZEE_p_TCGA_277_b2_N_GenomeWideSNP_6_C06_1320982	12	63995407	64220394	143	1.3788
RAZEE_p_TCGA_277_b2_N_GenomeWideSNP_6_C06_1320982	12	64224484	65197246	546	-0.3615
RAZEE_p_TCGA_277_b2_N_GenomeWideSNP_6_C06_1320982	12	65201331	66200354	576	1.8563
RAZEE_p_TCGA_277_b2_N_GenomeWideSNP_6_C06_1320982	12	66203921	68498192	1750	-0.3649
RAZEE_p_TCGA_277_b2_N_GenomeWideSNP_6_C06_1320982	12	68500865	68501063	2	-1.8952
RAZEE_p_TCGA_277_b2_N_GenomeWideSNP_6_C06_1320982	12	68503709	68651341	82	-0.4063
RAZEE_p_TCGA_277_b2_N_GenomeWideSNP_6_C06_1320982	12	68651662	69317758	437	1.7853
RAZEE_p_TCGA_277_b2_N_GenomeWideSNP_6_C06_1320982	12	69321033	70094127	556	-0.3852
RAZEE_p_TCGA_277_b2_N_GenomeWideSNP_6_C06_1320982	12	70094690	70449646	201	1.8494
RAZEE_p_TCGA_277_b2_N_GenomeWideSNP_6_C06_1320982	12	70454794	132605822	36445	-0.3708
RAZEE_p_TCGA_277_b2_N_GenomeWideSNP_6_C06_1320982	13	18874255	19952621	379	0.0825
RAZEE_p_TCGA_277_b2_N_GenomeWideSNP_6_C06_1320982	13	19953271	24294638	2370	0.1185
RAZEE_p_TCGA_277_b2_N_GenomeWideSNP_6_C06_1320982	13	24295734	31507547	4941	0.2151
RAZEE_p_TCGA_277_b2_N_GenomeWideSNP_6_C06_1320982	13	31507632	32674394	763	0.4308
RAZEE_p_TCGA_277_b2_N_GenomeWideSNP_6_C06_1320982	13	32678853	33727607	720	0.5305
RAZEE_p_TCGA_277_b2_N_GenomeWideSNP_6_C06_1320982	13	33728040	34110963	294	0.6303
RAZEE_p_TCGA_277_b2_N_GenomeWideSNP_6_C06_1320982	13	34111030	34382813	218	0.4268
RAZEE_p_TCGA_277_b2_N_GenomeWideSNP_6_C06_1320982	13	34382877	34514054	96	0.2941
RAZEE_p_TCGA_277_b2_N_GenomeWideSNP_6_C06_1320982	13	34518186	35950071	893	0.4431
RAZEE_p_TCGA_277_b2_N_GenomeWideSNP_6_C06_1320982	13	35950513	48598472	8346	-0.2678
RAZEE_p_TCGA_277_b2_N_GenomeWideSNP_6_C06_1320982	13	48598640	113513414	37807	-0.0542
RAZEE_p_TCGA_277_b2_N_GenomeWideSNP_6_C06_1320982	13	113513481	114226675	196	-0.7714
RAZEE_p_TCGA_277_b2_N_GenomeWideSNP_6_C06_1320982	14	20033191	23038785	1004	-0.3799
RAZEE_p_TCGA_277_b2_N_GenomeWideSNP_6_C06_1320982	14	23039170	25796438	1646	-0.0837
RAZEE_p_TCGA_277_b2_N_GenomeWideSNP_6_C06_1320982	14	25797075	26026520	155	-0.3492
RAZEE_p_TCGA_277_b2_N_GenomeWideSNP_6_C06_1320982	14	26030541	28278194	1174	-0.0906
RAZEE_p_TCGA_277_b2_N_GenomeWideSNP_6_C06_1320982	14	28279030	80927232	30893	-0.3662
RAZEE_p_TCGA_277_b2_N_GenomeWideSNP_6_C06_1320982	14	80927779	83302920	1565	-0.7142
RAZEE_p_TCGA_277_b2_N_GenomeWideSNP_6_C06_1320982	14	83304649	83619262	188	-0.088
RAZEE_p_TCGA_277_b2_N_GenomeWideSNP_6_C06_1320982	14	83620794	90355731	4079	-0.7273
RAZEE_p_TCGA_277_b2_N_GenomeWideSNP_6_C06_1320982	14	90364611	90419255	35	0.1215
RAZEE_p_TCGA_277_b2_N_GenomeWideSNP_6_C06_1320982	14	90425490	90494159	47	-0.6839
RAZEE_p_TCGA_277_b2_N_GenomeWideSNP_6_C06_1320982	14	90496114	91249930	426	0.3852
RAZEE_p_TCGA_277_b2_N_GenomeWideSNP_6_C06_1320982	14	91260421	96607191	3685	-0.7459
RAZEE_p_TCGA_277_b2_N_GenomeWideSNP_6_C06_1320982	14	96612995	96715448	83	0.6264
RAZEE_p_TCGA_277_b2_N_GenomeWideSNP_6_C06_1320982	14	96716513	100015625	2374	-0.7448
RAZEE_p_TCGA_277_b2_N_GenomeWideSNP_6_C06_1320982	14	100018359	100244427	118	-0.0512
RAZEE_p_TCGA_277_b2_N_GenomeWideSNP_6_C06_1320982	14	100250104	101289257	610	0.5785
RAZEE_p_TCGA_277_b2_N_GenomeWideSNP_6_C06_1320982	14	101289860	101321937	26	-0.6205
RAZEE_p_TCGA_277_b2_N_GenomeWideSNP_6_C06_1320982	14	101325833	101375529	44	-0.09
RAZEE_p_TCGA_277_b2_N_GenomeWideSNP_6_C06_1320982	14	101378247	102479254	481	-0.7406
RAZEE_p_TCGA_277_b2_N_GenomeWideSNP_6_C06_1320982	14	102480004	102536040	26	-0.2107
RAZEE_p_TCGA_277_b2_N_GenomeWideSNP_6_C06_1320982	14	102545549	102667048	48	1.1023
RAZEE_p_TCGA_277_b2_N_GenomeWideSNP_6_C06_1320982	14	102681620	102688607	5	0.5315
RAZEE_p_TCGA_277_b2_N_GenomeWideSNP_6_C06_1320982	14	102690692	102708715	10	1.4512
RAZEE_p_TCGA_277_b2_N_GenomeWideSNP_6_C06_1320982	14	102711307	102833609	63	1.1223
RAZEE_p_TCGA_277_b2_N_GenomeWideSNP_6_C06_1320982	14	102834848	102918315	47	1.3339
RAZEE_p_TCGA_277_b2_N_GenomeWideSNP_6_C06_1320982	14	102925361	103079265	80	0.767
RAZEE_p_TCGA_277_b2_N_GenomeWideSNP_6_C06_1320982	14	103094249	104187215	494	-0.7327
RAZEE_p_TCGA_277_b2_N_GenomeWideSNP_6_C06_1320982	14	104195991	104298122	41	0.7861
RAZEE_p_TCGA_277_b2_N_GenomeWideSNP_6_C06_1320982	14	104302780	104498286	21	1.0678
RAZEE_p_TCGA_277_b2_N_GenomeWideSNP_6_C06_1320982	14	104498700	105254237	203	0.6494
RAZEE_p_TCGA_277_b2_N_GenomeWideSNP_6_C06_1320982	14	105255266	105533894	77	-0.7459
RAZEE_p_TCGA_277_b2_N_GenomeWideSNP_6_C06_1320982	15	23437561	23581614	107	0.2258
RAZEE_p_TCGA_277_b2_N_GenomeWideSNP_6_C06_1320982	15	23582526	39918082	8228	0.1596
RAZEE_p_TCGA_277_b2_N_GenomeWideSNP_6_C06_1320982	15	39921195	45371991	2387	0.1272
RAZEE_p_TCGA_277_b2_N_GenomeWideSNP_6_C06_1320982	15	45372156	66749008	13794	0.1648
RAZEE_p_TCGA_277_b2_N_GenomeWideSNP_6_C06_1320982	15	66749379	101344124	20304	0.2002
RAZEE_p_TCGA_277_b2_N_GenomeWideSNP_6_C06_1320982	16	603333	46473753	14078	0.1577
RAZEE_p_TCGA_277_b2_N_GenomeWideSNP_6_C06_1320982	16	46474548	89317317	27179	-0.0129
RAZEE_p_TCGA_277_b2_N_GenomeWideSNP_6_C06_1320982	17	1074619	9913314	4578	-0.4142
RAZEE_p_TCGA_277_b2_N_GenomeWideSNP_6_C06_1320982	17	9916380	10141106	97	0.1707
RAZEE_p_TCGA_277_b2_N_GenomeWideSNP_6_C06_1320982	17	10143755	26943491	5095	-0.3916
RAZEE_p_TCGA_277_b2_N_GenomeWideSNP_6_C06_1320982	17	26943774	38600183	5097	0.1614
RAZEE_p_TCGA_277_b2_N_GenomeWideSNP_6_C06_1320982	17	38600224	38668462	36	-0.4193
RAZEE_p_TCGA_277_b2_N_GenomeWideSNP_6_C06_1320982	17	38679862	42978530	2026	-0.0903
RAZEE_p_TCGA_277_b2_N_GenomeWideSNP_6_C06_1320982	17	42982395	42982411	2	-1.7216
RAZEE_p_TCGA_277_b2_N_GenomeWideSNP_6_C06_1320982	17	42984691	75022195	17100	-0.0723
RAZEE_p_TCGA_277_b2_N_GenomeWideSNP_6_C06_1320982	17	75022528	75816090	315	-0.3827
RAZEE_p_TCGA_277_b2_N_GenomeWideSNP_6_C06_1320982	17	75818172	82959812	2984	0.1404
RAZEE_p_TCGA_277_b2_N_GenomeWideSNP_6_C06_1320982	18	326691	9951307	5512	-0.1316
RAZEE_p_TCGA_277_b2_N_GenomeWideSNP_6_C06_1320982	18	9951997	9952791	2	-1.4876
RAZEE_p_TCGA_277_b2_N_GenomeWideSNP_6_C06_1320982	18	9954061	21654502	2971	-0.1246
RAZEE_p_TCGA_277_b2_N_GenomeWideSNP_6_C06_1320982	18	21654817	32397782	6602	-0.1645
RAZEE_p_TCGA_277_b2_N_GenomeWideSNP_6_C06_1320982	18	32401062	32401065	3	-1.2294
RAZEE_p_TCGA_277_b2_N_GenomeWideSNP_6_C06_1320982	18	32402540	69481194	22962	-0.1657
RAZEE_p_TCGA_277_b2_N_GenomeWideSNP_6_C06_1320982	18	69488074	69539305	87	0.5117
RAZEE_p_TCGA_277_b2_N_GenomeWideSNP_6_C06_1320982	18	69539991	69631132	60	-0.236
RAZEE_p_TCGA_277_b2_N_GenomeWideSNP_6_C06_1320982	18	69633645	69712872	55	0.272
RAZEE_p_TCGA_277_b2_N_GenomeWideSNP_6_C06_1320982	18	69713532	70059739	186	0.5792
RAZEE_p_TCGA_277_b2_N_GenomeWideSNP_6_C06_1320982	18	70061631	76776411	2891	-0.1588
RAZEE_p_TCGA_277_b2_N_GenomeWideSNP_6_C06_1320982	18	76779176	76854802	50	0.4641
RAZEE_p_TCGA_277_b2_N_GenomeWideSNP_6_C06_1320982	18	76859767	77826651	715	-0.1648
RAZEE_p_TCGA_277_b2_N_GenomeWideSNP_6_C06_1320982	18	77826947	77949243	75	0.907
RAZEE_p_TCGA_277_b2_N_GenomeWideSNP_6_C06_1320982	18	77949798	78119847	134	1.1058
RAZEE_p_TCGA_277_b2_N_GenomeWideSNP_6_C06_1320982	18	78124860	78346960	102	0.9011
RAZEE_p_TCGA_277_b2_N_GenomeWideSNP_6_C06_1320982	18	78352252	78480143	78	-0.1799
RAZEE_p_TCGA_277_b2_N_GenomeWideSNP_6_C06_1320982	18	78483521	79013129	284	0.4745
RAZEE_p_TCGA_277_b2_N_GenomeWideSNP_6_C06_1320982	18	79021029	79349796	183	-0.1689
RAZEE_p_TCGA_277_b2_N_GenomeWideSNP_6_C06_1320982	19	283868	4406163	1006	-0.4333
RAZEE_p_TCGA_277_b2_N_GenomeWideSNP_6_C06_1320982	19	4673369	27749470	8101	0.1212
RAZEE_p_TCGA_277_b2_N_GenomeWideSNP_6_C06_1320982	19	27749586	28974413	940	0.1867
RAZEE_p_TCGA_277_b2_N_GenomeWideSNP_6_C06_1320982	19	28979002	29969929	794	0.2628
RAZEE_p_TCGA_277_b2_N_GenomeWideSNP_6_C06_1320982	19	29974636	30844254	595	-0.036
RAZEE_p_TCGA_277_b2_N_GenomeWideSNP_6_C06_1320982	19	30845968	32442996	1147	0.9009
RAZEE_p_TCGA_277_b2_N_GenomeWideSNP_6_C06_1320982	19	32443310	33867802	874	0.211
RAZEE_p_TCGA_277_b2_N_GenomeWideSNP_6_C06_1320982	19	33868429	34430094	355	0.7101
RAZEE_p_TCGA_277_b2_N_GenomeWideSNP_6_C06_1320982	19	34430243	34517639	50	1.0089
RAZEE_p_TCGA_277_b2_N_GenomeWideSNP_6_C06_1320982	19	34521462	34548839	25	1.2497
RAZEE_p_TCGA_277_b2_N_GenomeWideSNP_6_C06_1320982	19	34549155	34962556	269	0.9918
RAZEE_p_TCGA_277_b2_N_GenomeWideSNP_6_C06_1320982	19	34980110	35007986	22	0.1533
RAZEE_p_TCGA_277_b2_N_GenomeWideSNP_6_C06_1320982	19	35009736	35420679	270	1.247
RAZEE_p_TCGA_277_b2_N_GenomeWideSNP_6_C06_1320982	19	35428968	37303948	879	0.1857
RAZEE_p_TCGA_277_b2_N_GenomeWideSNP_6_C06_1320982	19	37303972	38216349	474	0.6503
RAZEE_p_TCGA_277_b2_N_GenomeWideSNP_6_C06_1320982	19	38216363	38844634	320	0.5368
RAZEE_p_TCGA_277_b2_N_GenomeWideSNP_6_C06_1320982	19	38845559	39762564	387	0.6249
RAZEE_p_TCGA_277_b2_N_GenomeWideSNP_6_C06_1320982	19	39763510	41388773	742	0.1633
RAZEE_p_TCGA_277_b2_N_GenomeWideSNP_6_C06_1320982	19	41398491	41494760	52	0.9039
RAZEE_p_TCGA_277_b2_N_GenomeWideSNP_6_C06_1320982	19	41495302	41614850	64	1.2457
RAZEE_p_TCGA_277_b2_N_GenomeWideSNP_6_C06_1320982	19	41616807	41889423	122	0.7919
RAZEE_p_TCGA_277_b2_N_GenomeWideSNP_6_C06_1320982	19	41891715	41910478	7	0.6591
RAZEE_p_TCGA_277_b2_N_GenomeWideSNP_6_C06_1320982	19	41910858	42001892	25	0.123
RAZEE_p_TCGA_277_b2_N_GenomeWideSNP_6_C06_1320982	19	42005132	42093611	28	0.7087
RAZEE_p_TCGA_277_b2_N_GenomeWideSNP_6_C06_1320982	19	42094354	42112166	12	0.1163
RAZEE_p_TCGA_277_b2_N_GenomeWideSNP_6_C06_1320982	19	42122758	42323026	57	0.6812
RAZEE_p_TCGA_277_b2_N_GenomeWideSNP_6_C06_1320982	19	42327274	42387420	24	0.1632
RAZEE_p_TCGA_277_b2_N_GenomeWideSNP_6_C06_1320982	19	42388862	43610988	250	0.6617
RAZEE_p_TCGA_277_b2_N_GenomeWideSNP_6_C06_1320982	19	43615517	44084320	341	0.4685
RAZEE_p_TCGA_277_b2_N_GenomeWideSNP_6_C06_1320982	19	44085563	44163591	54	0.8466
RAZEE_p_TCGA_277_b2_N_GenomeWideSNP_6_C06_1320982	19	44167757	44596020	264	0.1995
RAZEE_p_TCGA_277_b2_N_GenomeWideSNP_6_C06_1320982	19	44601651	58370362	5694	0.3522
RAZEE_p_TCGA_277_b2_N_GenomeWideSNP_6_C06_1320982	20	472817	935220	338	0.1901
RAZEE_p_TCGA_277_b2_N_GenomeWideSNP_6_C06_1320982	20	937718	5822099	2814	0.1541
RAZEE_p_TCGA_277_b2_N_GenomeWideSNP_6_C06_1320982	20	5823218	17064830	7638	0.1959
RAZEE_p_TCGA_277_b2_N_GenomeWideSNP_6_C06_1320982	20	17065296	26217295	6184	-0.3888
RAZEE_p_TCGA_277_b2_N_GenomeWideSNP_6_C06_1320982	20	31247668	36962811	2662	0.508
RAZEE_p_TCGA_277_b2_N_GenomeWideSNP_6_C06_1320982	20	36963003	37093952	169	0.331
RAZEE_p_TCGA_277_b2_N_GenomeWideSNP_6_C06_1320982	20	37094427	63588502	17811	0.5394
RAZEE_p_TCGA_277_b2_N_GenomeWideSNP_6_C06_1320982	21	13974127	14730332	484	0.1732
RAZEE_p_TCGA_277_b2_N_GenomeWideSNP_6_C06_1320982	21	14730661	30651274	10264	0.2007
RAZEE_p_TCGA_277_b2_N_GenomeWideSNP_6_C06_1320982	21	30651875	46262057	10038	0.1727
RAZEE_p_TCGA_277_b2_N_GenomeWideSNP_6_C06_1320982	22	16934932	26610734	2678	0.1668
RAZEE_p_TCGA_277_b2_N_GenomeWideSNP_6_C06_1320982	22	26613972	26613977	2	1.6234
RAZEE_p_TCGA_277_b2_N_GenomeWideSNP_6_C06_1320982	22	26614533	40678244	8854	0.1621
RAZEE_p_TCGA_277_b2_N_GenomeWideSNP_6_C06_1320982	22	40681004	40736398	34	0.5243
RAZEE_p_TCGA_277_b2_N_GenomeWideSNP_6_C06_1320982	22	40737671	48940621	5538	0.1611
RAZEE_p_TCGA_277_b2_N_GenomeWideSNP_6_C06_1320982	X	3236359	50014164	21017	-0.2805
RAZEE_p_TCGA_277_b2_N_GenomeWideSNP_6_C06_1320982	X	50019277	51502609	766	0.3365
RAZEE_p_TCGA_277_b2_N_GenomeWideSNP_6_C06_1320982	X	51502635	68060365	4192	0.2165
RAZEE_p_TCGA_277_b2_N_GenomeWideSNP_6_C06_1320982	X	68060539	73921061	2378	0.0236
RAZEE_p_TCGA_277_b2_N_GenomeWideSNP_6_C06_1320982	X	73921659	73922880	2	1.1887
RAZEE_p_TCGA_277_b2_N_GenomeWideSNP_6_C06_1320982	X	73925348	80945953	2471	0.0223
RAZEE_p_TCGA_277_b2_N_GenomeWideSNP_6_C06_1320982	X	80947000	93571047	5074	0.2256
RAZEE_p_TCGA_277_b2_N_GenomeWideSNP_6_C06_1320982	X	93571595	98681691	2125	-0.0318
RAZEE_p_TCGA_277_b2_N_GenomeWideSNP_6_C06_1320982	X	98682835	122953905	11465	0.1843
RAZEE_p_TCGA_277_b2_N_GenomeWideSNP_6_C06_1320982	X	122954590	125341668	1465	-0.0405
RAZEE_p_TCGA_277_b2_N_GenomeWideSNP_6_C06_1320982	X	125343103	141111400	6735	0.188
RAZEE_p_TCGA_277_b2_N_GenomeWideSNP_6_C06_1320982	X	141114958	148790903	4237	-0.0367
RAZEE_p_TCGA_277_b2_N_GenomeWideSNP_6_C06_1320982	X	148792207	155677414	2404	0.2305
