Sample	Chromosome	Start	End	Num_Probes	Segment_Mean
SHUNS_p_TCGAb_388_389_NSP_GenomeWideSNP_6_D03_1464564	1	3301765	5461468	1496	0.1575
SHUNS_p_TCGAb_388_389_NSP_GenomeWideSNP_6_D03_1464564	1	5466119	7868121	1472	0.1108
SHUNS_p_TCGAb_388_389_NSP_GenomeWideSNP_6_D03_1464564	1	7868699	12366567	2188	0.0505
SHUNS_p_TCGAb_388_389_NSP_GenomeWideSNP_6_D03_1464564	1	12366666	13870286	502	0.0979
SHUNS_p_TCGAb_388_389_NSP_GenomeWideSNP_6_D03_1464564	1	13871234	15375905	1222	0.153
SHUNS_p_TCGAb_388_389_NSP_GenomeWideSNP_6_D03_1464564	1	15375938	17640549	861	0.0491
SHUNS_p_TCGAb_388_389_NSP_GenomeWideSNP_6_D03_1464564	1	17641264	20312870	1918	0.1184
SHUNS_p_TCGAb_388_389_NSP_GenomeWideSNP_6_D03_1464564	1	20318259	23319835	1614	0.0805
SHUNS_p_TCGAb_388_389_NSP_GenomeWideSNP_6_D03_1464564	1	23326452	28309378	2170	0.0473
SHUNS_p_TCGAb_388_389_NSP_GenomeWideSNP_6_D03_1464564	1	28311566	28311748	2	-1.0884
SHUNS_p_TCGAb_388_389_NSP_GenomeWideSNP_6_D03_1464564	1	28313899	28936058	212	0.0331
SHUNS_p_TCGAb_388_389_NSP_GenomeWideSNP_6_D03_1464564	1	28944500	47515835	10038	0.0999
SHUNS_p_TCGAb_388_389_NSP_GenomeWideSNP_6_D03_1464564	1	47516970	50298888	1598	0.1971
SHUNS_p_TCGAb_388_389_NSP_GenomeWideSNP_6_D03_1464564	1	50299668	54882206	2342	0.1019
SHUNS_p_TCGAb_388_389_NSP_GenomeWideSNP_6_D03_1464564	1	54888266	61661276	5087	0.1958
SHUNS_p_TCGAb_388_389_NSP_GenomeWideSNP_6_D03_1464564	1	61661425	62832986	737	0.1306
SHUNS_p_TCGAb_388_389_NSP_GenomeWideSNP_6_D03_1464564	1	62833095	80731535	10944	0.2027
SHUNS_p_TCGAb_388_389_NSP_GenomeWideSNP_6_D03_1464564	1	80737369	80918463	115	0.7022
SHUNS_p_TCGAb_388_389_NSP_GenomeWideSNP_6_D03_1464564	1	80926946	88553332	5022	0.2119
SHUNS_p_TCGAb_388_389_NSP_GenomeWideSNP_6_D03_1464564	1	88562189	89600493	591	0.1396
SHUNS_p_TCGAb_388_389_NSP_GenomeWideSNP_6_D03_1464564	1	89600531	92366344	1667	0.1989
SHUNS_p_TCGAb_388_389_NSP_GenomeWideSNP_6_D03_1464564	1	92367645	93508548	529	0.1135
SHUNS_p_TCGAb_388_389_NSP_GenomeWideSNP_6_D03_1464564	1	93508964	99954227	4104	0.2032
SHUNS_p_TCGAb_388_389_NSP_GenomeWideSNP_6_D03_1464564	1	99954311	100343443	201	0.0791
SHUNS_p_TCGAb_388_389_NSP_GenomeWideSNP_6_D03_1464564	1	100344138	108541678	4440	0.1971
SHUNS_p_TCGAb_388_389_NSP_GenomeWideSNP_6_D03_1464564	1	108544068	115070252	3962	0.1376
SHUNS_p_TCGAb_388_389_NSP_GenomeWideSNP_6_D03_1464564	1	115070326	119984772	3143	0.1977
SHUNS_p_TCGAb_388_389_NSP_GenomeWideSNP_6_D03_1464564	1	149906351	151691956	664	0.5107
SHUNS_p_TCGAb_388_389_NSP_GenomeWideSNP_6_D03_1464564	1	151693162	153301277	976	0.6682
SHUNS_p_TCGAb_388_389_NSP_GenomeWideSNP_6_D03_1464564	1	153302849	156833150	1599	0.5612
SHUNS_p_TCGAb_388_389_NSP_GenomeWideSNP_6_D03_1464564	1	156834329	160175917	2197	0.6738
SHUNS_p_TCGAb_388_389_NSP_GenomeWideSNP_6_D03_1464564	1	160176383	161732351	814	0.5976
SHUNS_p_TCGAb_388_389_NSP_GenomeWideSNP_6_D03_1464564	1	161732594	165632128	3123	0.7126
SHUNS_p_TCGAb_388_389_NSP_GenomeWideSNP_6_D03_1464564	1	165632329	173680297	5611	0.6824
SHUNS_p_TCGAb_388_389_NSP_GenomeWideSNP_6_D03_1464564	1	173680855	175051406	651	0.612
SHUNS_p_TCGAb_388_389_NSP_GenomeWideSNP_6_D03_1464564	1	175052667	176430547	602	0.6792
SHUNS_p_TCGAb_388_389_NSP_GenomeWideSNP_6_D03_1464564	1	176433120	178715863	1480	0.7302
SHUNS_p_TCGAb_388_389_NSP_GenomeWideSNP_6_D03_1464564	1	178716168	185972695	4795	0.6655
SHUNS_p_TCGAb_388_389_NSP_GenomeWideSNP_6_D03_1464564	1	185972855	197990782	6953	0.7088
SHUNS_p_TCGAb_388_389_NSP_GenomeWideSNP_6_D03_1464564	1	197991759	197993385	3	-0.2956
SHUNS_p_TCGAb_388_389_NSP_GenomeWideSNP_6_D03_1464564	1	197995021	198352051	210	0.7208
SHUNS_p_TCGAb_388_389_NSP_GenomeWideSNP_6_D03_1464564	1	198352227	207844570	6011	0.6376
SHUNS_p_TCGAb_388_389_NSP_GenomeWideSNP_6_D03_1464564	1	207844729	211088479	2539	0.7075
SHUNS_p_TCGAb_388_389_NSP_GenomeWideSNP_6_D03_1464564	1	211089492	213287610	1289	0.6369
SHUNS_p_TCGAb_388_389_NSP_GenomeWideSNP_6_D03_1464564	1	213288617	219813237	4607	0.7314
SHUNS_p_TCGAb_388_389_NSP_GenomeWideSNP_6_D03_1464564	1	219814705	221067455	766	0.6784
SHUNS_p_TCGAb_388_389_NSP_GenomeWideSNP_6_D03_1464564	1	221068178	221068378	2	-0.4406
SHUNS_p_TCGAb_388_389_NSP_GenomeWideSNP_6_D03_1464564	1	221070587	223430540	1476	0.694
SHUNS_p_TCGAb_388_389_NSP_GenomeWideSNP_6_D03_1464564	1	223434047	223519820	70	0.8032
SHUNS_p_TCGAb_388_389_NSP_GenomeWideSNP_6_D03_1464564	1	223520224	225711110	1225	0.6523
SHUNS_p_TCGAb_388_389_NSP_GenomeWideSNP_6_D03_1464564	1	225712708	226352049	270	0.5477
SHUNS_p_TCGAb_388_389_NSP_GenomeWideSNP_6_D03_1464564	1	226352305	229720200	1933	0.6466
SHUNS_p_TCGAb_388_389_NSP_GenomeWideSNP_6_D03_1464564	1	229725739	233823659	2994	0.6853
SHUNS_p_TCGAb_388_389_NSP_GenomeWideSNP_6_D03_1464564	1	233827424	233828272	2	-0.6797
SHUNS_p_TCGAb_388_389_NSP_GenomeWideSNP_6_D03_1464564	1	233830577	234337032	430	0.6966
SHUNS_p_TCGAb_388_389_NSP_GenomeWideSNP_6_D03_1464564	1	234337336	236857860	1573	0.6315
SHUNS_p_TCGAb_388_389_NSP_GenomeWideSNP_6_D03_1464564	1	236858934	241008362	3257	0.7151
SHUNS_p_TCGAb_388_389_NSP_GenomeWideSNP_6_D03_1464564	1	241010465	241010467	2	-0.7597
SHUNS_p_TCGAb_388_389_NSP_GenomeWideSNP_6_D03_1464564	1	241010702	247650984	3580	0.6793
SHUNS_p_TCGAb_388_389_NSP_GenomeWideSNP_6_D03_1464564	2	480597	7770650	4431	0.2079
SHUNS_p_TCGAb_388_389_NSP_GenomeWideSNP_6_D03_1464564	2	7770912	11971134	2835	0.1394
SHUNS_p_TCGAb_388_389_NSP_GenomeWideSNP_6_D03_1464564	2	11971833	23800280	7985	0.1865
SHUNS_p_TCGAb_388_389_NSP_GenomeWideSNP_6_D03_1464564	2	23803810	29037219	2346	0.0802
SHUNS_p_TCGAb_388_389_NSP_GenomeWideSNP_6_D03_1464564	2	29037240	30048484	909	0.1935
SHUNS_p_TCGAb_388_389_NSP_GenomeWideSNP_6_D03_1464564	2	30048823	30089400	18	-0.755
SHUNS_p_TCGAb_388_389_NSP_GenomeWideSNP_6_D03_1464564	2	30092056	31879685	1126	0.1725
SHUNS_p_TCGAb_388_389_NSP_GenomeWideSNP_6_D03_1464564	2	31882577	33134223	228	0.0597
SHUNS_p_TCGAb_388_389_NSP_GenomeWideSNP_6_D03_1464564	2	33134390	36901207	2298	0.1873
SHUNS_p_TCGAb_388_389_NSP_GenomeWideSNP_6_D03_1464564	2	36905547	38331727	501	0.1128
SHUNS_p_TCGAb_388_389_NSP_GenomeWideSNP_6_D03_1464564	2	38332083	38332751	2	-0.7539
SHUNS_p_TCGAb_388_389_NSP_GenomeWideSNP_6_D03_1464564	2	38335131	38877561	302	0.0872
SHUNS_p_TCGAb_388_389_NSP_GenomeWideSNP_6_D03_1464564	2	38878640	41953772	1898	0.1965
SHUNS_p_TCGAb_388_389_NSP_GenomeWideSNP_6_D03_1464564	2	41955946	43581882	970	0.1059
SHUNS_p_TCGAb_388_389_NSP_GenomeWideSNP_6_D03_1464564	2	43582109	46370157	1978	0.1582
SHUNS_p_TCGAb_388_389_NSP_GenomeWideSNP_6_D03_1464564	2	46370688	46466885	89	0.112
SHUNS_p_TCGAb_388_389_NSP_GenomeWideSNP_6_D03_1464564	2	46468368	46476251	15	-0.3327
SHUNS_p_TCGAb_388_389_NSP_GenomeWideSNP_6_D03_1464564	2	46478526	48605275	1231	0.106
SHUNS_p_TCGAb_388_389_NSP_GenomeWideSNP_6_D03_1464564	2	48605877	53630224	2749	0.2078
SHUNS_p_TCGAb_388_389_NSP_GenomeWideSNP_6_D03_1464564	2	53632461	55860838	1035	0.1128
SHUNS_p_TCGAb_388_389_NSP_GenomeWideSNP_6_D03_1464564	2	55861142	60810626	3024	0.1815
SHUNS_p_TCGAb_388_389_NSP_GenomeWideSNP_6_D03_1464564	2	60812000	65591255	2374	0.1101
SHUNS_p_TCGAb_388_389_NSP_GenomeWideSNP_6_D03_1464564	2	65591312	67784842	1658	0.2041
SHUNS_p_TCGAb_388_389_NSP_GenomeWideSNP_6_D03_1464564	2	67785286	68970815	652	0.1345
SHUNS_p_TCGAb_388_389_NSP_GenomeWideSNP_6_D03_1464564	2	68972697	69187455	187	0.1961
SHUNS_p_TCGAb_388_389_NSP_GenomeWideSNP_6_D03_1464564	2	69189243	74294337	2823	0.1072
SHUNS_p_TCGAb_388_389_NSP_GenomeWideSNP_6_D03_1464564	2	74296820	77354256	1799	0.1892
SHUNS_p_TCGAb_388_389_NSP_GenomeWideSNP_6_D03_1464564	2	77357771	77442506	43	0.7247
SHUNS_p_TCGAb_388_389_NSP_GenomeWideSNP_6_D03_1464564	2	77444369	84806922	3864	0.1875
SHUNS_p_TCGAb_388_389_NSP_GenomeWideSNP_6_D03_1464564	2	84807495	99359407	2937	0.0938
SHUNS_p_TCGAb_388_389_NSP_GenomeWideSNP_6_D03_1464564	2	99359828	102895834	2297	0.1347
SHUNS_p_TCGAb_388_389_NSP_GenomeWideSNP_6_D03_1464564	2	102900289	108502717	3470	0.1709
SHUNS_p_TCGAb_388_389_NSP_GenomeWideSNP_6_D03_1464564	2	108507822	114306107	2477	0.1264
SHUNS_p_TCGAb_388_389_NSP_GenomeWideSNP_6_D03_1464564	2	114311991	119058652	2406	0.1785
SHUNS_p_TCGAb_388_389_NSP_GenomeWideSNP_6_D03_1464564	2	119059535	121786020	1577	0.1302
SHUNS_p_TCGAb_388_389_NSP_GenomeWideSNP_6_D03_1464564	2	121786885	126852555	2350	0.192
SHUNS_p_TCGAb_388_389_NSP_GenomeWideSNP_6_D03_1464564	2	126852705	129131304	1340	0.13
SHUNS_p_TCGAb_388_389_NSP_GenomeWideSNP_6_D03_1464564	2	129131824	134469880	2330	0.1855
SHUNS_p_TCGAb_388_389_NSP_GenomeWideSNP_6_D03_1464564	2	134470489	136508211	1121	0.0991
SHUNS_p_TCGAb_388_389_NSP_GenomeWideSNP_6_D03_1464564	2	136509131	151207591	8294	0.1845
SHUNS_p_TCGAb_388_389_NSP_GenomeWideSNP_6_D03_1464564	2	151208365	152483309	860	0.108
SHUNS_p_TCGAb_388_389_NSP_GenomeWideSNP_6_D03_1464564	2	152484207	161930024	5383	0.1737
SHUNS_p_TCGAb_388_389_NSP_GenomeWideSNP_6_D03_1464564	2	161931361	168180380	3563	0.2174
SHUNS_p_TCGAb_388_389_NSP_GenomeWideSNP_6_D03_1464564	2	168182860	170868741	1810	0.1843
SHUNS_p_TCGAb_388_389_NSP_GenomeWideSNP_6_D03_1464564	2	170870660	175608816	2920	0.144
SHUNS_p_TCGAb_388_389_NSP_GenomeWideSNP_6_D03_1464564	2	175609801	195484482	10125	0.1831
SHUNS_p_TCGAb_388_389_NSP_GenomeWideSNP_6_D03_1464564	2	195485831	197953839	1296	0.1254
SHUNS_p_TCGAb_388_389_NSP_GenomeWideSNP_6_D03_1464564	2	197953902	200779943	1812	0.1903
SHUNS_p_TCGAb_388_389_NSP_GenomeWideSNP_6_D03_1464564	2	200783470	201586319	338	0.0883
SHUNS_p_TCGAb_388_389_NSP_GenomeWideSNP_6_D03_1464564	2	201590092	202055780	279	0.1874
SHUNS_p_TCGAb_388_389_NSP_GenomeWideSNP_6_D03_1464564	2	202060508	203689807	652	0.0997
SHUNS_p_TCGAb_388_389_NSP_GenomeWideSNP_6_D03_1464564	2	203698292	218226086	9120	0.1868
SHUNS_p_TCGAb_388_389_NSP_GenomeWideSNP_6_D03_1464564	2	218231610	219585835	645	0.09
SHUNS_p_TCGAb_388_389_NSP_GenomeWideSNP_6_D03_1464564	2	219587179	229656584	6642	0.1893
SHUNS_p_TCGAb_388_389_NSP_GenomeWideSNP_6_D03_1464564	2	229656643	233604592	1846	0.102
SHUNS_p_TCGAb_388_389_NSP_GenomeWideSNP_6_D03_1464564	2	233608068	237586472	2778	0.1711
SHUNS_p_TCGAb_388_389_NSP_GenomeWideSNP_6_D03_1464564	2	237587200	241537572	2189	0.1123
SHUNS_p_TCGAb_388_389_NSP_GenomeWideSNP_6_D03_1464564	3	2170634	9233035	4185	0.1936
SHUNS_p_TCGAb_388_389_NSP_GenomeWideSNP_6_D03_1464564	3	9233211	15969105	4271	0.1184
SHUNS_p_TCGAb_388_389_NSP_GenomeWideSNP_6_D03_1464564	3	15969695	17935337	1210	0.1557
SHUNS_p_TCGAb_388_389_NSP_GenomeWideSNP_6_D03_1464564	3	17940709	25696742	4502	0.1882
SHUNS_p_TCGAb_388_389_NSP_GenomeWideSNP_6_D03_1464564	3	25702977	25703869	2	-1.4016
SHUNS_p_TCGAb_388_389_NSP_GenomeWideSNP_6_D03_1464564	3	25704534	27419052	674	0.1944
SHUNS_p_TCGAb_388_389_NSP_GenomeWideSNP_6_D03_1464564	3	27420969	27421732	2	1.3308
SHUNS_p_TCGAb_388_389_NSP_GenomeWideSNP_6_D03_1464564	3	27424212	30149632	1839	0.199
SHUNS_p_TCGAb_388_389_NSP_GenomeWideSNP_6_D03_1464564	3	30151053	30151074	2	-1.1507
SHUNS_p_TCGAb_388_389_NSP_GenomeWideSNP_6_D03_1464564	3	30151286	31748716	1125	0.192
SHUNS_p_TCGAb_388_389_NSP_GenomeWideSNP_6_D03_1464564	3	31752365	33836407	1169	0.1256
SHUNS_p_TCGAb_388_389_NSP_GenomeWideSNP_6_D03_1464564	3	33842665	36160350	1408	0.1927
SHUNS_p_TCGAb_388_389_NSP_GenomeWideSNP_6_D03_1464564	3	36165793	44198234	4796	0.1486
SHUNS_p_TCGAb_388_389_NSP_GenomeWideSNP_6_D03_1464564	3	44200794	46926533	1560	0.1126
SHUNS_p_TCGAb_388_389_NSP_GenomeWideSNP_6_D03_1464564	3	46927313	52523433	2166	0.0469
SHUNS_p_TCGAb_388_389_NSP_GenomeWideSNP_6_D03_1464564	3	52526974	53485895	508	0.0822
SHUNS_p_TCGAb_388_389_NSP_GenomeWideSNP_6_D03_1464564	3	53486113	56596625	2365	0.1741
SHUNS_p_TCGAb_388_389_NSP_GenomeWideSNP_6_D03_1464564	3	56596684	58604687	1100	0.1165
SHUNS_p_TCGAb_388_389_NSP_GenomeWideSNP_6_D03_1464564	3	58608027	61825333	1255	0.1699
SHUNS_p_TCGAb_388_389_NSP_GenomeWideSNP_6_D03_1464564	3	61826983	65414551	2953	0.2284
SHUNS_p_TCGAb_388_389_NSP_GenomeWideSNP_6_D03_1464564	3	65417666	69380076	2682	0.1712
SHUNS_p_TCGAb_388_389_NSP_GenomeWideSNP_6_D03_1464564	3	69381459	71150187	1271	0.2133
SHUNS_p_TCGAb_388_389_NSP_GenomeWideSNP_6_D03_1464564	3	71155787	73265884	1480	0.138
SHUNS_p_TCGAb_388_389_NSP_GenomeWideSNP_6_D03_1464564	3	73266350	96310142	9902	0.1983
SHUNS_p_TCGAb_388_389_NSP_GenomeWideSNP_6_D03_1464564	3	96312315	119639066	13394	0.1778
SHUNS_p_TCGAb_388_389_NSP_GenomeWideSNP_6_D03_1464564	3	119639472	126869964	4130	0.1455
SHUNS_p_TCGAb_388_389_NSP_GenomeWideSNP_6_D03_1464564	3	126875507	127402361	319	0.1868
SHUNS_p_TCGAb_388_389_NSP_GenomeWideSNP_6_D03_1464564	3	127405669	128710332	737	0.1095
SHUNS_p_TCGAb_388_389_NSP_GenomeWideSNP_6_D03_1464564	3	128710413	128712082	5	-0.7544
SHUNS_p_TCGAb_388_389_NSP_GenomeWideSNP_6_D03_1464564	3	128714553	129954167	540	0.071
SHUNS_p_TCGAb_388_389_NSP_GenomeWideSNP_6_D03_1464564	3	129954549	136072377	3788	0.1707
SHUNS_p_TCGAb_388_389_NSP_GenomeWideSNP_6_D03_1464564	3	136075134	136896190	278	0.0686
SHUNS_p_TCGAb_388_389_NSP_GenomeWideSNP_6_D03_1464564	3	136898711	138466043	808	0.1662
SHUNS_p_TCGAb_388_389_NSP_GenomeWideSNP_6_D03_1464564	3	138466433	139106494	270	0.0825
SHUNS_p_TCGAb_388_389_NSP_GenomeWideSNP_6_D03_1464564	3	139106699	141392908	1551	0.1978
SHUNS_p_TCGAb_388_389_NSP_GenomeWideSNP_6_D03_1464564	3	141394470	141922263	302	0.1008
SHUNS_p_TCGAb_388_389_NSP_GenomeWideSNP_6_D03_1464564	3	141927796	141944666	6	0.5387
SHUNS_p_TCGAb_388_389_NSP_GenomeWideSNP_6_D03_1464564	3	141944910	142996052	367	0.1153
SHUNS_p_TCGAb_388_389_NSP_GenomeWideSNP_6_D03_1464564	3	142997968	173244564	15659	0.1796
SHUNS_p_TCGAb_388_389_NSP_GenomeWideSNP_6_D03_1464564	3	173244637	174733208	674	0.2418
SHUNS_p_TCGAb_388_389_NSP_GenomeWideSNP_6_D03_1464564	3	174735451	182887100	4158	0.1775
SHUNS_p_TCGAb_388_389_NSP_GenomeWideSNP_6_D03_1464564	3	182887124	186862280	1877	0.1215
SHUNS_p_TCGAb_388_389_NSP_GenomeWideSNP_6_D03_1464564	3	186862505	194732837	5086	0.1709
SHUNS_p_TCGAb_388_389_NSP_GenomeWideSNP_6_D03_1464564	3	194734160	197812401	804	0.0745
SHUNS_p_TCGAb_388_389_NSP_GenomeWideSNP_6_D03_1464564	4	1059384	4257325	1183	0.1101
SHUNS_p_TCGAb_388_389_NSP_GenomeWideSNP_6_D03_1464564	4	4257358	6414710	1717	0.1993
SHUNS_p_TCGAb_388_389_NSP_GenomeWideSNP_6_D03_1464564	4	6415681	8405760	1301	0.1468
SHUNS_p_TCGAb_388_389_NSP_GenomeWideSNP_6_D03_1464564	4	8406321	17958385	6343	0.2065
SHUNS_p_TCGAb_388_389_NSP_GenomeWideSNP_6_D03_1464564	4	17958716	24301511	4082	0.2367
SHUNS_p_TCGAb_388_389_NSP_GenomeWideSNP_6_D03_1464564	4	24301779	27311534	1892	0.1868
SHUNS_p_TCGAb_388_389_NSP_GenomeWideSNP_6_D03_1464564	4	27312254	33724810	3850	0.2493
SHUNS_p_TCGAb_388_389_NSP_GenomeWideSNP_6_D03_1464564	4	33725417	37652573	2409	0.2174
SHUNS_p_TCGAb_388_389_NSP_GenomeWideSNP_6_D03_1464564	4	37653492	41120485	2031	0.1297
SHUNS_p_TCGAb_388_389_NSP_GenomeWideSNP_6_D03_1464564	4	41120781	57059961	6951	0.2028
SHUNS_p_TCGAb_388_389_NSP_GenomeWideSNP_6_D03_1464564	4	57062164	67403255	5792	0.232
SHUNS_p_TCGAb_388_389_NSP_GenomeWideSNP_6_D03_1464564	4	67403334	82742847	8366	0.2014
SHUNS_p_TCGAb_388_389_NSP_GenomeWideSNP_6_D03_1464564	4	82745199	83631643	486	0.1187
SHUNS_p_TCGAb_388_389_NSP_GenomeWideSNP_6_D03_1464564	4	83632605	89210861	3428	0.2093
SHUNS_p_TCGAb_388_389_NSP_GenomeWideSNP_6_D03_1464564	4	89211513	95842961	3655	0.2366
SHUNS_p_TCGAb_388_389_NSP_GenomeWideSNP_6_D03_1464564	4	95843452	110487634	8116	0.2003
SHUNS_p_TCGAb_388_389_NSP_GenomeWideSNP_6_D03_1464564	4	110488769	138835624	15237	0.2289
SHUNS_p_TCGAb_388_389_NSP_GenomeWideSNP_6_D03_1464564	4	138836800	138949209	75	0.2033
SHUNS_p_TCGAb_388_389_NSP_GenomeWideSNP_6_D03_1464564	4	138950054	139576158	381	0.1201
SHUNS_p_TCGAb_388_389_NSP_GenomeWideSNP_6_D03_1464564	4	139577381	150180520	5983	0.2084
SHUNS_p_TCGAb_388_389_NSP_GenomeWideSNP_6_D03_1464564	4	150182718	153833808	1991	0.1667
SHUNS_p_TCGAb_388_389_NSP_GenomeWideSNP_6_D03_1464564	4	153834034	157466152	2230	0.236
SHUNS_p_TCGAb_388_389_NSP_GenomeWideSNP_6_D03_1464564	4	157469067	157471407	7	-0.7556
SHUNS_p_TCGAb_388_389_NSP_GenomeWideSNP_6_D03_1464564	4	157471582	183404105	14039	0.2209
SHUNS_p_TCGAb_388_389_NSP_GenomeWideSNP_6_D03_1464564	4	183404278	185446831	521	0.1411
SHUNS_p_TCGAb_388_389_NSP_GenomeWideSNP_6_D03_1464564	4	185446889	187842528	1486	0.2119
SHUNS_p_TCGAb_388_389_NSP_GenomeWideSNP_6_D03_1464564	5	914118	6643773	4077	-0.79
SHUNS_p_TCGAb_388_389_NSP_GenomeWideSNP_6_D03_1464564	5	6644931	71939532	33360	-0.7229
SHUNS_p_TCGAb_388_389_NSP_GenomeWideSNP_6_D03_1464564	5	71943639	71944921	3	-4.358
SHUNS_p_TCGAb_388_389_NSP_GenomeWideSNP_6_D03_1464564	5	71945161	82361841	6280	-0.7551
SHUNS_p_TCGAb_388_389_NSP_GenomeWideSNP_6_D03_1464564	5	82365631	131152264	26423	-0.7064
SHUNS_p_TCGAb_388_389_NSP_GenomeWideSNP_6_D03_1464564	5	131159085	135954076	2902	-0.7877
SHUNS_p_TCGAb_388_389_NSP_GenomeWideSNP_6_D03_1464564	5	135955682	137033529	689	-0.6847
SHUNS_p_TCGAb_388_389_NSP_GenomeWideSNP_6_D03_1464564	5	137034129	143494628	3473	-0.792
SHUNS_p_TCGAb_388_389_NSP_GenomeWideSNP_6_D03_1464564	5	143494652	149072520	3597	-0.724
SHUNS_p_TCGAb_388_389_NSP_GenomeWideSNP_6_D03_1464564	5	149075571	151741311	1763	-0.8071
SHUNS_p_TCGAb_388_389_NSP_GenomeWideSNP_6_D03_1464564	5	151743786	168086377	10559	-0.722
SHUNS_p_TCGAb_388_389_NSP_GenomeWideSNP_6_D03_1464564	5	168088842	177631377	5890	-0.7953
SHUNS_p_TCGAb_388_389_NSP_GenomeWideSNP_6_D03_1464564	5	177631765	177632129	2	-4.6264
SHUNS_p_TCGAb_388_389_NSP_GenomeWideSNP_6_D03_1464564	5	177632713	180934240	1519	-0.8611
SHUNS_p_TCGAb_388_389_NSP_GenomeWideSNP_6_D03_1464564	6	1011760	3022899	1574	0.1921
SHUNS_p_TCGAb_388_389_NSP_GenomeWideSNP_6_D03_1464564	6	3023233	3023484	3	-0.8991
SHUNS_p_TCGAb_388_389_NSP_GenomeWideSNP_6_D03_1464564	6	3023722	3634864	385	0.1856
SHUNS_p_TCGAb_388_389_NSP_GenomeWideSNP_6_D03_1464564	6	3636177	8535885	3622	0.8795
SHUNS_p_TCGAb_388_389_NSP_GenomeWideSNP_6_D03_1464564	6	8535985	10244054	1186	0.9734
SHUNS_p_TCGAb_388_389_NSP_GenomeWideSNP_6_D03_1464564	6	10244111	14790509	3243	0.8677
SHUNS_p_TCGAb_388_389_NSP_GenomeWideSNP_6_D03_1464564	6	14790657	15279308	289	0.7544
SHUNS_p_TCGAb_388_389_NSP_GenomeWideSNP_6_D03_1464564	6	15281337	17882202	1623	0.8683
SHUNS_p_TCGAb_388_389_NSP_GenomeWideSNP_6_D03_1464564	6	17883390	18271690	282	0.7469
SHUNS_p_TCGAb_388_389_NSP_GenomeWideSNP_6_D03_1464564	6	18273740	24417229	4415	0.8867
SHUNS_p_TCGAb_388_389_NSP_GenomeWideSNP_6_D03_1464564	6	24417438	29542702	2185	0.8013
SHUNS_p_TCGAb_388_389_NSP_GenomeWideSNP_6_D03_1464564	6	29542853	37460040	3048	0.7453
SHUNS_p_TCGAb_388_389_NSP_GenomeWideSNP_6_D03_1464564	6	37460801	38844660	957	0.7947
SHUNS_p_TCGAb_388_389_NSP_GenomeWideSNP_6_D03_1464564	6	38844695	41551069	2043	0.8494
SHUNS_p_TCGAb_388_389_NSP_GenomeWideSNP_6_D03_1464564	6	41552191	44395770	1528	0.7352
SHUNS_p_TCGAb_388_389_NSP_GenomeWideSNP_6_D03_1464564	6	44398325	57347009	7792	0.8616
SHUNS_p_TCGAb_388_389_NSP_GenomeWideSNP_6_D03_1464564	6	61524627	64407028	1330	0.4319
SHUNS_p_TCGAb_388_389_NSP_GenomeWideSNP_6_D03_1464564	6	64409255	70105799	3280	0.4824
SHUNS_p_TCGAb_388_389_NSP_GenomeWideSNP_6_D03_1464564	6	70105975	70221938	126	1.0592
SHUNS_p_TCGAb_388_389_NSP_GenomeWideSNP_6_D03_1464564	6	70222091	70366185	114	0.4686
SHUNS_p_TCGAb_388_389_NSP_GenomeWideSNP_6_D03_1464564	6	70370466	74326277	2253	1.0424
SHUNS_p_TCGAb_388_389_NSP_GenomeWideSNP_6_D03_1464564	6	74326961	78128942	2219	0.4536
SHUNS_p_TCGAb_388_389_NSP_GenomeWideSNP_6_D03_1464564	6	78345474	79079295	403	-0.6417
SHUNS_p_TCGAb_388_389_NSP_GenomeWideSNP_6_D03_1464564	6	79083030	79102980	7	-2.3143
SHUNS_p_TCGAb_388_389_NSP_GenomeWideSNP_6_D03_1464564	6	79113207	88104870	5027	-0.7152
SHUNS_p_TCGAb_388_389_NSP_GenomeWideSNP_6_D03_1464564	6	88105324	88174287	35	0.3566
SHUNS_p_TCGAb_388_389_NSP_GenomeWideSNP_6_D03_1464564	6	88174447	92778243	2815	-0.7537
SHUNS_p_TCGAb_388_389_NSP_GenomeWideSNP_6_D03_1464564	6	92778335	92778859	2	-6.0078
SHUNS_p_TCGAb_388_389_NSP_GenomeWideSNP_6_D03_1464564	6	92778895	105665733	6636	-0.7112
SHUNS_p_TCGAb_388_389_NSP_GenomeWideSNP_6_D03_1464564	6	105667010	111798671	3717	-0.7979
SHUNS_p_TCGAb_388_389_NSP_GenomeWideSNP_6_D03_1464564	6	111798778	112257635	308	-0.7165
SHUNS_p_TCGAb_388_389_NSP_GenomeWideSNP_6_D03_1464564	6	112257666	112259767	2	-4.4259
SHUNS_p_TCGAb_388_389_NSP_GenomeWideSNP_6_D03_1464564	6	112259767	131498879	10979	-0.7317
SHUNS_p_TCGAb_388_389_NSP_GenomeWideSNP_6_D03_1464564	6	131510272	131511802	3	-3.1649
SHUNS_p_TCGAb_388_389_NSP_GenomeWideSNP_6_D03_1464564	6	131511917	134849903	2252	-0.7397
SHUNS_p_TCGAb_388_389_NSP_GenomeWideSNP_6_D03_1464564	6	134850351	134851742	3	-2.623
SHUNS_p_TCGAb_388_389_NSP_GenomeWideSNP_6_D03_1464564	6	134854559	149571702	9035	-0.7534
SHUNS_p_TCGAb_388_389_NSP_GenomeWideSNP_6_D03_1464564	6	149577491	149861082	123	0.3075
SHUNS_p_TCGAb_388_389_NSP_GenomeWideSNP_6_D03_1464564	6	149866039	149896277	25	-0.7532
SHUNS_p_TCGAb_388_389_NSP_GenomeWideSNP_6_D03_1464564	6	149896362	149898053	2	-3.1349
SHUNS_p_TCGAb_388_389_NSP_GenomeWideSNP_6_D03_1464564	6	149898245	158086808	5492	-0.7668
SHUNS_p_TCGAb_388_389_NSP_GenomeWideSNP_6_D03_1464564	6	158093608	161516075	2322	0.4001
SHUNS_p_TCGAb_388_389_NSP_GenomeWideSNP_6_D03_1464564	6	161521829	161589532	60	-0.7953
SHUNS_p_TCGAb_388_389_NSP_GenomeWideSNP_6_D03_1464564	6	161591098	161659774	66	0.2294
SHUNS_p_TCGAb_388_389_NSP_GenomeWideSNP_6_D03_1464564	6	161663310	161689465	34	-0.7822
SHUNS_p_TCGAb_388_389_NSP_GenomeWideSNP_6_D03_1464564	6	161691849	161992584	273	0.4484
SHUNS_p_TCGAb_388_389_NSP_GenomeWideSNP_6_D03_1464564	6	162045027	165716162	1969	-0.7441
SHUNS_p_TCGAb_388_389_NSP_GenomeWideSNP_6_D03_1464564	6	165722259	165723949	5	0.3877
SHUNS_p_TCGAb_388_389_NSP_GenomeWideSNP_6_D03_1464564	6	165724557	165795949	63	-0.7112
SHUNS_p_TCGAb_388_389_NSP_GenomeWideSNP_6_D03_1464564	6	165797531	167147219	986	0.431
SHUNS_p_TCGAb_388_389_NSP_GenomeWideSNP_6_D03_1464564	6	167147930	169763095	607	-0.7856
SHUNS_p_TCGAb_388_389_NSP_GenomeWideSNP_6_D03_1464564	6	169767293	169767522	2	-3.3951
SHUNS_p_TCGAb_388_389_NSP_GenomeWideSNP_6_D03_1464564	6	170238867	170596889	221	-0.7641
SHUNS_p_TCGAb_388_389_NSP_GenomeWideSNP_6_D03_1464564	7	664936	1832933	272	0.9353
SHUNS_p_TCGAb_388_389_NSP_GenomeWideSNP_6_D03_1464564	7	1833448	4535949	1202	1.0201
SHUNS_p_TCGAb_388_389_NSP_GenomeWideSNP_6_D03_1464564	7	4536283	7119014	848	0.9249
SHUNS_p_TCGAb_388_389_NSP_GenomeWideSNP_6_D03_1464564	7	7124041	20994053	7880	1.0887
SHUNS_p_TCGAb_388_389_NSP_GenomeWideSNP_6_D03_1464564	7	20994251	36120001	10113	1.0574
SHUNS_p_TCGAb_388_389_NSP_GenomeWideSNP_6_D03_1464564	7	36121747	37893457	1349	0.9969
SHUNS_p_TCGAb_388_389_NSP_GenomeWideSNP_6_D03_1464564	7	37894038	39433283	1030	1.0677
SHUNS_p_TCGAb_388_389_NSP_GenomeWideSNP_6_D03_1464564	7	39433416	39439874	2	-0.4191
SHUNS_p_TCGAb_388_389_NSP_GenomeWideSNP_6_D03_1464564	7	39441022	43895375	2481	1.0543
SHUNS_p_TCGAb_388_389_NSP_GenomeWideSNP_6_D03_1464564	7	43896617	45076637	541	0.9385
SHUNS_p_TCGAb_388_389_NSP_GenomeWideSNP_6_D03_1464564	7	45077818	45969122	523	1.0225
SHUNS_p_TCGAb_388_389_NSP_GenomeWideSNP_6_D03_1464564	7	45970501	55668967	6988	1.0749
SHUNS_p_TCGAb_388_389_NSP_GenomeWideSNP_6_D03_1464564	7	55669428	67480227	1438	0.9543
SHUNS_p_TCGAb_388_389_NSP_GenomeWideSNP_6_D03_1464564	7	67481589	72438557	3042	1.0338
SHUNS_p_TCGAb_388_389_NSP_GenomeWideSNP_6_D03_1464564	7	72439059	77817141	1398	0.9195
SHUNS_p_TCGAb_388_389_NSP_GenomeWideSNP_6_D03_1464564	7	77820792	78373719	428	1.0729
SHUNS_p_TCGAb_388_389_NSP_GenomeWideSNP_6_D03_1464564	7	78384352	78851850	375	1.1156
SHUNS_p_TCGAb_388_389_NSP_GenomeWideSNP_6_D03_1464564	7	78855655	78855738	2	-0.2464
SHUNS_p_TCGAb_388_389_NSP_GenomeWideSNP_6_D03_1464564	7	78864705	86057666	4300	1.1174
SHUNS_p_TCGAb_388_389_NSP_GenomeWideSNP_6_D03_1464564	7	86062078	97856901	5926	1.0766
SHUNS_p_TCGAb_388_389_NSP_GenomeWideSNP_6_D03_1464564	7	97857556	103296374	1957	0.9487
SHUNS_p_TCGAb_388_389_NSP_GenomeWideSNP_6_D03_1464564	7	103297437	109224294	3616	1.0339
SHUNS_p_TCGAb_388_389_NSP_GenomeWideSNP_6_D03_1464564	7	109225628	127486131	9715	1.0857
SHUNS_p_TCGAb_388_389_NSP_GenomeWideSNP_6_D03_1464564	7	127488646	131889562	2254	0.9888
SHUNS_p_TCGAb_388_389_NSP_GenomeWideSNP_6_D03_1464564	7	131893039	137863462	3757	1.0868
SHUNS_p_TCGAb_388_389_NSP_GenomeWideSNP_6_D03_1464564	7	137867200	138272201	249	1.0095
SHUNS_p_TCGAb_388_389_NSP_GenomeWideSNP_6_D03_1464564	7	138279994	138284591	3	-0.6888
SHUNS_p_TCGAb_388_389_NSP_GenomeWideSNP_6_D03_1464564	7	138286285	144018796	2646	1.0009
SHUNS_p_TCGAb_388_389_NSP_GenomeWideSNP_6_D03_1464564	7	144019340	148651271	2735	1.0744
SHUNS_p_TCGAb_388_389_NSP_GenomeWideSNP_6_D03_1464564	7	148651324	152351122	1704	1.0007
SHUNS_p_TCGAb_388_389_NSP_GenomeWideSNP_6_D03_1464564	7	152351445	152476496	38	0.7112
SHUNS_p_TCGAb_388_389_NSP_GenomeWideSNP_6_D03_1464564	7	152476853	154070879	443	0.9976
SHUNS_p_TCGAb_388_389_NSP_GenomeWideSNP_6_D03_1464564	7	154070951	156836334	1987	1.0702
SHUNS_p_TCGAb_388_389_NSP_GenomeWideSNP_6_D03_1464564	7	156836541	158592540	827	1.0119
SHUNS_p_TCGAb_388_389_NSP_GenomeWideSNP_6_D03_1464564	8	667625	1911082	614	0.2031
SHUNS_p_TCGAb_388_389_NSP_GenomeWideSNP_6_D03_1464564	8	1911771	1912034	3	1.4676
SHUNS_p_TCGAb_388_389_NSP_GenomeWideSNP_6_D03_1464564	8	1914179	4955827	1628	0.2083
SHUNS_p_TCGAb_388_389_NSP_GenomeWideSNP_6_D03_1464564	8	4956104	13043738	3283	0.1665
SHUNS_p_TCGAb_388_389_NSP_GenomeWideSNP_6_D03_1464564	8	13043964	21680874	6777	0.2041
SHUNS_p_TCGAb_388_389_NSP_GenomeWideSNP_6_D03_1464564	8	21681689	30825582	5867	0.1495
SHUNS_p_TCGAb_388_389_NSP_GenomeWideSNP_6_D03_1464564	8	30827477	37623272	3933	0.1952
SHUNS_p_TCGAb_388_389_NSP_GenomeWideSNP_6_D03_1464564	8	37627085	40194784	1178	0.132
SHUNS_p_TCGAb_388_389_NSP_GenomeWideSNP_6_D03_1464564	8	40197537	40197844	2	-1.3276
SHUNS_p_TCGAb_388_389_NSP_GenomeWideSNP_6_D03_1464564	8	40202131	48162353	2431	0.129
SHUNS_p_TCGAb_388_389_NSP_GenomeWideSNP_6_D03_1464564	8	48163631	107795016	34225	0.1793
SHUNS_p_TCGAb_388_389_NSP_GenomeWideSNP_6_D03_1464564	8	107796360	107797140	2	-1.7218
SHUNS_p_TCGAb_388_389_NSP_GenomeWideSNP_6_D03_1464564	8	107800050	122760595	8779	0.2002
SHUNS_p_TCGAb_388_389_NSP_GenomeWideSNP_6_D03_1464564	8	122763317	125699574	1970	0.1415
SHUNS_p_TCGAb_388_389_NSP_GenomeWideSNP_6_D03_1464564	8	125699699	134224634	6248	0.1844
SHUNS_p_TCGAb_388_389_NSP_GenomeWideSNP_6_D03_1464564	8	134224652	139607323	4047	0.2247
SHUNS_p_TCGAb_388_389_NSP_GenomeWideSNP_6_D03_1464564	8	139611437	144182542	1220	0.1281
SHUNS_p_TCGAb_388_389_NSP_GenomeWideSNP_6_D03_1464564	9	789794	2550754	1153	-0.7772
SHUNS_p_TCGAb_388_389_NSP_GenomeWideSNP_6_D03_1464564	9	2551136	2551480	3	-2.9779
SHUNS_p_TCGAb_388_389_NSP_GenomeWideSNP_6_D03_1464564	9	2551526	4835010	1768	-0.7532
SHUNS_p_TCGAb_388_389_NSP_GenomeWideSNP_6_D03_1464564	9	4835574	4836566	3	-3.2436
SHUNS_p_TCGAb_388_389_NSP_GenomeWideSNP_6_D03_1464564	9	4836811	18223786	7782	-0.7247
SHUNS_p_TCGAb_388_389_NSP_GenomeWideSNP_6_D03_1464564	9	18223936	18224774	4	-2.7016
SHUNS_p_TCGAb_388_389_NSP_GenomeWideSNP_6_D03_1464564	9	18224877	32621867	9005	-0.7067
SHUNS_p_TCGAb_388_389_NSP_GenomeWideSNP_6_D03_1464564	9	32622028	36781505	2321	-0.801
SHUNS_p_TCGAb_388_389_NSP_GenomeWideSNP_6_D03_1464564	9	36781720	36782490	2	-3.699
SHUNS_p_TCGAb_388_389_NSP_GenomeWideSNP_6_D03_1464564	9	36782853	37737062	665	-0.7904
SHUNS_p_TCGAb_388_389_NSP_GenomeWideSNP_6_D03_1464564	9	37743252	37743617	2	-3.4665
SHUNS_p_TCGAb_388_389_NSP_GenomeWideSNP_6_D03_1464564	9	37745416	69359784	1553	-0.7863
SHUNS_p_TCGAb_388_389_NSP_GenomeWideSNP_6_D03_1464564	9	69359847	89341510	13703	-0.7206
SHUNS_p_TCGAb_388_389_NSP_GenomeWideSNP_6_D03_1464564	9	89344003	93727952	2758	-0.799
SHUNS_p_TCGAb_388_389_NSP_GenomeWideSNP_6_D03_1464564	9	93731688	95540281	1185	-0.7051
SHUNS_p_TCGAb_388_389_NSP_GenomeWideSNP_6_D03_1464564	9	95544132	99421977	2463	-0.7872
SHUNS_p_TCGAb_388_389_NSP_GenomeWideSNP_6_D03_1464564	9	99428648	107191132	4613	-0.6961
SHUNS_p_TCGAb_388_389_NSP_GenomeWideSNP_6_D03_1464564	9	107191191	107192216	2	-3.2066
SHUNS_p_TCGAb_388_389_NSP_GenomeWideSNP_6_D03_1464564	9	107192326	124062220	12008	-0.7477
SHUNS_p_TCGAb_388_389_NSP_GenomeWideSNP_6_D03_1464564	9	124063057	138044505	7121	-0.8487
SHUNS_p_TCGAb_388_389_NSP_GenomeWideSNP_6_D03_1464564	10	366509	38770869	26120	-0.7818
SHUNS_p_TCGAb_388_389_NSP_GenomeWideSNP_6_D03_1464564	10	38770921	43093256	367	0.1404
SHUNS_p_TCGAb_388_389_NSP_GenomeWideSNP_6_D03_1464564	10	43093462	43093473	2	-1.1228
SHUNS_p_TCGAb_388_389_NSP_GenomeWideSNP_6_D03_1464564	10	43093484	49748917	3070	0.1511
SHUNS_p_TCGAb_388_389_NSP_GenomeWideSNP_6_D03_1464564	10	49753047	59542622	5417	0.2113
SHUNS_p_TCGAb_388_389_NSP_GenomeWideSNP_6_D03_1464564	10	59542984	60839029	1012	0.1592
SHUNS_p_TCGAb_388_389_NSP_GenomeWideSNP_6_D03_1464564	10	60839173	61839842	642	0.2232
SHUNS_p_TCGAb_388_389_NSP_GenomeWideSNP_6_D03_1464564	10	61840289	63799001	1158	0.1609
SHUNS_p_TCGAb_388_389_NSP_GenomeWideSNP_6_D03_1464564	10	63799136	67186662	1835	0.2113
SHUNS_p_TCGAb_388_389_NSP_GenomeWideSNP_6_D03_1464564	10	67187236	67769227	302	0.1612
SHUNS_p_TCGAb_388_389_NSP_GenomeWideSNP_6_D03_1464564	10	67770241	69400171	902	0.0868
SHUNS_p_TCGAb_388_389_NSP_GenomeWideSNP_6_D03_1464564	10	69400353	71882979	1803	0.1234
SHUNS_p_TCGAb_388_389_NSP_GenomeWideSNP_6_D03_1464564	10	71886792	75328469	1529	0.0643
SHUNS_p_TCGAb_388_389_NSP_GenomeWideSNP_6_D03_1464564	10	75329051	95102662	12600	0.172
SHUNS_p_TCGAb_388_389_NSP_GenomeWideSNP_6_D03_1464564	10	95105336	97851797	1788	0.1018
SHUNS_p_TCGAb_388_389_NSP_GenomeWideSNP_6_D03_1464564	10	97851836	99375005	917	0.1844
SHUNS_p_TCGAb_388_389_NSP_GenomeWideSNP_6_D03_1464564	10	99375102	101563809	1240	0.1025
SHUNS_p_TCGAb_388_389_NSP_GenomeWideSNP_6_D03_1464564	10	101571370	103373557	772	0.0455
SHUNS_p_TCGAb_388_389_NSP_GenomeWideSNP_6_D03_1464564	10	103379979	104542503	708	0.1204
SHUNS_p_TCGAb_388_389_NSP_GenomeWideSNP_6_D03_1464564	10	104545334	109757351	3464	0.2003
SHUNS_p_TCGAb_388_389_NSP_GenomeWideSNP_6_D03_1464564	10	109759167	110957416	749	0.1384
SHUNS_p_TCGAb_388_389_NSP_GenomeWideSNP_6_D03_1464564	10	110957454	116853936	4149	0.1956
SHUNS_p_TCGAb_388_389_NSP_GenomeWideSNP_6_D03_1464564	10	116856210	119976981	2021	0.1436
SHUNS_p_TCGAb_388_389_NSP_GenomeWideSNP_6_D03_1464564	10	119977002	121470328	1351	0.1997
SHUNS_p_TCGAb_388_389_NSP_GenomeWideSNP_6_D03_1464564	10	121473238	126034049	3138	0.147
SHUNS_p_TCGAb_388_389_NSP_GenomeWideSNP_6_D03_1464564	10	126036546	127909785	1544	0.2113
SHUNS_p_TCGAb_388_389_NSP_GenomeWideSNP_6_D03_1464564	10	127909919	128312592	254	0.1099
SHUNS_p_TCGAb_388_389_NSP_GenomeWideSNP_6_D03_1464564	10	128313438	132021200	1919	0.1736
SHUNS_p_TCGAb_388_389_NSP_GenomeWideSNP_6_D03_1464564	10	132021316	133411599	432	0.1117
SHUNS_p_TCGAb_388_389_NSP_GenomeWideSNP_6_D03_1464564	11	456012	8787072	4493	-0.7946
SHUNS_p_TCGAb_388_389_NSP_GenomeWideSNP_6_D03_1464564	11	8787085	8787469	2	-3.3753
SHUNS_p_TCGAb_388_389_NSP_GenomeWideSNP_6_D03_1464564	11	8787939	14529660	4181	-0.7764
SHUNS_p_TCGAb_388_389_NSP_GenomeWideSNP_6_D03_1464564	11	14532845	17386478	1721	-0.7064
SHUNS_p_TCGAb_388_389_NSP_GenomeWideSNP_6_D03_1464564	11	17387083	17387522	3	-3.0765
SHUNS_p_TCGAb_388_389_NSP_GenomeWideSNP_6_D03_1464564	11	17391170	20894111	2686	-0.767
SHUNS_p_TCGAb_388_389_NSP_GenomeWideSNP_6_D03_1464564	11	20894371	31768794	6830	-0.6804
SHUNS_p_TCGAb_388_389_NSP_GenomeWideSNP_6_D03_1464564	11	31771181	33553990	1071	-0.7249
SHUNS_p_TCGAb_388_389_NSP_GenomeWideSNP_6_D03_1464564	11	33556297	36299442	2147	-0.7875
SHUNS_p_TCGAb_388_389_NSP_GenomeWideSNP_6_D03_1464564	11	36299570	43921705	4465	-0.7048
SHUNS_p_TCGAb_388_389_NSP_GenomeWideSNP_6_D03_1464564	11	43925401	47617215	2091	-0.8148
SHUNS_p_TCGAb_388_389_NSP_GenomeWideSNP_6_D03_1464564	11	47617458	60731810	3366	-0.7254
SHUNS_p_TCGAb_388_389_NSP_GenomeWideSNP_6_D03_1464564	11	60732085	66270638	2096	-0.8441
SHUNS_p_TCGAb_388_389_NSP_GenomeWideSNP_6_D03_1464564	11	66285772	67529387	445	0.5366
SHUNS_p_TCGAb_388_389_NSP_GenomeWideSNP_6_D03_1464564	11	68003122	70367349	1256	1.2704
SHUNS_p_TCGAb_388_389_NSP_GenomeWideSNP_6_D03_1464564	11	70367434	71384345	568	0.6714
SHUNS_p_TCGAb_388_389_NSP_GenomeWideSNP_6_D03_1464564	11	71389168	71390624	7	-0.7637
SHUNS_p_TCGAb_388_389_NSP_GenomeWideSNP_6_D03_1464564	11	71393836	71496851	88	0.709
SHUNS_p_TCGAb_388_389_NSP_GenomeWideSNP_6_D03_1464564	11	71497778	71719310	86	1.2309
SHUNS_p_TCGAb_388_389_NSP_GenomeWideSNP_6_D03_1464564	11	71719657	71812272	15	0.7497
SHUNS_p_TCGAb_388_389_NSP_GenomeWideSNP_6_D03_1464564	11	71812517	71880515	17	-0.6312
SHUNS_p_TCGAb_388_389_NSP_GenomeWideSNP_6_D03_1464564	11	71889740	72433902	234	0.5855
SHUNS_p_TCGAb_388_389_NSP_GenomeWideSNP_6_D03_1464564	11	72436831	72557174	70	-0.8538
SHUNS_p_TCGAb_388_389_NSP_GenomeWideSNP_6_D03_1464564	11	72557757	72568506	9	0.4844
SHUNS_p_TCGAb_388_389_NSP_GenomeWideSNP_6_D03_1464564	11	72571880	72577681	3	-0.7923
SHUNS_p_TCGAb_388_389_NSP_GenomeWideSNP_6_D03_1464564	11	72580188	74152063	740	0.6002
SHUNS_p_TCGAb_388_389_NSP_GenomeWideSNP_6_D03_1464564	11	74154679	74926590	458	1.2742
SHUNS_p_TCGAb_388_389_NSP_GenomeWideSNP_6_D03_1464564	11	74935198	75003524	35	0.6054
SHUNS_p_TCGAb_388_389_NSP_GenomeWideSNP_6_D03_1464564	11	75012082	75085896	38	1.2481
SHUNS_p_TCGAb_388_389_NSP_GenomeWideSNP_6_D03_1464564	11	75087079	77844310	1487	0.6515
SHUNS_p_TCGAb_388_389_NSP_GenomeWideSNP_6_D03_1464564	11	77847087	77985408	55	1.2285
SHUNS_p_TCGAb_388_389_NSP_GenomeWideSNP_6_D03_1464564	11	77985843	78557479	325	1.0049
SHUNS_p_TCGAb_388_389_NSP_GenomeWideSNP_6_D03_1464564	11	78560568	111685440	20592	-0.7152
SHUNS_p_TCGAb_388_389_NSP_GenomeWideSNP_6_D03_1464564	11	111686854	131699042	14069	-0.7747
SHUNS_p_TCGAb_388_389_NSP_GenomeWideSNP_6_D03_1464564	11	131700957	134272740	1470	-0.7354
SHUNS_p_TCGAb_388_389_NSP_GenomeWideSNP_6_D03_1464564	12	780472	6391704	3576	0.1524
SHUNS_p_TCGAb_388_389_NSP_GenomeWideSNP_6_D03_1464564	12	6392144	8147236	725	0.0661
SHUNS_p_TCGAb_388_389_NSP_GenomeWideSNP_6_D03_1464564	12	8154762	11929513	1864	0.1596
SHUNS_p_TCGAb_388_389_NSP_GenomeWideSNP_6_D03_1464564	12	11932843	13198764	631	0.0924
SHUNS_p_TCGAb_388_389_NSP_GenomeWideSNP_6_D03_1464564	12	13202266	31302057	11699	0.1919
SHUNS_p_TCGAb_388_389_NSP_GenomeWideSNP_6_D03_1464564	12	31303954	33050460	1103	0.1054
SHUNS_p_TCGAb_388_389_NSP_GenomeWideSNP_6_D03_1464564	12	33053953	45548735	3856	0.1969
SHUNS_p_TCGAb_388_389_NSP_GenomeWideSNP_6_D03_1464564	12	45548767	47147485	930	0.1354
SHUNS_p_TCGAb_388_389_NSP_GenomeWideSNP_6_D03_1464564	12	47147607	47359351	143	0.0703
SHUNS_p_TCGAb_388_389_NSP_GenomeWideSNP_6_D03_1464564	12	47362873	48550949	679	0.1358
SHUNS_p_TCGAb_388_389_NSP_GenomeWideSNP_6_D03_1464564	12	48552681	51627402	1433	0.0616
SHUNS_p_TCGAb_388_389_NSP_GenomeWideSNP_6_D03_1464564	12	51627891	55684405	2279	0.1203
SHUNS_p_TCGAb_388_389_NSP_GenomeWideSNP_6_D03_1464564	12	55685681	57764205	941	0.0463
SHUNS_p_TCGAb_388_389_NSP_GenomeWideSNP_6_D03_1464564	12	57764775	64255941	3966	0.196
SHUNS_p_TCGAb_388_389_NSP_GenomeWideSNP_6_D03_1464564	12	64258762	64718319	255	0.0896
SHUNS_p_TCGAb_388_389_NSP_GenomeWideSNP_6_D03_1464564	12	64719383	69030737	2940	0.1819
SHUNS_p_TCGAb_388_389_NSP_GenomeWideSNP_6_D03_1464564	12	69031187	69038840	3	-0.9601
SHUNS_p_TCGAb_388_389_NSP_GenomeWideSNP_6_D03_1464564	12	69042770	83435476	8763	0.1936
SHUNS_p_TCGAb_388_389_NSP_GenomeWideSNP_6_D03_1464564	12	83435971	85799370	1377	0.2381
SHUNS_p_TCGAb_388_389_NSP_GenomeWideSNP_6_D03_1464564	12	85799481	92770167	4090	0.183
SHUNS_p_TCGAb_388_389_NSP_GenomeWideSNP_6_D03_1464564	12	92778730	96642211	2537	0.1329
SHUNS_p_TCGAb_388_389_NSP_GenomeWideSNP_6_D03_1464564	12	96643783	103721557	4481	0.1824
SHUNS_p_TCGAb_388_389_NSP_GenomeWideSNP_6_D03_1464564	12	103721952	103738242	15	0.1387
SHUNS_p_TCGAb_388_389_NSP_GenomeWideSNP_6_D03_1464564	12	103738587	103742538	9	-0.5518
SHUNS_p_TCGAb_388_389_NSP_GenomeWideSNP_6_D03_1464564	12	103743532	108841473	3535	0.15
SHUNS_p_TCGAb_388_389_NSP_GenomeWideSNP_6_D03_1464564	12	108844183	112581790	1761	0.0671
SHUNS_p_TCGAb_388_389_NSP_GenomeWideSNP_6_D03_1464564	12	112587857	115874097	2272	0.1745
SHUNS_p_TCGAb_388_389_NSP_GenomeWideSNP_6_D03_1464564	12	115875415	116816066	586	0.1008
SHUNS_p_TCGAb_388_389_NSP_GenomeWideSNP_6_D03_1464564	12	116816174	119840528	2003	0.1602
SHUNS_p_TCGAb_388_389_NSP_GenomeWideSNP_6_D03_1464564	12	119840731	123941926	1760	0.0495
SHUNS_p_TCGAb_388_389_NSP_GenomeWideSNP_6_D03_1464564	12	123942063	125230877	818	0.116
SHUNS_p_TCGAb_388_389_NSP_GenomeWideSNP_6_D03_1464564	12	125231171	131391269	2973	0.1726
SHUNS_p_TCGAb_388_389_NSP_GenomeWideSNP_6_D03_1464564	12	131391438	131401526	3	-1.1534
SHUNS_p_TCGAb_388_389_NSP_GenomeWideSNP_6_D03_1464564	12	131407153	132605822	417	0.1181
SHUNS_p_TCGAb_388_389_NSP_GenomeWideSNP_6_D03_1464564	13	18874255	22670541	1925	-0.7685
SHUNS_p_TCGAb_388_389_NSP_GenomeWideSNP_6_D03_1464564	13	22674769	22680659	4	-3.2124
SHUNS_p_TCGAb_388_389_NSP_GenomeWideSNP_6_D03_1464564	13	22681417	33841319	7268	-0.771
SHUNS_p_TCGAb_388_389_NSP_GenomeWideSNP_6_D03_1464564	13	33842019	35794101	1222	-0.691
SHUNS_p_TCGAb_388_389_NSP_GenomeWideSNP_6_D03_1464564	13	35794258	35796174	2	-2.7381
SHUNS_p_TCGAb_388_389_NSP_GenomeWideSNP_6_D03_1464564	13	35796215	40128113	3027	-0.7095
SHUNS_p_TCGAb_388_389_NSP_GenomeWideSNP_6_D03_1464564	13	40130391	51966954	6664	-0.753
SHUNS_p_TCGAb_388_389_NSP_GenomeWideSNP_6_D03_1464564	13	51967959	59249639	3367	-0.6823
SHUNS_p_TCGAb_388_389_NSP_GenomeWideSNP_6_D03_1464564	13	59249894	59250332	2	-2.9724
SHUNS_p_TCGAb_388_389_NSP_GenomeWideSNP_6_D03_1464564	13	59250439	94521777	20412	-0.6982
SHUNS_p_TCGAb_388_389_NSP_GenomeWideSNP_6_D03_1464564	13	94522645	110228639	10668	-0.7509
SHUNS_p_TCGAb_388_389_NSP_GenomeWideSNP_6_D03_1464564	13	110228712	110228738	2	-2.7402
SHUNS_p_TCGAb_388_389_NSP_GenomeWideSNP_6_D03_1464564	13	110229079	110406091	169	-0.8905
SHUNS_p_TCGAb_388_389_NSP_GenomeWideSNP_6_D03_1464564	13	110406495	110411452	10	-1.9706
SHUNS_p_TCGAb_388_389_NSP_GenomeWideSNP_6_D03_1464564	13	110412070	114226675	1890	-0.8155
SHUNS_p_TCGAb_388_389_NSP_GenomeWideSNP_6_D03_1464564	14	20033191	24577761	1747	-0.8181
SHUNS_p_TCGAb_388_389_NSP_GenomeWideSNP_6_D03_1464564	14	24579647	49419283	13334	-0.7021
SHUNS_p_TCGAb_388_389_NSP_GenomeWideSNP_6_D03_1464564	14	49420605	51117860	966	-0.7927
SHUNS_p_TCGAb_388_389_NSP_GenomeWideSNP_6_D03_1464564	14	51119173	64670988	8715	-0.7428
SHUNS_p_TCGAb_388_389_NSP_GenomeWideSNP_6_D03_1464564	14	64671657	64721675	36	-1.1728
SHUNS_p_TCGAb_388_389_NSP_GenomeWideSNP_6_D03_1464564	14	64722129	67590197	1511	-0.7518
SHUNS_p_TCGAb_388_389_NSP_GenomeWideSNP_6_D03_1464564	14	67590855	78205002	6595	-0.8089
SHUNS_p_TCGAb_388_389_NSP_GenomeWideSNP_6_D03_1464564	14	78205045	89106332	6762	-0.7001
SHUNS_p_TCGAb_388_389_NSP_GenomeWideSNP_6_D03_1464564	14	89107849	105533894	9801	-0.8207
SHUNS_p_TCGAb_388_389_NSP_GenomeWideSNP_6_D03_1464564	15	23437561	27855797	2721	0.7271
SHUNS_p_TCGAb_388_389_NSP_GenomeWideSNP_6_D03_1464564	15	28213684	32705661	649	0.6425
SHUNS_p_TCGAb_388_389_NSP_GenomeWideSNP_6_D03_1464564	15	32705925	40008242	5028	0.7091
SHUNS_p_TCGAb_388_389_NSP_GenomeWideSNP_6_D03_1464564	15	40008490	41024919	497	0.6108
SHUNS_p_TCGAb_388_389_NSP_GenomeWideSNP_6_D03_1464564	15	41025392	41731619	273	0.5084
SHUNS_p_TCGAb_388_389_NSP_GenomeWideSNP_6_D03_1464564	15	41732535	45512602	1634	0.617
SHUNS_p_TCGAb_388_389_NSP_GenomeWideSNP_6_D03_1464564	15	45512915	46362034	516	0.7018
SHUNS_p_TCGAb_388_389_NSP_GenomeWideSNP_6_D03_1464564	15	46365303	48692171	1597	0.7466
SHUNS_p_TCGAb_388_389_NSP_GenomeWideSNP_6_D03_1464564	15	48700279	50385312	983	0.6936
SHUNS_p_TCGAb_388_389_NSP_GenomeWideSNP_6_D03_1464564	15	50385599	50786283	192	0.5548
SHUNS_p_TCGAb_388_389_NSP_GenomeWideSNP_6_D03_1464564	15	50791095	52868417	1252	0.6659
SHUNS_p_TCGAb_388_389_NSP_GenomeWideSNP_6_D03_1464564	15	52868859	54531425	1301	0.7354
SHUNS_p_TCGAb_388_389_NSP_GenomeWideSNP_6_D03_1464564	15	54533382	58570744	2496	0.6776
SHUNS_p_TCGAb_388_389_NSP_GenomeWideSNP_6_D03_1464564	15	58571252	59684582	690	0.6149
SHUNS_p_TCGAb_388_389_NSP_GenomeWideSNP_6_D03_1464564	15	59684606	63071702	2729	0.6901
SHUNS_p_TCGAb_388_389_NSP_GenomeWideSNP_6_D03_1464564	15	63071930	63995160	527	0.6374
SHUNS_p_TCGAb_388_389_NSP_GenomeWideSNP_6_D03_1464564	15	63995513	66009441	922	0.5774
SHUNS_p_TCGAb_388_389_NSP_GenomeWideSNP_6_D03_1464564	15	66011146	69965079	2634	0.6374
SHUNS_p_TCGAb_388_389_NSP_GenomeWideSNP_6_D03_1464564	15	69966992	69967022	2	-0.59
SHUNS_p_TCGAb_388_389_NSP_GenomeWideSNP_6_D03_1464564	15	69970441	74447278	2634	0.6498
SHUNS_p_TCGAb_388_389_NSP_GenomeWideSNP_6_D03_1464564	15	74448050	75822017	485	0.5484
SHUNS_p_TCGAb_388_389_NSP_GenomeWideSNP_6_D03_1464564	15	75822470	79045656	1542	0.6335
SHUNS_p_TCGAb_388_389_NSP_GenomeWideSNP_6_D03_1464564	15	79046699	79642206	514	0.7172
SHUNS_p_TCGAb_388_389_NSP_GenomeWideSNP_6_D03_1464564	15	79642867	85937705	3251	0.6549
SHUNS_p_TCGAb_388_389_NSP_GenomeWideSNP_6_D03_1464564	15	85940447	89191299	2308	0.7026
SHUNS_p_TCGAb_388_389_NSP_GenomeWideSNP_6_D03_1464564	15	89191561	91099041	1007	0.5843
SHUNS_p_TCGAb_388_389_NSP_GenomeWideSNP_6_D03_1464564	15	91099823	95182205	2643	0.6819
SHUNS_p_TCGAb_388_389_NSP_GenomeWideSNP_6_D03_1464564	15	95185350	98408309	2297	0.7273
SHUNS_p_TCGAb_388_389_NSP_GenomeWideSNP_6_D03_1464564	15	98408703	101344124	1509	0.685
SHUNS_p_TCGAb_388_389_NSP_GenomeWideSNP_6_D03_1464564	16	603333	1607349	203	0.6372
SHUNS_p_TCGAb_388_389_NSP_GenomeWideSNP_6_D03_1464564	16	1607623	4787003	1307	0.5421
SHUNS_p_TCGAb_388_389_NSP_GenomeWideSNP_6_D03_1464564	16	4791379	5521321	473	0.6323
SHUNS_p_TCGAb_388_389_NSP_GenomeWideSNP_6_D03_1464564	16	5521608	10225962	3160	0.6926
SHUNS_p_TCGAb_388_389_NSP_GenomeWideSNP_6_D03_1464564	16	10227145	20586231	4106	0.6425
SHUNS_p_TCGAb_388_389_NSP_GenomeWideSNP_6_D03_1464564	16	20595007	23451984	826	0.1028
SHUNS_p_TCGAb_388_389_NSP_GenomeWideSNP_6_D03_1464564	16	23461232	25244185	1094	-0.8744
SHUNS_p_TCGAb_388_389_NSP_GenomeWideSNP_6_D03_1464564	16	25246214	26795879	1235	-0.775
SHUNS_p_TCGAb_388_389_NSP_GenomeWideSNP_6_D03_1464564	16	26796101	31677917	1559	-0.8614
SHUNS_p_TCGAb_388_389_NSP_GenomeWideSNP_6_D03_1464564	16	31680591	47925263	643	-0.7218
SHUNS_p_TCGAb_388_389_NSP_GenomeWideSNP_6_D03_1464564	16	47935795	48368517	240	0.1733
SHUNS_p_TCGAb_388_389_NSP_GenomeWideSNP_6_D03_1464564	16	48375055	48755613	208	1.0092
SHUNS_p_TCGAb_388_389_NSP_GenomeWideSNP_6_D03_1464564	16	48758398	58519260	6865	-0.7836
SHUNS_p_TCGAb_388_389_NSP_GenomeWideSNP_6_D03_1464564	16	58521649	65259079	4293	-0.7037
SHUNS_p_TCGAb_388_389_NSP_GenomeWideSNP_6_D03_1464564	16	65263059	65700036	292	0.7179
SHUNS_p_TCGAb_388_389_NSP_GenomeWideSNP_6_D03_1464564	16	65709480	66701915	755	-0.8005
SHUNS_p_TCGAb_388_389_NSP_GenomeWideSNP_6_D03_1464564	16	66704020	67523174	338	0.5915
SHUNS_p_TCGAb_388_389_NSP_GenomeWideSNP_6_D03_1464564	16	67524170	70468944	1218	1.1913
SHUNS_p_TCGAb_388_389_NSP_GenomeWideSNP_6_D03_1464564	16	70475964	71570393	415	0.6589
SHUNS_p_TCGAb_388_389_NSP_GenomeWideSNP_6_D03_1464564	16	71576782	75662480	2281	-0.7725
SHUNS_p_TCGAb_388_389_NSP_GenomeWideSNP_6_D03_1464564	16	75663571	76889372	791	-0.6772
SHUNS_p_TCGAb_388_389_NSP_GenomeWideSNP_6_D03_1464564	16	76889411	78400796	1381	-0.7903
SHUNS_p_TCGAb_388_389_NSP_GenomeWideSNP_6_D03_1464564	16	78402711	78653756	317	0.6796
SHUNS_p_TCGAb_388_389_NSP_GenomeWideSNP_6_D03_1464564	16	78657012	86066618	5351	-0.8183
SHUNS_p_TCGAb_388_389_NSP_GenomeWideSNP_6_D03_1464564	16	86069593	86070281	3	-4.5777
SHUNS_p_TCGAb_388_389_NSP_GenomeWideSNP_6_D03_1464564	16	86070558	88457407	1674	-0.867
SHUNS_p_TCGAb_388_389_NSP_GenomeWideSNP_6_D03_1464564	16	88459366	89317317	39	0.9148
SHUNS_p_TCGAb_388_389_NSP_GenomeWideSNP_6_D03_1464564	17	1074619	9497699	4260	0.0687
SHUNS_p_TCGAb_388_389_NSP_GenomeWideSNP_6_D03_1464564	17	9497946	15680663	3315	0.1761
SHUNS_p_TCGAb_388_389_NSP_GenomeWideSNP_6_D03_1464564	17	15682836	32438446	4600	0.077
SHUNS_p_TCGAb_388_389_NSP_GenomeWideSNP_6_D03_1464564	17	32441379	34677070	1014	0.1623
SHUNS_p_TCGAb_388_389_NSP_GenomeWideSNP_6_D03_1464564	17	34677114	40596973	2597	0.0624
SHUNS_p_TCGAb_388_389_NSP_GenomeWideSNP_6_D03_1464564	17	40596993	41661019	591	0.1398
SHUNS_p_TCGAb_388_389_NSP_GenomeWideSNP_6_D03_1464564	17	41663863	51532123	3971	0.0564
SHUNS_p_TCGAb_388_389_NSP_GenomeWideSNP_6_D03_1464564	17	51533026	56902883	3606	0.1802
SHUNS_p_TCGAb_388_389_NSP_GenomeWideSNP_6_D03_1464564	17	56905442	58475337	1051	0.1283
SHUNS_p_TCGAb_388_389_NSP_GenomeWideSNP_6_D03_1464564	17	58482587	60808745	1001	0.0474
SHUNS_p_TCGAb_388_389_NSP_GenomeWideSNP_6_D03_1464564	17	60809602	68621870	4047	0.1142
SHUNS_p_TCGAb_388_389_NSP_GenomeWideSNP_6_D03_1464564	17	68622278	72967948	3262	0.1747
SHUNS_p_TCGAb_388_389_NSP_GenomeWideSNP_6_D03_1464564	17	72972301	82959812	4032	0.0593
SHUNS_p_TCGAb_388_389_NSP_GenomeWideSNP_6_D03_1464564	18	326691	2187489	613	0.2039
SHUNS_p_TCGAb_388_389_NSP_GenomeWideSNP_6_D03_1464564	18	2187540	3882254	980	0.1262
SHUNS_p_TCGAb_388_389_NSP_GenomeWideSNP_6_D03_1464564	18	3885559	8985788	3287	0.2301
SHUNS_p_TCGAb_388_389_NSP_GenomeWideSNP_6_D03_1464564	18	8987086	24468625	5203	0.1561
SHUNS_p_TCGAb_388_389_NSP_GenomeWideSNP_6_D03_1464564	18	24470813	32015980	4728	0.2089
SHUNS_p_TCGAb_388_389_NSP_GenomeWideSNP_6_D03_1464564	18	32017484	32084547	49	-0.0629
SHUNS_p_TCGAb_388_389_NSP_GenomeWideSNP_6_D03_1464564	18	32084565	45716939	8348	0.208
SHUNS_p_TCGAb_388_389_NSP_GenomeWideSNP_6_D03_1464564	18	45717171	51296247	3765	0.1589
SHUNS_p_TCGAb_388_389_NSP_GenomeWideSNP_6_D03_1464564	18	51296418	52595798	912	0.2314
SHUNS_p_TCGAb_388_389_NSP_GenomeWideSNP_6_D03_1464564	18	52595930	52596419	3	-0.7618
SHUNS_p_TCGAb_388_389_NSP_GenomeWideSNP_6_D03_1464564	18	52598284	57538368	3091	0.2055
SHUNS_p_TCGAb_388_389_NSP_GenomeWideSNP_6_D03_1464564	18	57538723	63621835	4052	0.1714
SHUNS_p_TCGAb_388_389_NSP_GenomeWideSNP_6_D03_1464564	18	63622810	79349796	7925	0.2052
SHUNS_p_TCGAb_388_389_NSP_GenomeWideSNP_6_D03_1464564	19	283868	21687429	8071	0.01
SHUNS_p_TCGAb_388_389_NSP_GenomeWideSNP_6_D03_1464564	19	21687768	23800513	964	0.0992
SHUNS_p_TCGAb_388_389_NSP_GenomeWideSNP_6_D03_1464564	19	23800911	31984527	3211	0.1506
SHUNS_p_TCGAb_388_389_NSP_GenomeWideSNP_6_D03_1464564	19	31984983	34890948	1860	0.087
SHUNS_p_TCGAb_388_389_NSP_GenomeWideSNP_6_D03_1464564	19	34891129	55731073	8657	0.0336
SHUNS_p_TCGAb_388_389_NSP_GenomeWideSNP_6_D03_1464564	19	55731868	57721640	1143	0.0872
SHUNS_p_TCGAb_388_389_NSP_GenomeWideSNP_6_D03_1464564	19	57729060	58370362	321	0.0443
SHUNS_p_TCGAb_388_389_NSP_GenomeWideSNP_6_D03_1464564	20	472817	6234383	3477	0.1205
SHUNS_p_TCGAb_388_389_NSP_GenomeWideSNP_6_D03_1464564	20	6236333	6378394	90	0.2525
SHUNS_p_TCGAb_388_389_NSP_GenomeWideSNP_6_D03_1464564	20	6378489	6380595	4	0.8851
SHUNS_p_TCGAb_388_389_NSP_GenomeWideSNP_6_D03_1464564	20	6380626	7959642	1097	0.1911
SHUNS_p_TCGAb_388_389_NSP_GenomeWideSNP_6_D03_1464564	20	7959782	17388483	6398	0.2252
SHUNS_p_TCGAb_388_389_NSP_GenomeWideSNP_6_D03_1464564	20	17388655	22767999	4020	0.1708
SHUNS_p_TCGAb_388_389_NSP_GenomeWideSNP_6_D03_1464564	20	22768205	22768244	2	-1.2075
SHUNS_p_TCGAb_388_389_NSP_GenomeWideSNP_6_D03_1464564	20	22768497	25558704	1658	0.192
SHUNS_p_TCGAb_388_389_NSP_GenomeWideSNP_6_D03_1464564	20	25558850	31403242	312	0.1463
SHUNS_p_TCGAb_388_389_NSP_GenomeWideSNP_6_D03_1464564	20	31403416	37969664	3280	0.0663
SHUNS_p_TCGAb_388_389_NSP_GenomeWideSNP_6_D03_1464564	20	37969825	43393631	3711	0.1741
SHUNS_p_TCGAb_388_389_NSP_GenomeWideSNP_6_D03_1464564	20	43395611	48804527	3644	0.127
SHUNS_p_TCGAb_388_389_NSP_GenomeWideSNP_6_D03_1464564	20	48805851	50857038	1107	0.0742
SHUNS_p_TCGAb_388_389_NSP_GenomeWideSNP_6_D03_1464564	20	50857697	51057540	135	0.1285
SHUNS_p_TCGAb_388_389_NSP_GenomeWideSNP_6_D03_1464564	20	51061576	61929031	8049	0.1691
SHUNS_p_TCGAb_388_389_NSP_GenomeWideSNP_6_D03_1464564	20	61929676	63588502	628	0.098
SHUNS_p_TCGAb_388_389_NSP_GenomeWideSNP_6_D03_1464564	21	13974127	14873191	583	0.1603
SHUNS_p_TCGAb_388_389_NSP_GenomeWideSNP_6_D03_1464564	21	14874336	31338706	10545	0.2086
SHUNS_p_TCGAb_388_389_NSP_GenomeWideSNP_6_D03_1464564	21	31339567	33156735	1205	0.1395
SHUNS_p_TCGAb_388_389_NSP_GenomeWideSNP_6_D03_1464564	21	33156928	33708734	291	0.0434
SHUNS_p_TCGAb_388_389_NSP_GenomeWideSNP_6_D03_1464564	21	33712616	39475085	4026	0.143
SHUNS_p_TCGAb_388_389_NSP_GenomeWideSNP_6_D03_1464564	21	39475270	41326942	1514	0.1975
SHUNS_p_TCGAb_388_389_NSP_GenomeWideSNP_6_D03_1464564	21	41327737	46262057	2621	0.1125
SHUNS_p_TCGAb_388_389_NSP_GenomeWideSNP_6_D03_1464564	22	16934932	17064969	72	0.1816
SHUNS_p_TCGAb_388_389_NSP_GenomeWideSNP_6_D03_1464564	22	17066236	25701001	1703	0.0914
SHUNS_p_TCGAb_388_389_NSP_GenomeWideSNP_6_D03_1464564	22	25701637	28463079	2454	0.1521
SHUNS_p_TCGAb_388_389_NSP_GenomeWideSNP_6_D03_1464564	22	28463671	32083942	1952	0.0593
SHUNS_p_TCGAb_388_389_NSP_GenomeWideSNP_6_D03_1464564	22	32086619	35524008	2942	0.1627
SHUNS_p_TCGAb_388_389_NSP_GenomeWideSNP_6_D03_1464564	22	35524022	43099353	3668	0.0424
SHUNS_p_TCGAb_388_389_NSP_GenomeWideSNP_6_D03_1464564	22	43099907	47436135	3040	0.1116
SHUNS_p_TCGAb_388_389_NSP_GenomeWideSNP_6_D03_1464564	22	47436362	48940621	1255	0.1753
SHUNS_p_TCGAb_388_389_NSP_GenomeWideSNP_6_D03_1464564	X	3236359	17820777	5930	0.0038
SHUNS_p_TCGAb_388_389_NSP_GenomeWideSNP_6_D03_1464564	X	17826208	17826296	2	-1.7456
SHUNS_p_TCGAb_388_389_NSP_GenomeWideSNP_6_D03_1464564	X	17827296	39747901	10357	0.0184
SHUNS_p_TCGAb_388_389_NSP_GenomeWideSNP_6_D03_1464564	X	39748868	44302170	2002	-0.0215
SHUNS_p_TCGAb_388_389_NSP_GenomeWideSNP_6_D03_1464564	X	44304769	45052749	344	-0.1395
SHUNS_p_TCGAb_388_389_NSP_GenomeWideSNP_6_D03_1464564	X	45060991	45231566	84	-0.0335
SHUNS_p_TCGAb_388_389_NSP_GenomeWideSNP_6_D03_1464564	X	45232232	45232243	2	-1.4395
SHUNS_p_TCGAb_388_389_NSP_GenomeWideSNP_6_D03_1464564	X	45235229	45825371	306	-0.0084
SHUNS_p_TCGAb_388_389_NSP_GenomeWideSNP_6_D03_1464564	X	45825780	45828349	2	1.2156
SHUNS_p_TCGAb_388_389_NSP_GenomeWideSNP_6_D03_1464564	X	45828953	46699372	425	-0.0069
SHUNS_p_TCGAb_388_389_NSP_GenomeWideSNP_6_D03_1464564	X	46699506	47355367	308	-0.0763
SHUNS_p_TCGAb_388_389_NSP_GenomeWideSNP_6_D03_1464564	X	47359716	47375983	7	-0.5966
SHUNS_p_TCGAb_388_389_NSP_GenomeWideSNP_6_D03_1464564	X	47380365	49255669	694	-0.0878
SHUNS_p_TCGAb_388_389_NSP_GenomeWideSNP_6_D03_1464564	X	49255826	81372175	10102	-0.0221
SHUNS_p_TCGAb_388_389_NSP_GenomeWideSNP_6_D03_1464564	X	81372276	118086765	15827	0.0106
SHUNS_p_TCGAb_388_389_NSP_GenomeWideSNP_6_D03_1464564	X	118089764	120221601	1140	-0.0542
SHUNS_p_TCGAb_388_389_NSP_GenomeWideSNP_6_D03_1464564	X	120223263	155677414	15867	0.0076
