Sample	Chromosome	Start	End	Num_Probes	Segment_Mean
SHUNS_p_TCGAb_388_389_NSP_GenomeWideSNP_6_C09_1464554	1	3301765	5872643	1838	0.3475
SHUNS_p_TCGAb_388_389_NSP_GenomeWideSNP_6_C09_1464554	1	5874176	47614007	21945	0.299
SHUNS_p_TCGAb_388_389_NSP_GenomeWideSNP_6_C09_1464554	1	47614783	51843523	2093	0.3722
SHUNS_p_TCGAb_388_389_NSP_GenomeWideSNP_6_C09_1464554	1	51843742	55047496	1884	0.296
SHUNS_p_TCGAb_388_389_NSP_GenomeWideSNP_6_C09_1464554	1	55048400	56644764	1225	0.3724
SHUNS_p_TCGAb_388_389_NSP_GenomeWideSNP_6_C09_1464554	1	56656417	101563821	28334	-0.2007
SHUNS_p_TCGAb_388_389_NSP_GenomeWideSNP_6_C09_1464554	1	101564445	101574473	2	-3.4136
SHUNS_p_TCGAb_388_389_NSP_GenomeWideSNP_6_C09_1464554	1	101574850	103524378	1005	-0.2071
SHUNS_p_TCGAb_388_389_NSP_GenomeWideSNP_6_C09_1464554	1	103793015	119979978	9727	0.3443
SHUNS_p_TCGAb_388_389_NSP_GenomeWideSNP_6_C09_1464554	1	119981279	153272606	1627	0.1478
SHUNS_p_TCGAb_388_389_NSP_GenomeWideSNP_6_C09_1464554	1	153274022	156869382	1622	0.0872
SHUNS_p_TCGAb_388_389_NSP_GenomeWideSNP_6_C09_1464554	1	156869617	247650984	58358	0.1778
SHUNS_p_TCGAb_388_389_NSP_GenomeWideSNP_6_C09_1464554	2	480597	74682638	43787	0.1628
SHUNS_p_TCGAb_388_389_NSP_GenomeWideSNP_6_C09_1464554	2	74683576	75093230	262	0.4681
SHUNS_p_TCGAb_388_389_NSP_GenomeWideSNP_6_C09_1464554	2	75094476	241537572	88057	0.1724
SHUNS_p_TCGAb_388_389_NSP_GenomeWideSNP_6_C09_1464554	3	2170634	13171328	6582	-0.5036
SHUNS_p_TCGAb_388_389_NSP_GenomeWideSNP_6_C09_1464554	3	13174212	13178491	5	-3.045
SHUNS_p_TCGAb_388_389_NSP_GenomeWideSNP_6_C09_1464554	3	13178662	24043675	5968	-0.5107
SHUNS_p_TCGAb_388_389_NSP_GenomeWideSNP_6_C09_1464554	3	24046750	24342514	243	-1.1192
SHUNS_p_TCGAb_388_389_NSP_GenomeWideSNP_6_C09_1464554	3	24343879	30803291	4162	-0.4849
SHUNS_p_TCGAb_388_389_NSP_GenomeWideSNP_6_C09_1464554	3	30808563	32709738	1268	-0.016
SHUNS_p_TCGAb_388_389_NSP_GenomeWideSNP_6_C09_1464554	3	32712891	51344295	9970	-0.4916
SHUNS_p_TCGAb_388_389_NSP_GenomeWideSNP_6_C09_1464554	3	51345221	51345713	2	-6.2402
SHUNS_p_TCGAb_388_389_NSP_GenomeWideSNP_6_C09_1464554	3	51345775	56015459	2899	-0.515
SHUNS_p_TCGAb_388_389_NSP_GenomeWideSNP_6_C09_1464554	3	56017634	57528328	870	0.2414
SHUNS_p_TCGAb_388_389_NSP_GenomeWideSNP_6_C09_1464554	3	57530821	57981296	173	-0.5494
SHUNS_p_TCGAb_388_389_NSP_GenomeWideSNP_6_C09_1464554	3	57985515	58186322	145	0.4599
SHUNS_p_TCGAb_388_389_NSP_GenomeWideSNP_6_C09_1464554	3	58186623	65612305	4620	0.2697
SHUNS_p_TCGAb_388_389_NSP_GenomeWideSNP_6_C09_1464554	3	65613157	65732429	90	1.0905
SHUNS_p_TCGAb_388_389_NSP_GenomeWideSNP_6_C09_1464554	3	65736202	68385541	1693	1.3782
SHUNS_p_TCGAb_388_389_NSP_GenomeWideSNP_6_C09_1464554	3	68387280	68395551	5	0.7189
SHUNS_p_TCGAb_388_389_NSP_GenomeWideSNP_6_C09_1464554	3	68396429	70238832	1415	1.5624
SHUNS_p_TCGAb_388_389_NSP_GenomeWideSNP_6_C09_1464554	3	70244461	70619755	223	1.3465
SHUNS_p_TCGAb_388_389_NSP_GenomeWideSNP_6_C09_1464554	3	70619925	71590623	632	0.3245
SHUNS_p_TCGAb_388_389_NSP_GenomeWideSNP_6_C09_1464554	3	71592068	71603737	9	1.2792
SHUNS_p_TCGAb_388_389_NSP_GenomeWideSNP_6_C09_1464554	3	71607619	71658051	39	0.2729
SHUNS_p_TCGAb_388_389_NSP_GenomeWideSNP_6_C09_1464554	3	71658361	72812071	876	0.5771
SHUNS_p_TCGAb_388_389_NSP_GenomeWideSNP_6_C09_1464554	3	72814353	73463670	465	0.4335
SHUNS_p_TCGAb_388_389_NSP_GenomeWideSNP_6_C09_1464554	3	73468784	74290246	628	0.8924
SHUNS_p_TCGAb_388_389_NSP_GenomeWideSNP_6_C09_1464554	3	74290528	74473528	134	1.119
SHUNS_p_TCGAb_388_389_NSP_GenomeWideSNP_6_C09_1464554	3	74475474	76544781	784	0.8243
SHUNS_p_TCGAb_388_389_NSP_GenomeWideSNP_6_C09_1464554	3	76545911	76800952	158	0.5841
SHUNS_p_TCGAb_388_389_NSP_GenomeWideSNP_6_C09_1464554	3	76801750	77506297	461	0.7921
SHUNS_p_TCGAb_388_389_NSP_GenomeWideSNP_6_C09_1464554	3	77506314	77541929	3	0.2297
SHUNS_p_TCGAb_388_389_NSP_GenomeWideSNP_6_C09_1464554	3	77542421	78270905	379	1.1524
SHUNS_p_TCGAb_388_389_NSP_GenomeWideSNP_6_C09_1464554	3	78272297	80089055	1002	0.9883
SHUNS_p_TCGAb_388_389_NSP_GenomeWideSNP_6_C09_1464554	3	80089574	80229937	79	1.1809
SHUNS_p_TCGAb_388_389_NSP_GenomeWideSNP_6_C09_1464554	3	80234474	83532138	1733	1.6803
SHUNS_p_TCGAb_388_389_NSP_GenomeWideSNP_6_C09_1464554	3	83538131	83756010	95	1.2048
SHUNS_p_TCGAb_388_389_NSP_GenomeWideSNP_6_C09_1464554	3	83761082	84484749	310	0.5897
SHUNS_p_TCGAb_388_389_NSP_GenomeWideSNP_6_C09_1464554	3	84484813	86788796	1099	0.7879
SHUNS_p_TCGAb_388_389_NSP_GenomeWideSNP_6_C09_1464554	3	86790937	87518040	393	1.5606
SHUNS_p_TCGAb_388_389_NSP_GenomeWideSNP_6_C09_1464554	3	87518280	90095608	1243	1.0563
SHUNS_p_TCGAb_388_389_NSP_GenomeWideSNP_6_C09_1464554	3	90096566	197812401	55943	0.1617
SHUNS_p_TCGAb_388_389_NSP_GenomeWideSNP_6_C09_1464554	4	1059384	3452072	971	-0.1671
SHUNS_p_TCGAb_388_389_NSP_GenomeWideSNP_6_C09_1464554	4	3452452	4490028	388	0.1847
SHUNS_p_TCGAb_388_389_NSP_GenomeWideSNP_6_C09_1464554	4	4490769	51832591	26917	-0.1126
SHUNS_p_TCGAb_388_389_NSP_GenomeWideSNP_6_C09_1464554	4	51833594	70451852	10231	0.1534
SHUNS_p_TCGAb_388_389_NSP_GenomeWideSNP_6_C09_1464554	4	70451867	116801364	26567	0.11
SHUNS_p_TCGAb_388_389_NSP_GenomeWideSNP_6_C09_1464554	4	116806185	125158034	4739	0.1749
SHUNS_p_TCGAb_388_389_NSP_GenomeWideSNP_6_C09_1464554	4	125159190	136459960	5342	0.1183
SHUNS_p_TCGAb_388_389_NSP_GenomeWideSNP_6_C09_1464554	4	136460987	160929516	14253	0.1537
SHUNS_p_TCGAb_388_389_NSP_GenomeWideSNP_6_C09_1464554	4	160933025	161010744	3	-1.6253
SHUNS_p_TCGAb_388_389_NSP_GenomeWideSNP_6_C09_1464554	4	161011125	187842528	13958	0.14
SHUNS_p_TCGAb_388_389_NSP_GenomeWideSNP_6_C09_1464554	5	914118	1427896	123	0.1855
SHUNS_p_TCGAb_388_389_NSP_GenomeWideSNP_6_C09_1464554	5	1427996	18182517	11017	-0.0012
SHUNS_p_TCGAb_388_389_NSP_GenomeWideSNP_6_C09_1464554	5	18184240	20622786	1230	0.1129
SHUNS_p_TCGAb_388_389_NSP_GenomeWideSNP_6_C09_1464554	5	20623500	23869899	1659	-0.1944
SHUNS_p_TCGAb_388_389_NSP_GenomeWideSNP_6_C09_1464554	5	23871937	32734302	5127	-0.0303
SHUNS_p_TCGAb_388_389_NSP_GenomeWideSNP_6_C09_1464554	5	32734405	35717093	1440	-0.2066
SHUNS_p_TCGAb_388_389_NSP_GenomeWideSNP_6_C09_1464554	5	35717571	45308261	5479	-0.0201
SHUNS_p_TCGAb_388_389_NSP_GenomeWideSNP_6_C09_1464554	5	45310953	180934240	74936	0.1726
SHUNS_p_TCGAb_388_389_NSP_GenomeWideSNP_6_C09_1464554	6	1011760	33195674	19552	0.179
SHUNS_p_TCGAb_388_389_NSP_GenomeWideSNP_6_C09_1464554	6	33196958	37661862	2421	0.1218
SHUNS_p_TCGAb_388_389_NSP_GenomeWideSNP_6_C09_1464554	6	37662244	41805096	3005	0.1927
SHUNS_p_TCGAb_388_389_NSP_GenomeWideSNP_6_C09_1464554	6	41805584	43800322	1014	0.104
SHUNS_p_TCGAb_388_389_NSP_GenomeWideSNP_6_C09_1464554	6	43800698	62192932	8403	0.1874
SHUNS_p_TCGAb_388_389_NSP_GenomeWideSNP_6_C09_1464554	6	62193306	62903444	310	0.0901
SHUNS_p_TCGAb_388_389_NSP_GenomeWideSNP_6_C09_1464554	6	62903661	65601985	1381	-0.1237
SHUNS_p_TCGAb_388_389_NSP_GenomeWideSNP_6_C09_1464554	6	65602844	70163927	2684	0.1654
SHUNS_p_TCGAb_388_389_NSP_GenomeWideSNP_6_C09_1464554	6	70164536	73850206	2183	-0.0393
SHUNS_p_TCGAb_388_389_NSP_GenomeWideSNP_6_C09_1464554	6	73852782	82040038	4458	-0.4814
SHUNS_p_TCGAb_388_389_NSP_GenomeWideSNP_6_C09_1464554	6	82040306	82040358	2	-5.6649
SHUNS_p_TCGAb_388_389_NSP_GenomeWideSNP_6_C09_1464554	6	82043291	170596889	51168	-0.4911
SHUNS_p_TCGAb_388_389_NSP_GenomeWideSNP_6_C09_1464554	7	664936	858016	65	0.2588
SHUNS_p_TCGAb_388_389_NSP_GenomeWideSNP_6_C09_1464554	7	858610	7363384	2505	0.1386
SHUNS_p_TCGAb_388_389_NSP_GenomeWideSNP_6_C09_1464554	7	7363460	51768988	27823	0.1899
SHUNS_p_TCGAb_388_389_NSP_GenomeWideSNP_6_C09_1464554	7	51769985	77920589	8702	0.1482
SHUNS_p_TCGAb_388_389_NSP_GenomeWideSNP_6_C09_1464554	7	77921563	97688520	10876	0.1954
SHUNS_p_TCGAb_388_389_NSP_GenomeWideSNP_6_C09_1464554	7	97688757	102451288	1848	0.1167
SHUNS_p_TCGAb_388_389_NSP_GenomeWideSNP_6_C09_1464554	7	102766123	158592540	30119	0.1855
SHUNS_p_TCGAb_388_389_NSP_GenomeWideSNP_6_C09_1464554	8	667625	3212371	1075	-2.7169
SHUNS_p_TCGAb_388_389_NSP_GenomeWideSNP_6_C09_1464554	8	3213125	3648319	441	-0.4924
SHUNS_p_TCGAb_388_389_NSP_GenomeWideSNP_6_C09_1464554	8	3649203	3883274	137	-2.8977
SHUNS_p_TCGAb_388_389_NSP_GenomeWideSNP_6_C09_1464554	8	3937803	14468830	4862	-0.5097
SHUNS_p_TCGAb_388_389_NSP_GenomeWideSNP_6_C09_1464554	8	14469153	14489852	23	-3.5612
SHUNS_p_TCGAb_388_389_NSP_GenomeWideSNP_6_C09_1464554	8	14491729	14995579	442	-2.1009
SHUNS_p_TCGAb_388_389_NSP_GenomeWideSNP_6_C09_1464554	8	14996272	15004905	16	-4.8153
SHUNS_p_TCGAb_388_389_NSP_GenomeWideSNP_6_C09_1464554	8	15007997	28140728	9386	-0.5064
SHUNS_p_TCGAb_388_389_NSP_GenomeWideSNP_6_C09_1464554	8	28140858	28147849	5	-3.0597
SHUNS_p_TCGAb_388_389_NSP_GenomeWideSNP_6_C09_1464554	8	28148363	32820986	3035	-0.4959
SHUNS_p_TCGAb_388_389_NSP_GenomeWideSNP_6_C09_1464554	8	32821013	33907403	550	-0.0211
SHUNS_p_TCGAb_388_389_NSP_GenomeWideSNP_6_C09_1464554	8	33907608	42645620	4745	0.2994
SHUNS_p_TCGAb_388_389_NSP_GenomeWideSNP_6_C09_1464554	8	42645730	144182542	57252	0.1983
SHUNS_p_TCGAb_388_389_NSP_GenomeWideSNP_6_C09_1464554	9	789794	38752071	23356	-0.4747
SHUNS_p_TCGAb_388_389_NSP_GenomeWideSNP_6_C09_1464554	9	68423153	69904256	1176	-0.0153
SHUNS_p_TCGAb_388_389_NSP_GenomeWideSNP_6_C09_1464554	9	69904635	90665914	14363	-0.0624
SHUNS_p_TCGAb_388_389_NSP_GenomeWideSNP_6_C09_1464554	9	90669839	94620386	2243	-0.1249
SHUNS_p_TCGAb_388_389_NSP_GenomeWideSNP_6_C09_1464554	9	94626846	116838879	14755	-0.069
SHUNS_p_TCGAb_388_389_NSP_GenomeWideSNP_6_C09_1464554	9	116839020	119153356	1735	-0.0058
SHUNS_p_TCGAb_388_389_NSP_GenomeWideSNP_6_C09_1464554	9	119154332	123286070	2822	0.0904
SHUNS_p_TCGAb_388_389_NSP_GenomeWideSNP_6_C09_1464554	9	123289269	126310164	1830	-0.0112
SHUNS_p_TCGAb_388_389_NSP_GenomeWideSNP_6_C09_1464554	9	126313610	129736742	1699	-0.0994
SHUNS_p_TCGAb_388_389_NSP_GenomeWideSNP_6_C09_1464554	9	129736790	130110930	213	0.0719
SHUNS_p_TCGAb_388_389_NSP_GenomeWideSNP_6_C09_1464554	9	130114488	131085840	685	-0.1201
SHUNS_p_TCGAb_388_389_NSP_GenomeWideSNP_6_C09_1464554	9	131088195	133810535	1715	-0.0201
SHUNS_p_TCGAb_388_389_NSP_GenomeWideSNP_6_C09_1464554	9	133810892	133814335	2	-2.8853
SHUNS_p_TCGAb_388_389_NSP_GenomeWideSNP_6_C09_1464554	9	133814799	135572485	858	-0.0709
SHUNS_p_TCGAb_388_389_NSP_GenomeWideSNP_6_C09_1464554	9	135572836	137100495	444	0.0732
SHUNS_p_TCGAb_388_389_NSP_GenomeWideSNP_6_C09_1464554	9	137101465	138044505	262	-0.1112
SHUNS_p_TCGAb_388_389_NSP_GenomeWideSNP_6_C09_1464554	10	366509	38256665	26185	0.1669
SHUNS_p_TCGAb_388_389_NSP_GenomeWideSNP_6_C09_1464554	10	38256846	38381692	50	-0.4268
SHUNS_p_TCGAb_388_389_NSP_GenomeWideSNP_6_C09_1464554	10	38388419	38770921	65	0.0342
SHUNS_p_TCGAb_388_389_NSP_GenomeWideSNP_6_C09_1464554	10	42450960	43810794	844	-0.5103
SHUNS_p_TCGAb_388_389_NSP_GenomeWideSNP_6_C09_1464554	10	43811920	44655392	698	0.1927
SHUNS_p_TCGAb_388_389_NSP_GenomeWideSNP_6_C09_1464554	10	44660943	124347115	47796	-0.4816
SHUNS_p_TCGAb_388_389_NSP_GenomeWideSNP_6_C09_1464554	10	124349192	124349320	2	-5.9686
SHUNS_p_TCGAb_388_389_NSP_GenomeWideSNP_6_C09_1464554	10	124349851	131260775	4565	-0.488
SHUNS_p_TCGAb_388_389_NSP_GenomeWideSNP_6_C09_1464554	10	131265084	132412850	299	-0.0084
SHUNS_p_TCGAb_388_389_NSP_GenomeWideSNP_6_C09_1464554	10	132412922	133190570	194	-0.555
SHUNS_p_TCGAb_388_389_NSP_GenomeWideSNP_6_C09_1464554	10	133203815	133263092	6	-3.8514
SHUNS_p_TCGAb_388_389_NSP_GenomeWideSNP_6_C09_1464554	10	133266284	133411599	52	-0.6871
SHUNS_p_TCGAb_388_389_NSP_GenomeWideSNP_6_C09_1464554	11	456012	6869670	3154	-0.494
SHUNS_p_TCGAb_388_389_NSP_GenomeWideSNP_6_C09_1464554	11	6870309	6871635	3	-3.1399
SHUNS_p_TCGAb_388_389_NSP_GenomeWideSNP_6_C09_1464554	11	6871973	19234957	8421	-0.4714
SHUNS_p_TCGAb_388_389_NSP_GenomeWideSNP_6_C09_1464554	11	19236566	19634906	384	0.2485
SHUNS_p_TCGAb_388_389_NSP_GenomeWideSNP_6_C09_1464554	11	19639235	20132993	483	0.6168
SHUNS_p_TCGAb_388_389_NSP_GenomeWideSNP_6_C09_1464554	11	20133439	20384100	190	0.2416
SHUNS_p_TCGAb_388_389_NSP_GenomeWideSNP_6_C09_1464554	11	20384261	21559952	923	-0.4631
SHUNS_p_TCGAb_388_389_NSP_GenomeWideSNP_6_C09_1464554	11	21560119	21741865	104	0.161
SHUNS_p_TCGAb_388_389_NSP_GenomeWideSNP_6_C09_1464554	11	21742062	23175786	963	-0.4426
SHUNS_p_TCGAb_388_389_NSP_GenomeWideSNP_6_C09_1464554	11	23175816	23264478	79	0.179
SHUNS_p_TCGAb_388_389_NSP_GenomeWideSNP_6_C09_1464554	11	23276268	23367653	61	-0.4438
SHUNS_p_TCGAb_388_389_NSP_GenomeWideSNP_6_C09_1464554	11	23369256	23399779	25	0.2099
SHUNS_p_TCGAb_388_389_NSP_GenomeWideSNP_6_C09_1464554	11	23399872	23407525	6	0.7968
SHUNS_p_TCGAb_388_389_NSP_GenomeWideSNP_6_C09_1464554	11	23407705	23427789	12	0.2331
SHUNS_p_TCGAb_388_389_NSP_GenomeWideSNP_6_C09_1464554	11	23438213	23440942	5	-0.4966
SHUNS_p_TCGAb_388_389_NSP_GenomeWideSNP_6_C09_1464554	11	23443082	23445103	9	0.2182
SHUNS_p_TCGAb_388_389_NSP_GenomeWideSNP_6_C09_1464554	11	23446897	23473286	17	-0.3359
SHUNS_p_TCGAb_388_389_NSP_GenomeWideSNP_6_C09_1464554	11	23473331	24879248	887	0.1886
SHUNS_p_TCGAb_388_389_NSP_GenomeWideSNP_6_C09_1464554	11	24879903	25052178	115	-0.4014
SHUNS_p_TCGAb_388_389_NSP_GenomeWideSNP_6_C09_1464554	11	25052251	25274947	44	0.2473
SHUNS_p_TCGAb_388_389_NSP_GenomeWideSNP_6_C09_1464554	11	25274948	25453193	132	0.6076
SHUNS_p_TCGAb_388_389_NSP_GenomeWideSNP_6_C09_1464554	11	25453389	25781845	156	0.1644
SHUNS_p_TCGAb_388_389_NSP_GenomeWideSNP_6_C09_1464554	11	25785045	26678571	694	-0.4313
SHUNS_p_TCGAb_388_389_NSP_GenomeWideSNP_6_C09_1464554	11	26682415	26988879	184	0.1953
SHUNS_p_TCGAb_388_389_NSP_GenomeWideSNP_6_C09_1464554	11	26990354	27651574	457	-0.4777
SHUNS_p_TCGAb_388_389_NSP_GenomeWideSNP_6_C09_1464554	11	27655494	28318709	339	0.1634
SHUNS_p_TCGAb_388_389_NSP_GenomeWideSNP_6_C09_1464554	11	28326911	28554652	115	0.8438
SHUNS_p_TCGAb_388_389_NSP_GenomeWideSNP_6_C09_1464554	11	28556320	29088327	316	0.5867
SHUNS_p_TCGAb_388_389_NSP_GenomeWideSNP_6_C09_1464554	11	29088943	30287979	719	0.1958
SHUNS_p_TCGAb_388_389_NSP_GenomeWideSNP_6_C09_1464554	11	30290528	30383972	62	0.6531
SHUNS_p_TCGAb_388_389_NSP_GenomeWideSNP_6_C09_1464554	11	30384367	30446069	53	0.1876
SHUNS_p_TCGAb_388_389_NSP_GenomeWideSNP_6_C09_1464554	11	30446277	30523546	65	0.61
SHUNS_p_TCGAb_388_389_NSP_GenomeWideSNP_6_C09_1464554	11	30527920	31502655	570	0.199
SHUNS_p_TCGAb_388_389_NSP_GenomeWideSNP_6_C09_1464554	11	31508454	32327871	569	-0.4654
SHUNS_p_TCGAb_388_389_NSP_GenomeWideSNP_6_C09_1464554	11	32328481	32337201	5	-3.3605
SHUNS_p_TCGAb_388_389_NSP_GenomeWideSNP_6_C09_1464554	11	32337433	34467796	1330	-0.479
SHUNS_p_TCGAb_388_389_NSP_GenomeWideSNP_6_C09_1464554	11	34468990	34469100	2	-3.078
SHUNS_p_TCGAb_388_389_NSP_GenomeWideSNP_6_C09_1464554	11	34469601	35615795	980	-0.4638
SHUNS_p_TCGAb_388_389_NSP_GenomeWideSNP_6_C09_1464554	11	35622393	37653842	942	0.2174
SHUNS_p_TCGAb_388_389_NSP_GenomeWideSNP_6_C09_1464554	11	37654443	62146139	10117	-0.4969
SHUNS_p_TCGAb_388_389_NSP_GenomeWideSNP_6_C09_1464554	11	62146305	62150041	6	-3.6934
SHUNS_p_TCGAb_388_389_NSP_GenomeWideSNP_6_C09_1464554	11	62150391	62992379	412	-0.5353
SHUNS_p_TCGAb_388_389_NSP_GenomeWideSNP_6_C09_1464554	11	62994950	62998959	6	-2.7886
SHUNS_p_TCGAb_388_389_NSP_GenomeWideSNP_6_C09_1464554	11	63003549	134272740	42752	-0.4826
SHUNS_p_TCGAb_388_389_NSP_GenomeWideSNP_6_C09_1464554	12	780472	1197489	209	0.3164
SHUNS_p_TCGAb_388_389_NSP_GenomeWideSNP_6_C09_1464554	12	1752621	33368216	19345	-0.4635
SHUNS_p_TCGAb_388_389_NSP_GenomeWideSNP_6_C09_1464554	12	38827290	39015104	85	1.2222
SHUNS_p_TCGAb_388_389_NSP_GenomeWideSNP_6_C09_1464554	12	39015221	39438661	231	1.5764
SHUNS_p_TCGAb_388_389_NSP_GenomeWideSNP_6_C09_1464554	12	39444234	39897225	204	1.0093
SHUNS_p_TCGAb_388_389_NSP_GenomeWideSNP_6_C09_1464554	12	39898629	41442101	1076	1.2184
SHUNS_p_TCGAb_388_389_NSP_GenomeWideSNP_6_C09_1464554	12	41442116	42479600	646	0.2107
SHUNS_p_TCGAb_388_389_NSP_GenomeWideSNP_6_C09_1464554	12	42482315	42568097	57	0.6043
SHUNS_p_TCGAb_388_389_NSP_GenomeWideSNP_6_C09_1464554	12	42572506	42603742	17	0.1931
SHUNS_p_TCGAb_388_389_NSP_GenomeWideSNP_6_C09_1464554	12	42604076	43344680	168	1.1983
SHUNS_p_TCGAb_388_389_NSP_GenomeWideSNP_6_C09_1464554	12	43345446	43654525	137	0.7602
SHUNS_p_TCGAb_388_389_NSP_GenomeWideSNP_6_C09_1464554	12	43657056	43921959	152	-0.4142
SHUNS_p_TCGAb_388_389_NSP_GenomeWideSNP_6_C09_1464554	12	43929664	44538206	350	1.8156
SHUNS_p_TCGAb_388_389_NSP_GenomeWideSNP_6_C09_1464554	12	44538466	44577813	24	2.5584
SHUNS_p_TCGAb_388_389_NSP_GenomeWideSNP_6_C09_1464554	12	44588207	57544782	6791	-0.489
SHUNS_p_TCGAb_388_389_NSP_GenomeWideSNP_6_C09_1464554	12	57549189	58017027	234	2.0883
SHUNS_p_TCGAb_388_389_NSP_GenomeWideSNP_6_C09_1464554	12	58023291	68629280	6709	-0.458
SHUNS_p_TCGAb_388_389_NSP_GenomeWideSNP_6_C09_1464554	12	68637196	69075850	292	2.5795
SHUNS_p_TCGAb_388_389_NSP_GenomeWideSNP_6_C09_1464554	12	69078911	70010138	647	-0.4822
SHUNS_p_TCGAb_388_389_NSP_GenomeWideSNP_6_C09_1464554	12	70019943	70116987	73	0.7559
SHUNS_p_TCGAb_388_389_NSP_GenomeWideSNP_6_C09_1464554	12	70119963	70531354	227	2.0437
SHUNS_p_TCGAb_388_389_NSP_GenomeWideSNP_6_C09_1464554	12	70531857	71643650	680	2.3664
SHUNS_p_TCGAb_388_389_NSP_GenomeWideSNP_6_C09_1464554	12	71654579	71830408	89	0.6441
SHUNS_p_TCGAb_388_389_NSP_GenomeWideSNP_6_C09_1464554	12	71830918	73896118	1082	-0.4654
SHUNS_p_TCGAb_388_389_NSP_GenomeWideSNP_6_C09_1464554	12	73896763	74031681	8	0.8393
SHUNS_p_TCGAb_388_389_NSP_GenomeWideSNP_6_C09_1464554	12	74039612	74765044	429	-0.4892
SHUNS_p_TCGAb_388_389_NSP_GenomeWideSNP_6_C09_1464554	12	74765172	75126625	245	-0.0793
SHUNS_p_TCGAb_388_389_NSP_GenomeWideSNP_6_C09_1464554	12	75126636	76177284	701	0.1725
SHUNS_p_TCGAb_388_389_NSP_GenomeWideSNP_6_C09_1464554	12	76177981	78268527	1460	-0.0827
SHUNS_p_TCGAb_388_389_NSP_GenomeWideSNP_6_C09_1464554	12	78269645	78706631	264	0.1656
SHUNS_p_TCGAb_388_389_NSP_GenomeWideSNP_6_C09_1464554	12	78714797	79079653	209	-0.1078
SHUNS_p_TCGAb_388_389_NSP_GenomeWideSNP_6_C09_1464554	12	79080668	117071325	23137	-0.4667
SHUNS_p_TCGAb_388_389_NSP_GenomeWideSNP_6_C09_1464554	12	117072091	117073265	3	-4.4742
SHUNS_p_TCGAb_388_389_NSP_GenomeWideSNP_6_C09_1464554	12	117073422	117870277	658	-0.4844
SHUNS_p_TCGAb_388_389_NSP_GenomeWideSNP_6_C09_1464554	12	117871203	117878436	4	-2.2277
SHUNS_p_TCGAb_388_389_NSP_GenomeWideSNP_6_C09_1464554	12	117878949	118947395	623	-0.4878
SHUNS_p_TCGAb_388_389_NSP_GenomeWideSNP_6_C09_1464554	12	118948990	120411151	825	-0.1676
SHUNS_p_TCGAb_388_389_NSP_GenomeWideSNP_6_C09_1464554	12	120412654	120418336	6	-0.001
SHUNS_p_TCGAb_388_389_NSP_GenomeWideSNP_6_C09_1464554	12	120425432	120479622	30	1.2094
SHUNS_p_TCGAb_388_389_NSP_GenomeWideSNP_6_C09_1464554	12	120484088	120683947	91	0.0806
SHUNS_p_TCGAb_388_389_NSP_GenomeWideSNP_6_C09_1464554	12	120686260	121067502	247	0.4964
SHUNS_p_TCGAb_388_389_NSP_GenomeWideSNP_6_C09_1464554	12	121082089	121116620	31	1.0489
SHUNS_p_TCGAb_388_389_NSP_GenomeWideSNP_6_C09_1464554	12	121116865	123802039	1051	0.1107
SHUNS_p_TCGAb_388_389_NSP_GenomeWideSNP_6_C09_1464554	12	123804655	124209957	262	-0.0865
SHUNS_p_TCGAb_388_389_NSP_GenomeWideSNP_6_C09_1464554	12	124215777	124226944	13	1.4433
SHUNS_p_TCGAb_388_389_NSP_GenomeWideSNP_6_C09_1464554	12	124230080	124288002	59	-0.1877
SHUNS_p_TCGAb_388_389_NSP_GenomeWideSNP_6_C09_1464554	12	124296066	124496870	92	0.8349
SHUNS_p_TCGAb_388_389_NSP_GenomeWideSNP_6_C09_1464554	12	124498676	124503812	8	-0.6822
SHUNS_p_TCGAb_388_389_NSP_GenomeWideSNP_6_C09_1464554	12	124503858	125085651	387	-0.1432
SHUNS_p_TCGAb_388_389_NSP_GenomeWideSNP_6_C09_1464554	12	125086301	132605822	3419	-0.4789
SHUNS_p_TCGAb_388_389_NSP_GenomeWideSNP_6_C09_1464554	13	18874255	19268392	247	-0.2568
SHUNS_p_TCGAb_388_389_NSP_GenomeWideSNP_6_C09_1464554	13	19268392	19541233	124	0.0879
SHUNS_p_TCGAb_388_389_NSP_GenomeWideSNP_6_C09_1464554	13	19545013	21605047	740	-0.4839
SHUNS_p_TCGAb_388_389_NSP_GenomeWideSNP_6_C09_1464554	13	21605645	21739342	75	0.1333
SHUNS_p_TCGAb_388_389_NSP_GenomeWideSNP_6_C09_1464554	13	21739814	29243057	4799	-0.4764
SHUNS_p_TCGAb_388_389_NSP_GenomeWideSNP_6_C09_1464554	13	29244383	30797600	1149	0.1039
SHUNS_p_TCGAb_388_389_NSP_GenomeWideSNP_6_C09_1464554	13	30797882	31317024	354	0.3304
SHUNS_p_TCGAb_388_389_NSP_GenomeWideSNP_6_C09_1464554	13	31318549	31627026	197	-0.4697
SHUNS_p_TCGAb_388_389_NSP_GenomeWideSNP_6_C09_1464554	13	31631079	40820049	6309	0.1698
SHUNS_p_TCGAb_388_389_NSP_GenomeWideSNP_6_C09_1464554	13	40820120	93314942	29187	0.1471
SHUNS_p_TCGAb_388_389_NSP_GenomeWideSNP_6_C09_1464554	13	93316119	114226675	13714	0.1748
SHUNS_p_TCGAb_388_389_NSP_GenomeWideSNP_6_C09_1464554	14	20033191	21617451	888	0.1546
SHUNS_p_TCGAb_388_389_NSP_GenomeWideSNP_6_C09_1464554	14	21618612	105533894	48818	0.0526
SHUNS_p_TCGAb_388_389_NSP_GenomeWideSNP_6_C09_1464554	15	23437561	101344124	44782	0.1592
SHUNS_p_TCGAb_388_389_NSP_GenomeWideSNP_6_C09_1464554	16	603333	4845378	1535	0.0918
SHUNS_p_TCGAb_388_389_NSP_GenomeWideSNP_6_C09_1464554	16	4850644	11675154	4537	0.1608
SHUNS_p_TCGAb_388_389_NSP_GenomeWideSNP_6_C09_1464554	16	11675740	11675786	2	-2.7869
SHUNS_p_TCGAb_388_389_NSP_GenomeWideSNP_6_C09_1464554	16	11676448	20435333	3129	0.1413
SHUNS_p_TCGAb_388_389_NSP_GenomeWideSNP_6_C09_1464554	16	20435600	20435772	2	2.1367
SHUNS_p_TCGAb_388_389_NSP_GenomeWideSNP_6_C09_1464554	16	20436358	28128021	4007	0.1491
SHUNS_p_TCGAb_388_389_NSP_GenomeWideSNP_6_C09_1464554	16	28130047	66354931	13911	0.0727
SHUNS_p_TCGAb_388_389_NSP_GenomeWideSNP_6_C09_1464554	16	66358577	72195633	2447	0.0242
SHUNS_p_TCGAb_388_389_NSP_GenomeWideSNP_6_C09_1464554	16	72196466	89317317	11611	0.076
SHUNS_p_TCGAb_388_389_NSP_GenomeWideSNP_6_C09_1464554	17	1074619	21399695	9665	-0.5195
SHUNS_p_TCGAb_388_389_NSP_GenomeWideSNP_6_C09_1464554	17	21402080	48606967	9213	-0.1515
SHUNS_p_TCGAb_388_389_NSP_GenomeWideSNP_6_C09_1464554	17	48620396	49023809	166	0.5092
SHUNS_p_TCGAb_388_389_NSP_GenomeWideSNP_6_C09_1464554	17	49028224	49073685	26	-0.1867
SHUNS_p_TCGAb_388_389_NSP_GenomeWideSNP_6_C09_1464554	17	49081640	49115414	18	0.4986
SHUNS_p_TCGAb_388_389_NSP_GenomeWideSNP_6_C09_1464554	17	49118893	51619381	1166	-0.1587
SHUNS_p_TCGAb_388_389_NSP_GenomeWideSNP_6_C09_1464554	17	51619501	51817417	183	0.4776
SHUNS_p_TCGAb_388_389_NSP_GenomeWideSNP_6_C09_1464554	17	51817563	52868536	751	-0.0949
SHUNS_p_TCGAb_388_389_NSP_GenomeWideSNP_6_C09_1464554	17	52870155	54859747	999	0.4857
SHUNS_p_TCGAb_388_389_NSP_GenomeWideSNP_6_C09_1464554	17	54863411	57020778	1666	0.6818
SHUNS_p_TCGAb_388_389_NSP_GenomeWideSNP_6_C09_1464554	17	57022986	62745782	2942	0.5921
SHUNS_p_TCGAb_388_389_NSP_GenomeWideSNP_6_C09_1464554	17	62754882	62969369	116	0.7398
SHUNS_p_TCGAb_388_389_NSP_GenomeWideSNP_6_C09_1464554	17	62969903	63014897	3	2.1584
SHUNS_p_TCGAb_388_389_NSP_GenomeWideSNP_6_C09_1464554	17	63015392	65265711	1043	0.695
SHUNS_p_TCGAb_388_389_NSP_GenomeWideSNP_6_C09_1464554	17	65265861	66750880	918	0.8003
SHUNS_p_TCGAb_388_389_NSP_GenomeWideSNP_6_C09_1464554	17	66753366	69904721	1851	0.6293
SHUNS_p_TCGAb_388_389_NSP_GenomeWideSNP_6_C09_1464554	17	69907023	70614674	528	0.8137
SHUNS_p_TCGAb_388_389_NSP_GenomeWideSNP_6_C09_1464554	17	70615606	81510993	5462	0.6672
SHUNS_p_TCGAb_388_389_NSP_GenomeWideSNP_6_C09_1464554	17	81536446	82959812	482	0.5675
SHUNS_p_TCGAb_388_389_NSP_GenomeWideSNP_6_C09_1464554	18	326691	1482909	385	-0.011
SHUNS_p_TCGAb_388_389_NSP_GenomeWideSNP_6_C09_1464554	18	1483440	5145610	2061	0.4193
SHUNS_p_TCGAb_388_389_NSP_GenomeWideSNP_6_C09_1464554	18	5146165	9111139	2514	0.0101
SHUNS_p_TCGAb_388_389_NSP_GenomeWideSNP_6_C09_1464554	18	9115719	10593603	1066	-0.4912
SHUNS_p_TCGAb_388_389_NSP_GenomeWideSNP_6_C09_1464554	18	10594365	10616767	8	-3.0624
SHUNS_p_TCGAb_388_389_NSP_GenomeWideSNP_6_C09_1464554	18	10622047	79349796	36467	-0.4745
SHUNS_p_TCGAb_388_389_NSP_GenomeWideSNP_6_C09_1464554	19	283868	13107963	4554	-0.5578
SHUNS_p_TCGAb_388_389_NSP_GenomeWideSNP_6_C09_1464554	19	13108899	17488577	2150	0.1045
SHUNS_p_TCGAb_388_389_NSP_GenomeWideSNP_6_C09_1464554	19	17495593	19134962	672	0.4777
SHUNS_p_TCGAb_388_389_NSP_GenomeWideSNP_6_C09_1464554	19	19136215	19138429	2	2.11
SHUNS_p_TCGAb_388_389_NSP_GenomeWideSNP_6_C09_1464554	19	19138918	19778339	260	0.5364
SHUNS_p_TCGAb_388_389_NSP_GenomeWideSNP_6_C09_1464554	19	19778669	19836130	32	0.2048
SHUNS_p_TCGAb_388_389_NSP_GenomeWideSNP_6_C09_1464554	19	21064698	21528153	239	-0.1735
SHUNS_p_TCGAb_388_389_NSP_GenomeWideSNP_6_C09_1464554	19	21534501	21868974	154	0.2417
SHUNS_p_TCGAb_388_389_NSP_GenomeWideSNP_6_C09_1464554	19	21869629	27958695	1070	0.3556
SHUNS_p_TCGAb_388_389_NSP_GenomeWideSNP_6_C09_1464554	19	27958726	28229176	248	0.1329
SHUNS_p_TCGAb_388_389_NSP_GenomeWideSNP_6_C09_1464554	19	28230870	32256826	2998	0.571
SHUNS_p_TCGAb_388_389_NSP_GenomeWideSNP_6_C09_1464554	19	32260951	46407870	6799	0.4753
SHUNS_p_TCGAb_388_389_NSP_GenomeWideSNP_6_C09_1464554	19	46407925	46539079	70	0.8567
SHUNS_p_TCGAb_388_389_NSP_GenomeWideSNP_6_C09_1464554	19	46539524	58355805	4891	0.4698
SHUNS_p_TCGAb_388_389_NSP_GenomeWideSNP_6_C09_1464554	19	58361857	58370362	4	1.306
SHUNS_p_TCGAb_388_389_NSP_GenomeWideSNP_6_C09_1464554	20	472817	16344204	10029	-0.4393
SHUNS_p_TCGAb_388_389_NSP_GenomeWideSNP_6_C09_1464554	20	16344343	16670781	305	0.1383
SHUNS_p_TCGAb_388_389_NSP_GenomeWideSNP_6_C09_1464554	20	16673646	20858733	3320	-0.3287
SHUNS_p_TCGAb_388_389_NSP_GenomeWideSNP_6_C09_1464554	20	20859736	21642948	475	-0.9048
SHUNS_p_TCGAb_388_389_NSP_GenomeWideSNP_6_C09_1464554	20	21659456	21763754	56	-0.3476
SHUNS_p_TCGAb_388_389_NSP_GenomeWideSNP_6_C09_1464554	20	21764499	22391591	435	0.1152
SHUNS_p_TCGAb_388_389_NSP_GenomeWideSNP_6_C09_1464554	20	22392273	24110470	1146	0.2591
SHUNS_p_TCGAb_388_389_NSP_GenomeWideSNP_6_C09_1464554	20	24113272	25125522	610	-0.4479
SHUNS_p_TCGAb_388_389_NSP_GenomeWideSNP_6_C09_1464554	20	25126652	26217295	426	-0.8074
SHUNS_p_TCGAb_388_389_NSP_GenomeWideSNP_6_C09_1464554	20	31247668	31677502	200	0.3266
SHUNS_p_TCGAb_388_389_NSP_GenomeWideSNP_6_C09_1464554	20	31680013	38075930	3213	0.2504
SHUNS_p_TCGAb_388_389_NSP_GenomeWideSNP_6_C09_1464554	20	38076200	48844355	7311	0.3018
SHUNS_p_TCGAb_388_389_NSP_GenomeWideSNP_6_C09_1464554	20	48847175	50923437	1146	0.2297
SHUNS_p_TCGAb_388_389_NSP_GenomeWideSNP_6_C09_1464554	20	50923881	59720822	6414	0.3182
SHUNS_p_TCGAb_388_389_NSP_GenomeWideSNP_6_C09_1464554	20	59721295	63588502	2348	0.7952
SHUNS_p_TCGAb_388_389_NSP_GenomeWideSNP_6_C09_1464554	21	13974127	46262057	20776	0.1733
SHUNS_p_TCGAb_388_389_NSP_GenomeWideSNP_6_C09_1464554	22	16934932	17108356	99	0.5997
SHUNS_p_TCGAb_388_389_NSP_GenomeWideSNP_6_C09_1464554	22	17108677	17486600	226	0.1278
SHUNS_p_TCGAb_388_389_NSP_GenomeWideSNP_6_C09_1464554	22	17490001	17767502	175	0.5957
SHUNS_p_TCGAb_388_389_NSP_GenomeWideSNP_6_C09_1464554	22	17776144	18130790	270	0.172
SHUNS_p_TCGAb_388_389_NSP_GenomeWideSNP_6_C09_1464554	22	18130970	27953511	3167	0.5799
SHUNS_p_TCGAb_388_389_NSP_GenomeWideSNP_6_C09_1464554	22	27953880	28002592	33	0.0881
SHUNS_p_TCGAb_388_389_NSP_GenomeWideSNP_6_C09_1464554	22	28003728	28110124	70	0.6793
SHUNS_p_TCGAb_388_389_NSP_GenomeWideSNP_6_C09_1464554	22	28111368	28260122	80	0.2462
SHUNS_p_TCGAb_388_389_NSP_GenomeWideSNP_6_C09_1464554	22	28264426	28267519	5	-0.4521
SHUNS_p_TCGAb_388_389_NSP_GenomeWideSNP_6_C09_1464554	22	28269328	28395122	63	0.2425
SHUNS_p_TCGAb_388_389_NSP_GenomeWideSNP_6_C09_1464554	22	28397937	28484200	52	0.747
SHUNS_p_TCGAb_388_389_NSP_GenomeWideSNP_6_C09_1464554	22	28488440	29433344	522	0.1404
SHUNS_p_TCGAb_388_389_NSP_GenomeWideSNP_6_C09_1464554	22	29435642	32186053	1463	0.6307
SHUNS_p_TCGAb_388_389_NSP_GenomeWideSNP_6_C09_1464554	22	32188672	33184592	822	0.7237
SHUNS_p_TCGAb_388_389_NSP_GenomeWideSNP_6_C09_1464554	22	33186817	34087227	858	0.179
SHUNS_p_TCGAb_388_389_NSP_GenomeWideSNP_6_C09_1464554	22	34088141	38227708	2535	0.5521
SHUNS_p_TCGAb_388_389_NSP_GenomeWideSNP_6_C09_1464554	22	38228269	40340468	949	0.1372
SHUNS_p_TCGAb_388_389_NSP_GenomeWideSNP_6_C09_1464554	22	40348049	42768404	1190	0.5129
SHUNS_p_TCGAb_388_389_NSP_GenomeWideSNP_6_C09_1464554	22	42775258	48797027	4452	0.6004
SHUNS_p_TCGAb_388_389_NSP_GenomeWideSNP_6_C09_1464554	22	48801717	48940621	58	0.46
SHUNS_p_TCGAb_388_389_NSP_GenomeWideSNP_6_C09_1464554	X	3236359	23110585	8230	0.0133
SHUNS_p_TCGAb_388_389_NSP_GenomeWideSNP_6_C09_1464554	X	23110810	23274947	2	2.8981
SHUNS_p_TCGAb_388_389_NSP_GenomeWideSNP_6_C09_1464554	X	23274974	41350334	8828	0.01
SHUNS_p_TCGAb_388_389_NSP_GenomeWideSNP_6_C09_1464554	X	41351470	94524981	18821	-0.0303
SHUNS_p_TCGAb_388_389_NSP_GenomeWideSNP_6_C09_1464554	X	94528155	155677414	27391	0.0048
