Sample	Chromosome	Start	End	Num_Probes	Segment_Mean
VIBES_p_TCGA_290_291_292_293_S_GenomeWideSNP_6_H03_1362536	1	3301765	23001322	11112	0.1291
VIBES_p_TCGA_290_291_292_293_S_GenomeWideSNP_6_H03_1362536	1	23005076	29160558	2632	0.096
VIBES_p_TCGA_290_291_292_293_S_GenomeWideSNP_6_H03_1362536	1	29163965	29174454	5	-0.6084
VIBES_p_TCGA_290_291_292_293_S_GenomeWideSNP_6_H03_1362536	1	29179101	55425925	14278	0.1334
VIBES_p_TCGA_290_291_292_293_S_GenomeWideSNP_6_H03_1362536	1	55426126	64417579	6574	0.1589
VIBES_p_TCGA_290_291_292_293_S_GenomeWideSNP_6_H03_1362536	1	64419009	87578682	14209	0.1271
VIBES_p_TCGA_290_291_292_293_S_GenomeWideSNP_6_H03_1362536	1	87581005	87586681	6	-0.6471
VIBES_p_TCGA_290_291_292_293_S_GenomeWideSNP_6_H03_1362536	1	87587552	152235127	20333	0.128
VIBES_p_TCGA_290_291_292_293_S_GenomeWideSNP_6_H03_1362536	1	152235624	152669225	221	0.36
VIBES_p_TCGA_290_291_292_293_S_GenomeWideSNP_6_H03_1362536	1	152687773	154638398	1040	0.117
VIBES_p_TCGA_290_291_292_293_S_GenomeWideSNP_6_H03_1362536	1	154640902	154940147	206	0.4426
VIBES_p_TCGA_290_291_292_293_S_GenomeWideSNP_6_H03_1362536	1	154949612	155077709	44	0.2725
VIBES_p_TCGA_290_291_292_293_S_GenomeWideSNP_6_H03_1362536	1	155090669	156709407	704	0.1203
VIBES_p_TCGA_290_291_292_293_S_GenomeWideSNP_6_H03_1362536	1	156709553	158852964	1423	-0.1985
VIBES_p_TCGA_290_291_292_293_S_GenomeWideSNP_6_H03_1362536	1	158861283	160055940	757	0.1268
VIBES_p_TCGA_290_291_292_293_S_GenomeWideSNP_6_H03_1362536	1	160056150	160175796	65	0.3093
VIBES_p_TCGA_290_291_292_293_S_GenomeWideSNP_6_H03_1362536	1	160175898	161968102	968	0.1161
VIBES_p_TCGA_290_291_292_293_S_GenomeWideSNP_6_H03_1362536	1	161970464	161972719	3	0.9099
VIBES_p_TCGA_290_291_292_293_S_GenomeWideSNP_6_H03_1362536	1	161973268	162280842	303	0.1459
VIBES_p_TCGA_290_291_292_293_S_GenomeWideSNP_6_H03_1362536	1	162281755	247650984	54942	-0.2029
VIBES_p_TCGA_290_291_292_293_S_GenomeWideSNP_6_H03_1362536	2	480597	82691516	48164	0.1247
VIBES_p_TCGA_290_291_292_293_S_GenomeWideSNP_6_H03_1362536	2	82693973	82699704	8	-0.8939
VIBES_p_TCGA_290_291_292_293_S_GenomeWideSNP_6_H03_1362536	2	82703594	148818400	30176	0.1188
VIBES_p_TCGA_290_291_292_293_S_GenomeWideSNP_6_H03_1362536	2	148822351	148822528	2	-1.2834
VIBES_p_TCGA_290_291_292_293_S_GenomeWideSNP_6_H03_1362536	2	148822903	182170416	20272	0.1253
VIBES_p_TCGA_290_291_292_293_S_GenomeWideSNP_6_H03_1362536	2	182173428	190973478	4109	0.1051
VIBES_p_TCGA_290_291_292_293_S_GenomeWideSNP_6_H03_1362536	2	190973616	190973622	2	-1.1979
VIBES_p_TCGA_290_291_292_293_S_GenomeWideSNP_6_H03_1362536	2	190975234	199040204	3900	0.0963
VIBES_p_TCGA_290_291_292_293_S_GenomeWideSNP_6_H03_1362536	2	199040423	239411399	24372	0.1281
VIBES_p_TCGA_290_291_292_293_S_GenomeWideSNP_6_H03_1362536	2	239415788	240671904	838	-0.7189
VIBES_p_TCGA_290_291_292_293_S_GenomeWideSNP_6_H03_1362536	2	240776486	241537572	387	0.1316
VIBES_p_TCGA_290_291_292_293_S_GenomeWideSNP_6_H03_1362536	3	2170634	4722674	1466	0.1499
VIBES_p_TCGA_290_291_292_293_S_GenomeWideSNP_6_H03_1362536	3	4723409	4728190	9	-0.7535
VIBES_p_TCGA_290_291_292_293_S_GenomeWideSNP_6_H03_1362536	3	4733695	76932545	43017	0.1328
VIBES_p_TCGA_290_291_292_293_S_GenomeWideSNP_6_H03_1362536	3	76932608	89991605	6660	0.1059
VIBES_p_TCGA_290_291_292_293_S_GenomeWideSNP_6_H03_1362536	3	89992521	90015365	9	-0.6204
VIBES_p_TCGA_290_291_292_293_S_GenomeWideSNP_6_H03_1362536	3	90019585	106871539	7091	0.1063
VIBES_p_TCGA_290_291_292_293_S_GenomeWideSNP_6_H03_1362536	3	106872725	124366127	10135	0.1292
VIBES_p_TCGA_290_291_292_293_S_GenomeWideSNP_6_H03_1362536	3	124369162	124373610	2	-1.12
VIBES_p_TCGA_290_291_292_293_S_GenomeWideSNP_6_H03_1362536	3	124374950	156421310	17517	0.1281
VIBES_p_TCGA_290_291_292_293_S_GenomeWideSNP_6_H03_1362536	3	156421879	156422960	2	-1.2056
VIBES_p_TCGA_290_291_292_293_S_GenomeWideSNP_6_H03_1362536	3	156426365	161863896	3063	0.1349
VIBES_p_TCGA_290_291_292_293_S_GenomeWideSNP_6_H03_1362536	3	161863978	167010222	2094	0.0817
VIBES_p_TCGA_290_291_292_293_S_GenomeWideSNP_6_H03_1362536	3	167011513	171523548	2639	0.1321
VIBES_p_TCGA_290_291_292_293_S_GenomeWideSNP_6_H03_1362536	3	171530168	171535967	5	-0.7814
VIBES_p_TCGA_290_291_292_293_S_GenomeWideSNP_6_H03_1362536	3	171538125	197812401	13477	0.1286
VIBES_p_TCGA_290_291_292_293_S_GenomeWideSNP_6_H03_1362536	4	1059384	27574271	16697	0.1263
VIBES_p_TCGA_290_291_292_293_S_GenomeWideSNP_6_H03_1362536	4	27575099	46765195	10938	0.1036
VIBES_p_TCGA_290_291_292_293_S_GenomeWideSNP_6_H03_1362536	4	46771488	46774047	4	-0.9494
VIBES_p_TCGA_290_291_292_293_S_GenomeWideSNP_6_H03_1362536	4	46778053	58379348	4941	0.1216
VIBES_p_TCGA_290_291_292_293_S_GenomeWideSNP_6_H03_1362536	4	58379456	71289950	6476	0.0905
VIBES_p_TCGA_290_291_292_293_S_GenomeWideSNP_6_H03_1362536	4	71290160	121321648	28801	0.1151
VIBES_p_TCGA_290_291_292_293_S_GenomeWideSNP_6_H03_1362536	4	121322757	121332964	8	-0.8078
VIBES_p_TCGA_290_291_292_293_S_GenomeWideSNP_6_H03_1362536	4	121333178	124538250	1704	0.1329
VIBES_p_TCGA_290_291_292_293_S_GenomeWideSNP_6_H03_1362536	4	124539196	124541780	3	-1.2833
VIBES_p_TCGA_290_291_292_293_S_GenomeWideSNP_6_H03_1362536	4	124541870	137692200	6452	0.095
VIBES_p_TCGA_290_291_292_293_S_GenomeWideSNP_6_H03_1362536	4	137692882	159507641	12636	0.1262
VIBES_p_TCGA_290_291_292_293_S_GenomeWideSNP_6_H03_1362536	4	159510335	181635401	11973	0.1072
VIBES_p_TCGA_290_291_292_293_S_GenomeWideSNP_6_H03_1362536	4	181635770	187842528	2895	0.1392
VIBES_p_TCGA_290_291_292_293_S_GenomeWideSNP_6_H03_1362536	5	913983	17791907	10942	0.1376
VIBES_p_TCGA_290_291_292_293_S_GenomeWideSNP_6_H03_1362536	5	17793103	30682102	6762	0.0946
VIBES_p_TCGA_290_291_292_293_S_GenomeWideSNP_6_H03_1362536	5	30682238	83548909	27017	0.1227
VIBES_p_TCGA_290_291_292_293_S_GenomeWideSNP_6_H03_1362536	5	83552505	107002255	11214	0.1014
VIBES_p_TCGA_290_291_292_293_S_GenomeWideSNP_6_H03_1362536	5	107005609	109698476	1783	0.1335
VIBES_p_TCGA_290_291_292_293_S_GenomeWideSNP_6_H03_1362536	5	109700365	109700533	2	-1.5558
VIBES_p_TCGA_290_291_292_293_S_GenomeWideSNP_6_H03_1362536	5	109703479	115420758	3746	0.1214
VIBES_p_TCGA_290_291_292_293_S_GenomeWideSNP_6_H03_1362536	5	115420940	115421165	5	-1.002
VIBES_p_TCGA_290_291_292_293_S_GenomeWideSNP_6_H03_1362536	5	115423381	138685209	13660	0.1208
VIBES_p_TCGA_290_291_292_293_S_GenomeWideSNP_6_H03_1362536	5	138685378	180934240	25972	-0.6927
VIBES_p_TCGA_290_291_292_293_S_GenomeWideSNP_6_H03_1362536	6	1011760	17746282	11859	0.1353
VIBES_p_TCGA_290_291_292_293_S_GenomeWideSNP_6_H03_1362536	6	17816767	18075241	155	-0.6779
VIBES_p_TCGA_290_291_292_293_S_GenomeWideSNP_6_H03_1362536	6	18091007	61830731	22239	0.1276
VIBES_p_TCGA_290_291_292_293_S_GenomeWideSNP_6_H03_1362536	6	61831021	68849701	3825	0.0979
VIBES_p_TCGA_290_291_292_293_S_GenomeWideSNP_6_H03_1362536	6	68850194	101905843	18331	0.122
VIBES_p_TCGA_290_291_292_293_S_GenomeWideSNP_6_H03_1362536	6	101906135	103543170	844	0.0655
VIBES_p_TCGA_290_291_292_293_S_GenomeWideSNP_6_H03_1362536	6	103543769	170596889	39936	0.1289
VIBES_p_TCGA_290_291_292_293_S_GenomeWideSNP_6_H03_1362536	7	664936	6023652	1998	0.6408
VIBES_p_TCGA_290_291_292_293_S_GenomeWideSNP_6_H03_1362536	7	6026173	23778957	10183	0.122
VIBES_p_TCGA_290_291_292_293_S_GenomeWideSNP_6_H03_1362536	7	23784394	23793054	16	-0.7287
VIBES_p_TCGA_290_291_292_293_S_GenomeWideSNP_6_H03_1362536	7	23793520	31423811	5027	0.1343
VIBES_p_TCGA_290_291_292_293_S_GenomeWideSNP_6_H03_1362536	7	31426129	31476745	48	-0.7914
VIBES_p_TCGA_290_291_292_293_S_GenomeWideSNP_6_H03_1362536	7	31480101	46057403	9025	0.1251
VIBES_p_TCGA_290_291_292_293_S_GenomeWideSNP_6_H03_1362536	7	46062427	46112430	31	-0.6951
VIBES_p_TCGA_290_291_292_293_S_GenomeWideSNP_6_H03_1362536	7	46114898	65052476	7785	0.1239
VIBES_p_TCGA_290_291_292_293_S_GenomeWideSNP_6_H03_1362536	7	65714988	65874904	46	0.5672
VIBES_p_TCGA_290_291_292_293_S_GenomeWideSNP_6_H03_1362536	7	65882903	77777087	4904	0.1227
VIBES_p_TCGA_290_291_292_293_S_GenomeWideSNP_6_H03_1362536	7	77777437	77784799	3	-0.9188
VIBES_p_TCGA_290_291_292_293_S_GenomeWideSNP_6_H03_1362536	7	77786518	103067593	12947	0.1185
VIBES_p_TCGA_290_291_292_293_S_GenomeWideSNP_6_H03_1362536	7	103072540	103148766	31	-0.7544
VIBES_p_TCGA_290_291_292_293_S_GenomeWideSNP_6_H03_1362536	7	103153104	103296374	23	-0.3942
VIBES_p_TCGA_290_291_292_293_S_GenomeWideSNP_6_H03_1362536	7	103297437	103317130	19	-0.7248
VIBES_p_TCGA_290_291_292_293_S_GenomeWideSNP_6_H03_1362536	7	103328222	113528993	5563	0.1248
VIBES_p_TCGA_290_291_292_293_S_GenomeWideSNP_6_H03_1362536	7	113539883	119872687	3451	-0.669
VIBES_p_TCGA_290_291_292_293_S_GenomeWideSNP_6_H03_1362536	7	119873104	127324126	4165	0.1147
VIBES_p_TCGA_290_291_292_293_S_GenomeWideSNP_6_H03_1362536	7	127326978	127327027	2	-1.1108
VIBES_p_TCGA_290_291_292_293_S_GenomeWideSNP_6_H03_1362536	7	127327185	158592540	16756	0.1247
VIBES_p_TCGA_290_291_292_293_S_GenomeWideSNP_6_H03_1362536	8	667625	42131661	24573	0.1413
VIBES_p_TCGA_290_291_292_293_S_GenomeWideSNP_6_H03_1362536	8	42134058	117319940	40467	0.1241
VIBES_p_TCGA_290_291_292_293_S_GenomeWideSNP_6_H03_1362536	8	117320445	144182542	17184	0.1441
VIBES_p_TCGA_290_291_292_293_S_GenomeWideSNP_6_H03_1362536	9	789794	18778191	11248	-0.6709
VIBES_p_TCGA_290_291_292_293_S_GenomeWideSNP_6_H03_1362536	9	18778725	18778887	2	-2.419
VIBES_p_TCGA_290_291_292_293_S_GenomeWideSNP_6_H03_1362536	9	18779708	19934209	917	-0.6627
VIBES_p_TCGA_290_291_292_293_S_GenomeWideSNP_6_H03_1362536	9	19939121	19941807	21	-1.4437
VIBES_p_TCGA_290_291_292_293_S_GenomeWideSNP_6_H03_1362536	9	19941867	22293805	1669	-2.9796
VIBES_p_TCGA_290_291_292_293_S_GenomeWideSNP_6_H03_1362536	9	22300339	35752436	7718	-0.6637
VIBES_p_TCGA_290_291_292_293_S_GenomeWideSNP_6_H03_1362536	9	35767159	35801943	19	-1.4899
VIBES_p_TCGA_290_291_292_293_S_GenomeWideSNP_6_H03_1362536	9	35802586	87448279	15228	-0.659
VIBES_p_TCGA_290_291_292_293_S_GenomeWideSNP_6_H03_1362536	9	87449064	87449528	2	-3.2093
VIBES_p_TCGA_290_291_292_293_S_GenomeWideSNP_6_H03_1362536	9	87449550	87853204	386	-0.7141
VIBES_p_TCGA_290_291_292_293_S_GenomeWideSNP_6_H03_1362536	9	87853473	126001106	25055	-0.6649
VIBES_p_TCGA_290_291_292_293_S_GenomeWideSNP_6_H03_1362536	9	126001122	138044505	6107	-0.7115
VIBES_p_TCGA_290_291_292_293_S_GenomeWideSNP_6_H03_1362536	10	366509	133411599	81400	-0.1855
VIBES_p_TCGA_290_291_292_293_S_GenomeWideSNP_6_H03_1362536	11	456012	61697992	33795	0.121
VIBES_p_TCGA_290_291_292_293_S_GenomeWideSNP_6_H03_1362536	11	61698427	68762621	2386	0.0854
VIBES_p_TCGA_290_291_292_293_S_GenomeWideSNP_6_H03_1362536	11	68762850	81984796	7704	0.1207
VIBES_p_TCGA_290_291_292_293_S_GenomeWideSNP_6_H03_1362536	11	81987303	127456024	29239	-0.6913
VIBES_p_TCGA_290_291_292_293_S_GenomeWideSNP_6_H03_1362536	11	127457826	134272740	4499	0.1366
VIBES_p_TCGA_290_291_292_293_S_GenomeWideSNP_6_H03_1362536	12	780472	39802420	20213	0.128
VIBES_p_TCGA_290_291_292_293_S_GenomeWideSNP_6_H03_1362536	12	39804533	93744303	31509	0.1092
VIBES_p_TCGA_290_291_292_293_S_GenomeWideSNP_6_H03_1362536	12	93744420	105393922	7747	0.124
VIBES_p_TCGA_290_291_292_293_S_GenomeWideSNP_6_H03_1362536	12	105394310	105397826	3	1.2143
VIBES_p_TCGA_290_291_292_293_S_GenomeWideSNP_6_H03_1362536	12	105397889	132605822	14958	0.1312
VIBES_p_TCGA_290_291_292_293_S_GenomeWideSNP_6_H03_1362536	13	18874255	32672679	8448	0.1693
VIBES_p_TCGA_290_291_292_293_S_GenomeWideSNP_6_H03_1362536	13	32674394	58341494	14616	-0.625
VIBES_p_TCGA_290_291_292_293_S_GenomeWideSNP_6_H03_1362536	13	58342632	58594285	141	0.1311
VIBES_p_TCGA_290_291_292_293_S_GenomeWideSNP_6_H03_1362536	13	58596712	58608092	13	-0.796
VIBES_p_TCGA_290_291_292_293_S_GenomeWideSNP_6_H03_1362536	13	58611544	60682115	1277	0.165
VIBES_p_TCGA_290_291_292_293_S_GenomeWideSNP_6_H03_1362536	13	60682441	71393360	5300	0.1251
VIBES_p_TCGA_290_291_292_293_S_GenomeWideSNP_6_H03_1362536	13	71397241	80553707	6105	0.1603
VIBES_p_TCGA_290_291_292_293_S_GenomeWideSNP_6_H03_1362536	13	80556069	92982337	7133	0.1351
VIBES_p_TCGA_290_291_292_293_S_GenomeWideSNP_6_H03_1362536	13	92982953	92983273	2	-1.1352
VIBES_p_TCGA_290_291_292_293_S_GenomeWideSNP_6_H03_1362536	13	92985110	93241992	196	0.1312
VIBES_p_TCGA_290_291_292_293_S_GenomeWideSNP_6_H03_1362536	13	93243677	114226675	13791	0.1686
VIBES_p_TCGA_290_291_292_293_S_GenomeWideSNP_6_H03_1362536	14	20033191	26294421	2988	0.1321
VIBES_p_TCGA_290_291_292_293_S_GenomeWideSNP_6_H03_1362536	14	26300516	26300519	3	-1.3223
VIBES_p_TCGA_290_291_292_293_S_GenomeWideSNP_6_H03_1362536	14	26300708	64478371	21780	0.1283
VIBES_p_TCGA_290_291_292_293_S_GenomeWideSNP_6_H03_1362536	14	64484240	64484326	3	-1.1271
VIBES_p_TCGA_290_291_292_293_S_GenomeWideSNP_6_H03_1362536	14	64487271	68089714	1885	0.1256
VIBES_p_TCGA_290_291_292_293_S_GenomeWideSNP_6_H03_1362536	14	68090227	68784198	519	-0.7245
VIBES_p_TCGA_290_291_292_293_S_GenomeWideSNP_6_H03_1362536	14	68820874	105533894	22605	0.1307
VIBES_p_TCGA_290_291_292_293_S_GenomeWideSNP_6_H03_1362536	15	23437561	101344124	44803	0.1382
VIBES_p_TCGA_290_291_292_293_S_GenomeWideSNP_6_H03_1362536	16	603333	1002943	88	0.1537
VIBES_p_TCGA_290_291_292_293_S_GenomeWideSNP_6_H03_1362536	16	1016396	1426464	48	0.3931
VIBES_p_TCGA_290_291_292_293_S_GenomeWideSNP_6_H03_1362536	16	1449376	1564239	40	0.1971
VIBES_p_TCGA_290_291_292_293_S_GenomeWideSNP_6_H03_1362536	16	1571827	1887168	167	0.0772
VIBES_p_TCGA_290_291_292_293_S_GenomeWideSNP_6_H03_1362536	16	1888091	1975205	32	0.2588
VIBES_p_TCGA_290_291_292_293_S_GenomeWideSNP_6_H03_1362536	16	1975677	2453099	133	0.3982
VIBES_p_TCGA_290_291_292_293_S_GenomeWideSNP_6_H03_1362536	16	2459642	2878109	98	0.1307
VIBES_p_TCGA_290_291_292_293_S_GenomeWideSNP_6_H03_1362536	16	2895247	3099517	71	0.377
VIBES_p_TCGA_290_291_292_293_S_GenomeWideSNP_6_H03_1362536	16	3100895	3200250	27	-0.1496
VIBES_p_TCGA_290_291_292_293_S_GenomeWideSNP_6_H03_1362536	16	3200673	3347913	70	0.3808
VIBES_p_TCGA_290_291_292_293_S_GenomeWideSNP_6_H03_1362536	16	3348013	3477077	87	0.1008
VIBES_p_TCGA_290_291_292_293_S_GenomeWideSNP_6_H03_1362536	16	3477090	3781586	118	-0.2599
VIBES_p_TCGA_290_291_292_293_S_GenomeWideSNP_6_H03_1362536	16	3782374	4255202	301	0.1194
VIBES_p_TCGA_290_291_292_293_S_GenomeWideSNP_6_H03_1362536	16	4262465	4422218	42	-0.2282
VIBES_p_TCGA_290_291_292_293_S_GenomeWideSNP_6_H03_1362536	16	4423669	4772516	182	0.1117
VIBES_p_TCGA_290_291_292_293_S_GenomeWideSNP_6_H03_1362536	16	4779364	4827552	23	-0.2492
VIBES_p_TCGA_290_291_292_293_S_GenomeWideSNP_6_H03_1362536	16	4827957	6054117	865	0.1481
VIBES_p_TCGA_290_291_292_293_S_GenomeWideSNP_6_H03_1362536	16	6089139	6163258	94	0.409
VIBES_p_TCGA_290_291_292_293_S_GenomeWideSNP_6_H03_1362536	16	6163293	6446332	144	0.1765
VIBES_p_TCGA_290_291_292_293_S_GenomeWideSNP_6_H03_1362536	16	6452764	6462732	19	0.4701
VIBES_p_TCGA_290_291_292_293_S_GenomeWideSNP_6_H03_1362536	16	6463287	8286678	929	0.164
VIBES_p_TCGA_290_291_292_293_S_GenomeWideSNP_6_H03_1362536	16	8287386	8305591	25	0.4386
VIBES_p_TCGA_290_291_292_293_S_GenomeWideSNP_6_H03_1362536	16	8306324	8654687	256	0.1598
VIBES_p_TCGA_290_291_292_293_S_GenomeWideSNP_6_H03_1362536	16	8658690	8796717	138	0.4032
VIBES_p_TCGA_290_291_292_293_S_GenomeWideSNP_6_H03_1362536	16	8805617	11662761	2084	0.1487
VIBES_p_TCGA_290_291_292_293_S_GenomeWideSNP_6_H03_1362536	16	11663235	12317651	409	0.4152
VIBES_p_TCGA_290_291_292_293_S_GenomeWideSNP_6_H03_1362536	16	12332812	12591086	276	0.1685
VIBES_p_TCGA_290_291_292_293_S_GenomeWideSNP_6_H03_1362536	16	12614437	12745812	119	0.3797
VIBES_p_TCGA_290_291_292_293_S_GenomeWideSNP_6_H03_1362536	16	12752319	12800750	56	0.1261
VIBES_p_TCGA_290_291_292_293_S_GenomeWideSNP_6_H03_1362536	16	12802129	12840967	25	0.4243
VIBES_p_TCGA_290_291_292_293_S_GenomeWideSNP_6_H03_1362536	16	12841164	12853623	4	0.77
VIBES_p_TCGA_290_291_292_293_S_GenomeWideSNP_6_H03_1362536	16	12854259	12926559	56	0.3671
VIBES_p_TCGA_290_291_292_293_S_GenomeWideSNP_6_H03_1362536	16	12926760	13882234	816	0.1548
VIBES_p_TCGA_290_291_292_293_S_GenomeWideSNP_6_H03_1362536	16	13882499	14100110	140	0.4257
VIBES_p_TCGA_290_291_292_293_S_GenomeWideSNP_6_H03_1362536	16	14102689	14186082	53	0.1242
VIBES_p_TCGA_290_291_292_293_S_GenomeWideSNP_6_H03_1362536	16	14187768	14617537	209	0.4253
VIBES_p_TCGA_290_291_292_293_S_GenomeWideSNP_6_H03_1362536	16	14618728	19161659	175	0.1574
VIBES_p_TCGA_290_291_292_293_S_GenomeWideSNP_6_H03_1362536	16	19166144	20101940	553	0.3998
VIBES_p_TCGA_290_291_292_293_S_GenomeWideSNP_6_H03_1362536	16	20110286	20361459	194	0.1556
VIBES_p_TCGA_290_291_292_293_S_GenomeWideSNP_6_H03_1362536	16	20361991	20401237	27	0.4691
VIBES_p_TCGA_290_291_292_293_S_GenomeWideSNP_6_H03_1362536	16	20406158	20622023	56	0.1078
VIBES_p_TCGA_290_291_292_293_S_GenomeWideSNP_6_H03_1362536	16	20624663	20691849	55	0.3879
VIBES_p_TCGA_290_291_292_293_S_GenomeWideSNP_6_H03_1362536	16	20695969	20762442	41	-0.2285
VIBES_p_TCGA_290_291_292_293_S_GenomeWideSNP_6_H03_1362536	16	20762901	23281542	634	0.1399
VIBES_p_TCGA_290_291_292_293_S_GenomeWideSNP_6_H03_1362536	16	23286569	23398119	66	0.5116
VIBES_p_TCGA_290_291_292_293_S_GenomeWideSNP_6_H03_1362536	16	23404302	23880824	285	0.102
VIBES_p_TCGA_290_291_292_293_S_GenomeWideSNP_6_H03_1362536	16	23886903	24384139	366	-0.2068
VIBES_p_TCGA_290_291_292_293_S_GenomeWideSNP_6_H03_1362536	16	24385257	26952932	1847	0.1423
VIBES_p_TCGA_290_291_292_293_S_GenomeWideSNP_6_H03_1362536	16	26954575	27103836	106	-0.1985
VIBES_p_TCGA_290_291_292_293_S_GenomeWideSNP_6_H03_1362536	16	27107632	27379601	183	0.1171
VIBES_p_TCGA_290_291_292_293_S_GenomeWideSNP_6_H03_1362536	16	27380303	27910560	231	0.3952
VIBES_p_TCGA_290_291_292_293_S_GenomeWideSNP_6_H03_1362536	16	27911170	27937887	35	0.1435
VIBES_p_TCGA_290_291_292_293_S_GenomeWideSNP_6_H03_1362536	16	27939579	27984001	25	0.3626
VIBES_p_TCGA_290_291_292_293_S_GenomeWideSNP_6_H03_1362536	16	27984073	28243807	175	0.1298
VIBES_p_TCGA_290_291_292_293_S_GenomeWideSNP_6_H03_1362536	16	28246098	28553793	73	0.3831
VIBES_p_TCGA_290_291_292_293_S_GenomeWideSNP_6_H03_1362536	16	28556646	28620700	34	0.1537
VIBES_p_TCGA_290_291_292_293_S_GenomeWideSNP_6_H03_1362536	16	29078721	30308999	88	-0.2193
VIBES_p_TCGA_290_291_292_293_S_GenomeWideSNP_6_H03_1362536	16	30320763	31272988	319	0.0775
VIBES_p_TCGA_290_291_292_293_S_GenomeWideSNP_6_H03_1362536	16	31273001	31628697	155	0.3553
VIBES_p_TCGA_290_291_292_293_S_GenomeWideSNP_6_H03_1362536	16	31639233	31841585	101	0.1193
VIBES_p_TCGA_290_291_292_293_S_GenomeWideSNP_6_H03_1362536	16	46470502	55416801	5977	-0.2099
VIBES_p_TCGA_290_291_292_293_S_GenomeWideSNP_6_H03_1362536	16	55417705	55417993	3	-2.2623
VIBES_p_TCGA_290_291_292_293_S_GenomeWideSNP_6_H03_1362536	16	55418103	89317317	21194	-0.2184
VIBES_p_TCGA_290_291_292_293_S_GenomeWideSNP_6_H03_1362536	17	1074619	41419722	16215	0.1207
VIBES_p_TCGA_290_291_292_293_S_GenomeWideSNP_6_H03_1362536	17	41425046	45461373	1843	-0.6752
VIBES_p_TCGA_290_291_292_293_S_GenomeWideSNP_6_H03_1362536	17	46733528	46839425	64	0.1246
VIBES_p_TCGA_290_291_292_293_S_GenomeWideSNP_6_H03_1362536	17	46844362	46884611	36	-0.7883
VIBES_p_TCGA_290_291_292_293_S_GenomeWideSNP_6_H03_1362536	17	46889147	47489525	282	0.13
VIBES_p_TCGA_290_291_292_293_S_GenomeWideSNP_6_H03_1362536	17	47504596	47536314	12	-0.6973
VIBES_p_TCGA_290_291_292_293_S_GenomeWideSNP_6_H03_1362536	17	47549914	47617293	26	0.0017
VIBES_p_TCGA_290_291_292_293_S_GenomeWideSNP_6_H03_1362536	17	47623967	47631567	10	-0.6913
VIBES_p_TCGA_290_291_292_293_S_GenomeWideSNP_6_H03_1362536	17	47633611	48076385	251	0.1413
VIBES_p_TCGA_290_291_292_293_S_GenomeWideSNP_6_H03_1362536	17	48080344	48296309	121	-0.6594
VIBES_p_TCGA_290_291_292_293_S_GenomeWideSNP_6_H03_1362536	17	48296338	48397106	50	0.08
VIBES_p_TCGA_290_291_292_293_S_GenomeWideSNP_6_H03_1362536	17	48417237	48465096	32	-0.6974
VIBES_p_TCGA_290_291_292_293_S_GenomeWideSNP_6_H03_1362536	17	48468096	48647787	74	0.1427
VIBES_p_TCGA_290_291_292_293_S_GenomeWideSNP_6_H03_1362536	17	48648250	48822342	55	-0.6633
VIBES_p_TCGA_290_291_292_293_S_GenomeWideSNP_6_H03_1362536	17	48830866	49034809	110	0.0958
VIBES_p_TCGA_290_291_292_293_S_GenomeWideSNP_6_H03_1362536	17	49035063	49045580	9	-0.7265
VIBES_p_TCGA_290_291_292_293_S_GenomeWideSNP_6_H03_1362536	17	49048620	54226001	2762	0.1312
VIBES_p_TCGA_290_291_292_293_S_GenomeWideSNP_6_H03_1362536	17	54230830	54232164	4	-0.8612
VIBES_p_TCGA_290_291_292_293_S_GenomeWideSNP_6_H03_1362536	17	54233832	65350846	6200	0.1287
VIBES_p_TCGA_290_291_292_293_S_GenomeWideSNP_6_H03_1362536	17	65354603	65485371	104	-0.6896
VIBES_p_TCGA_290_291_292_293_S_GenomeWideSNP_6_H03_1362536	17	65490062	66325960	487	0.1426
VIBES_p_TCGA_290_291_292_293_S_GenomeWideSNP_6_H03_1362536	17	66333126	66498594	50	-0.7245
VIBES_p_TCGA_290_291_292_293_S_GenomeWideSNP_6_H03_1362536	17	66499061	67558173	754	0.1492
VIBES_p_TCGA_290_291_292_293_S_GenomeWideSNP_6_H03_1362536	17	67558578	67654092	61	-0.6843
VIBES_p_TCGA_290_291_292_293_S_GenomeWideSNP_6_H03_1362536	17	67659301	70333843	1581	0.1303
VIBES_p_TCGA_290_291_292_293_S_GenomeWideSNP_6_H03_1362536	17	70339125	70358907	23	-0.6119
VIBES_p_TCGA_290_291_292_293_S_GenomeWideSNP_6_H03_1362536	17	70361170	72120377	1370	0.141
VIBES_p_TCGA_290_291_292_293_S_GenomeWideSNP_6_H03_1362536	17	72126454	72180132	51	-0.626
VIBES_p_TCGA_290_291_292_293_S_GenomeWideSNP_6_H03_1362536	17	72181814	72186839	6	0.1374
VIBES_p_TCGA_290_291_292_293_S_GenomeWideSNP_6_H03_1362536	17	72188419	72274534	68	-0.6303
VIBES_p_TCGA_290_291_292_293_S_GenomeWideSNP_6_H03_1362536	17	72277710	73001713	607	0.1638
VIBES_p_TCGA_290_291_292_293_S_GenomeWideSNP_6_H03_1362536	17	73002345	73005574	6	-0.8068
VIBES_p_TCGA_290_291_292_293_S_GenomeWideSNP_6_H03_1362536	17	73007462	73011293	7	-0.2139
VIBES_p_TCGA_290_291_292_293_S_GenomeWideSNP_6_H03_1362536	17	73013810	82959812	3993	0.1146
VIBES_p_TCGA_290_291_292_293_S_GenomeWideSNP_6_H03_1362536	18	326691	37778931	18414	-0.2234
VIBES_p_TCGA_290_291_292_293_S_GenomeWideSNP_6_H03_1362536	18	37779620	37779907	2	1.8288
VIBES_p_TCGA_290_291_292_293_S_GenomeWideSNP_6_H03_1362536	18	37782789	79349796	24529	-0.2292
VIBES_p_TCGA_290_291_292_293_S_GenomeWideSNP_6_H03_1362536	19	283868	27758174	9114	0.0836
VIBES_p_TCGA_290_291_292_293_S_GenomeWideSNP_6_H03_1362536	19	27765442	36136274	5662	0.1178
VIBES_p_TCGA_290_291_292_293_S_GenomeWideSNP_6_H03_1362536	19	36136888	58370362	9457	0.0872
VIBES_p_TCGA_290_291_292_293_S_GenomeWideSNP_6_H03_1362536	20	472817	14289450	8862	0.141
VIBES_p_TCGA_290_291_292_293_S_GenomeWideSNP_6_H03_1362536	20	14291481	14314946	17	-0.7545
VIBES_p_TCGA_290_291_292_293_S_GenomeWideSNP_6_H03_1362536	20	14317967	17406995	2220	0.1486
VIBES_p_TCGA_290_291_292_293_S_GenomeWideSNP_6_H03_1362536	20	17409120	17409319	7	0.8131
VIBES_p_TCGA_290_291_292_293_S_GenomeWideSNP_6_H03_1362536	20	17409415	18007762	475	0.1559
VIBES_p_TCGA_290_291_292_293_S_GenomeWideSNP_6_H03_1362536	20	18011642	18027202	4	-0.8481
VIBES_p_TCGA_290_291_292_293_S_GenomeWideSNP_6_H03_1362536	20	18029568	51556401	17732	0.1382
VIBES_p_TCGA_290_291_292_293_S_GenomeWideSNP_6_H03_1362536	20	51557519	51557841	2	-1.0938
VIBES_p_TCGA_290_291_292_293_S_GenomeWideSNP_6_H03_1362536	20	51560701	63588502	8284	0.1514
VIBES_p_TCGA_290_291_292_293_S_GenomeWideSNP_6_H03_1362536	21	13974127	24872606	6770	0.1046
VIBES_p_TCGA_290_291_292_293_S_GenomeWideSNP_6_H03_1362536	21	24873043	46262057	14024	0.1339
VIBES_p_TCGA_290_291_292_293_S_GenomeWideSNP_6_H03_1362536	22	16934932	48940621	17101	0.1357
VIBES_p_TCGA_290_291_292_293_S_GenomeWideSNP_6_H03_1362536	X	3236359	6530483	798	0.136
VIBES_p_TCGA_290_291_292_293_S_GenomeWideSNP_6_H03_1362536	X	8173048	24556811	8408	-0.6703
VIBES_p_TCGA_290_291_292_293_S_GenomeWideSNP_6_H03_1362536	X	24558207	24560434	2	-2.728
VIBES_p_TCGA_290_291_292_293_S_GenomeWideSNP_6_H03_1362536	X	24571457	28675877	2200	-0.6606
VIBES_p_TCGA_290_291_292_293_S_GenomeWideSNP_6_H03_1362536	X	28690346	38214845	4201	0.1372
VIBES_p_TCGA_290_291_292_293_S_GenomeWideSNP_6_H03_1362536	X	38215263	40550391	1357	0.1899
VIBES_p_TCGA_290_291_292_293_S_GenomeWideSNP_6_H03_1362536	X	40550636	72711989	11060	0.1432
VIBES_p_TCGA_290_291_292_293_S_GenomeWideSNP_6_H03_1362536	X	72720769	99792805	10574	0.1102
VIBES_p_TCGA_290_291_292_293_S_GenomeWideSNP_6_H03_1362536	X	99802519	103826818	1919	0.1428
VIBES_p_TCGA_290_291_292_293_S_GenomeWideSNP_6_H03_1362536	X	103827498	103913796	56	-0.6665
VIBES_p_TCGA_290_291_292_293_S_GenomeWideSNP_6_H03_1362536	X	103914858	155677414	23830	0.1391
