Sample	Chromosome	Start	End	Num_Probes	Segment_Mean
RAZEE_p_TCGA_277_b2_N_GenomeWideSNP_6_D12_1321018	1	3301765	45894382	22965	0.154
RAZEE_p_TCGA_277_b2_N_GenomeWideSNP_6_D12_1321018	1	46129164	46182228	26	0.8419
RAZEE_p_TCGA_277_b2_N_GenomeWideSNP_6_D12_1321018	1	46183220	51754465	2825	0.1761
RAZEE_p_TCGA_277_b2_N_GenomeWideSNP_6_D12_1321018	1	51757881	58156925	4442	0.1525
RAZEE_p_TCGA_277_b2_N_GenomeWideSNP_6_D12_1321018	1	58157189	70739693	8519	0.1846
RAZEE_p_TCGA_277_b2_N_GenomeWideSNP_6_D12_1321018	1	70740403	119984772	29243	-0.5225
RAZEE_p_TCGA_277_b2_N_GenomeWideSNP_6_D12_1321018	1	149906351	155561258	2680	0.2545
RAZEE_p_TCGA_277_b2_N_GenomeWideSNP_6_D12_1321018	1	155566213	186591846	20146	0.2784
RAZEE_p_TCGA_277_b2_N_GenomeWideSNP_6_D12_1321018	1	186592132	186596875	3	-0.9522
RAZEE_p_TCGA_277_b2_N_GenomeWideSNP_6_D12_1321018	1	186603449	221194836	22089	0.2809
RAZEE_p_TCGA_277_b2_N_GenomeWideSNP_6_D12_1321018	1	221195015	221199385	2	-1.4025
RAZEE_p_TCGA_277_b2_N_GenomeWideSNP_6_D12_1321018	1	221199825	232925904	7143	0.2867
RAZEE_p_TCGA_277_b2_N_GenomeWideSNP_6_D12_1321018	1	232929890	247650984	9580	0.2564
RAZEE_p_TCGA_277_b2_N_GenomeWideSNP_6_D12_1321018	2	480597	199984173	107077	0.1804
RAZEE_p_TCGA_277_b2_N_GenomeWideSNP_6_D12_1321018	2	199985679	200190653	114	0.652
RAZEE_p_TCGA_277_b2_N_GenomeWideSNP_6_D12_1321018	2	200194648	206936184	3881	0.1922
RAZEE_p_TCGA_277_b2_N_GenomeWideSNP_6_D12_1321018	2	206938824	207001953	45	0.6485
RAZEE_p_TCGA_277_b2_N_GenomeWideSNP_6_D12_1321018	2	207010464	215176741	4823	0.1751
RAZEE_p_TCGA_277_b2_N_GenomeWideSNP_6_D12_1321018	2	215181055	227593393	7991	0.1982
RAZEE_p_TCGA_277_b2_N_GenomeWideSNP_6_D12_1321018	2	227594201	241537572	8198	0.1707
RAZEE_p_TCGA_277_b2_N_GenomeWideSNP_6_D12_1321018	3	2170634	197812401	107123	0.1871
RAZEE_p_TCGA_277_b2_N_GenomeWideSNP_6_D12_1321018	4	1059384	12916669	6832	0.1772
RAZEE_p_TCGA_277_b2_N_GenomeWideSNP_6_D12_1321018	4	12916792	15576184	1987	0.2328
RAZEE_p_TCGA_277_b2_N_GenomeWideSNP_6_D12_1321018	4	15576925	22298649	4494	0.1726
RAZEE_p_TCGA_277_b2_N_GenomeWideSNP_6_D12_1321018	4	22301836	25080968	1844	0.2182
RAZEE_p_TCGA_277_b2_N_GenomeWideSNP_6_D12_1321018	4	25081287	41591185	9962	0.1797
RAZEE_p_TCGA_277_b2_N_GenomeWideSNP_6_D12_1321018	4	41593851	46034221	2207	0.1352
RAZEE_p_TCGA_277_b2_N_GenomeWideSNP_6_D12_1321018	4	46041844	54686880	2929	0.1804
RAZEE_p_TCGA_277_b2_N_GenomeWideSNP_6_D12_1321018	4	54688815	68339208	7716	-0.5493
RAZEE_p_TCGA_277_b2_N_GenomeWideSNP_6_D12_1321018	4	68339321	69760490	217	0.1563
RAZEE_p_TCGA_277_b2_N_GenomeWideSNP_6_D12_1321018	4	69764925	70394875	341	-0.5314
RAZEE_p_TCGA_277_b2_N_GenomeWideSNP_6_D12_1321018	4	70395050	159604350	50119	0.178
RAZEE_p_TCGA_277_b2_N_GenomeWideSNP_6_D12_1321018	4	159604378	179697098	10891	0.1516
RAZEE_p_TCGA_277_b2_N_GenomeWideSNP_6_D12_1321018	4	179699397	187842528	3901	0.1693
RAZEE_p_TCGA_277_b2_N_GenomeWideSNP_6_D12_1321018	5	914118	38855801	22471	-0.5551
RAZEE_p_TCGA_277_b2_N_GenomeWideSNP_6_D12_1321018	5	38856166	97692155	29397	-0.5201
RAZEE_p_TCGA_277_b2_N_GenomeWideSNP_6_D12_1321018	5	97692307	97692380	3	-2.5309
RAZEE_p_TCGA_277_b2_N_GenomeWideSNP_6_D12_1321018	5	97692725	128583185	16952	-0.5146
RAZEE_p_TCGA_277_b2_N_GenomeWideSNP_6_D12_1321018	5	128584165	128584842	3	-2.1749
RAZEE_p_TCGA_277_b2_N_GenomeWideSNP_6_D12_1321018	5	128587254	133065472	2356	-0.5285
RAZEE_p_TCGA_277_b2_N_GenomeWideSNP_6_D12_1321018	5	133065760	149404835	9908	-0.5492
RAZEE_p_TCGA_277_b2_N_GenomeWideSNP_6_D12_1321018	5	149404876	149405886	2	-2.9775
RAZEE_p_TCGA_277_b2_N_GenomeWideSNP_6_D12_1321018	5	149408638	175687922	17347	-0.5436
RAZEE_p_TCGA_277_b2_N_GenomeWideSNP_6_D12_1321018	5	175692430	175698484	10	-2.791
RAZEE_p_TCGA_277_b2_N_GenomeWideSNP_6_D12_1321018	5	175701414	180934240	2172	-0.5972
RAZEE_p_TCGA_277_b2_N_GenomeWideSNP_6_D12_1321018	6	1011760	56504066	33762	0.1876
RAZEE_p_TCGA_277_b2_N_GenomeWideSNP_6_D12_1321018	6	56505218	56835663	169	-0.5204
RAZEE_p_TCGA_277_b2_N_GenomeWideSNP_6_D12_1321018	6	56845183	61524632	224	0.192
RAZEE_p_TCGA_277_b2_N_GenomeWideSNP_6_D12_1321018	6	61527062	61823500	65	-0.564
RAZEE_p_TCGA_277_b2_N_GenomeWideSNP_6_D12_1321018	6	61823514	61992273	112	0.1613
RAZEE_p_TCGA_277_b2_N_GenomeWideSNP_6_D12_1321018	6	61995403	62832720	374	-0.5216
RAZEE_p_TCGA_277_b2_N_GenomeWideSNP_6_D12_1321018	6	62832780	63048458	105	0.2009
RAZEE_p_TCGA_277_b2_N_GenomeWideSNP_6_D12_1321018	6	63048473	63104323	35	-0.4456
RAZEE_p_TCGA_277_b2_N_GenomeWideSNP_6_D12_1321018	6	63106999	63322215	122	0.1833
RAZEE_p_TCGA_277_b2_N_GenomeWideSNP_6_D12_1321018	6	63328161	65378791	982	-0.5076
RAZEE_p_TCGA_277_b2_N_GenomeWideSNP_6_D12_1321018	6	65381358	65661440	200	0.194
RAZEE_p_TCGA_277_b2_N_GenomeWideSNP_6_D12_1321018	6	65670018	111242705	25587	-0.5283
RAZEE_p_TCGA_277_b2_N_GenomeWideSNP_6_D12_1321018	6	111242829	111340899	58	-0.0452
RAZEE_p_TCGA_277_b2_N_GenomeWideSNP_6_D12_1321018	6	111341365	149755121	22944	-0.5204
RAZEE_p_TCGA_277_b2_N_GenomeWideSNP_6_D12_1321018	6	149759252	170596889	12132	-0.558
RAZEE_p_TCGA_277_b2_N_GenomeWideSNP_6_D12_1321018	7	664936	36077827	20250	0.1895
RAZEE_p_TCGA_277_b2_N_GenomeWideSNP_6_D12_1321018	7	36084254	37893457	1384	0.1291
RAZEE_p_TCGA_277_b2_N_GenomeWideSNP_6_D12_1321018	7	37894038	53140373	9803	0.183
RAZEE_p_TCGA_277_b2_N_GenomeWideSNP_6_D12_1321018	7	53140478	77246514	7302	0.1531
RAZEE_p_TCGA_277_b2_N_GenomeWideSNP_6_D12_1321018	7	77247322	97084207	10912	0.1942
RAZEE_p_TCGA_277_b2_N_GenomeWideSNP_6_D12_1321018	7	97086205	102807005	2201	0.1529
RAZEE_p_TCGA_277_b2_N_GenomeWideSNP_6_D12_1321018	7	102807165	137881777	19518	0.1942
RAZEE_p_TCGA_277_b2_N_GenomeWideSNP_6_D12_1321018	7	137881780	158592540	10611	0.166
RAZEE_p_TCGA_277_b2_N_GenomeWideSNP_6_D12_1321018	8	667625	51535768	27537	0.1776
RAZEE_p_TCGA_277_b2_N_GenomeWideSNP_6_D12_1321018	8	51537922	51561238	13	-0.5557
RAZEE_p_TCGA_277_b2_N_GenomeWideSNP_6_D12_1321018	8	51582597	61378148	6018	0.1779
RAZEE_p_TCGA_277_b2_N_GenomeWideSNP_6_D12_1321018	8	61380729	61386077	8	-0.5746
RAZEE_p_TCGA_277_b2_N_GenomeWideSNP_6_D12_1321018	8	61389166	144182542	48563	0.1817
RAZEE_p_TCGA_277_b2_N_GenomeWideSNP_6_D12_1321018	9	789794	11003454	6155	-0.5315
RAZEE_p_TCGA_277_b2_N_GenomeWideSNP_6_D12_1321018	9	11003940	11020591	11	-1.4418
RAZEE_p_TCGA_277_b2_N_GenomeWideSNP_6_D12_1321018	9	11020848	32459411	13480	-0.5164
RAZEE_p_TCGA_277_b2_N_GenomeWideSNP_6_D12_1321018	9	32459452	38752071	3838	-0.5572
RAZEE_p_TCGA_277_b2_N_GenomeWideSNP_6_D12_1321018	9	68423153	75035532	4534	0.1952
RAZEE_p_TCGA_277_b2_N_GenomeWideSNP_6_D12_1321018	9	75037688	80491063	3985	0.1558
RAZEE_p_TCGA_277_b2_N_GenomeWideSNP_6_D12_1321018	9	80491247	88314304	5416	0.1936
RAZEE_p_TCGA_277_b2_N_GenomeWideSNP_6_D12_1321018	9	88320072	88321310	3	-1.0715
RAZEE_p_TCGA_277_b2_N_GenomeWideSNP_6_D12_1321018	9	88321998	101201538	8094	0.1728
RAZEE_p_TCGA_277_b2_N_GenomeWideSNP_6_D12_1321018	9	101202165	101202368	2	-1.6429
RAZEE_p_TCGA_277_b2_N_GenomeWideSNP_6_D12_1321018	9	101202906	106648648	3230	0.1868
RAZEE_p_TCGA_277_b2_N_GenomeWideSNP_6_D12_1321018	9	106649750	106943783	196	-0.4962
RAZEE_p_TCGA_277_b2_N_GenomeWideSNP_6_D12_1321018	9	106947268	108091033	928	0.2035
RAZEE_p_TCGA_277_b2_N_GenomeWideSNP_6_D12_1321018	9	108091224	108091622	2	-1.2197
RAZEE_p_TCGA_277_b2_N_GenomeWideSNP_6_D12_1321018	9	108091626	116417758	5849	0.1975
RAZEE_p_TCGA_277_b2_N_GenomeWideSNP_6_D12_1321018	9	116418065	124350965	5643	0.1661
RAZEE_p_TCGA_277_b2_N_GenomeWideSNP_6_D12_1321018	9	124353823	124356107	2	-1.2409
RAZEE_p_TCGA_277_b2_N_GenomeWideSNP_6_D12_1321018	9	124356893	138044505	6992	0.1603
RAZEE_p_TCGA_277_b2_N_GenomeWideSNP_6_D12_1321018	10	366509	55579314	32843	0.1736
RAZEE_p_TCGA_277_b2_N_GenomeWideSNP_6_D12_1321018	10	55581565	107048615	31058	-0.5349
RAZEE_p_TCGA_277_b2_N_GenomeWideSNP_6_D12_1321018	10	107048722	107049766	2	-3.9426
RAZEE_p_TCGA_277_b2_N_GenomeWideSNP_6_D12_1321018	10	107049861	128518735	15028	-0.5438
RAZEE_p_TCGA_277_b2_N_GenomeWideSNP_6_D12_1321018	10	128519201	132385605	1866	-0.6247
RAZEE_p_TCGA_277_b2_N_GenomeWideSNP_6_D12_1321018	10	132386083	132400393	3	-2.7427
RAZEE_p_TCGA_277_b2_N_GenomeWideSNP_6_D12_1321018	10	132403478	133190570	195	-0.6211
RAZEE_p_TCGA_277_b2_N_GenomeWideSNP_6_D12_1321018	10	133203815	133255220	5	-1.9954
RAZEE_p_TCGA_277_b2_N_GenomeWideSNP_6_D12_1321018	10	133263092	133411599	52	-0.5483
RAZEE_p_TCGA_277_b2_N_GenomeWideSNP_6_D12_1321018	11	456012	10345882	5383	0.1899
RAZEE_p_TCGA_277_b2_N_GenomeWideSNP_6_D12_1321018	11	10346431	36873379	18340	0.2238
RAZEE_p_TCGA_277_b2_N_GenomeWideSNP_6_D12_1321018	11	36873455	56351187	7067	0.1869
RAZEE_p_TCGA_277_b2_N_GenomeWideSNP_6_D12_1321018	11	56354581	61402502	2845	-0.4959
RAZEE_p_TCGA_277_b2_N_GenomeWideSNP_6_D12_1321018	11	61403030	64565824	1462	-0.5545
RAZEE_p_TCGA_277_b2_N_GenomeWideSNP_6_D12_1321018	11	64566642	64572645	3	-2.284
RAZEE_p_TCGA_277_b2_N_GenomeWideSNP_6_D12_1321018	11	64579431	71642219	2669	-0.5593
RAZEE_p_TCGA_277_b2_N_GenomeWideSNP_6_D12_1321018	11	71645745	87280852	9106	-0.5099
RAZEE_p_TCGA_277_b2_N_GenomeWideSNP_6_D12_1321018	11	87281222	90246757	1576	-0.4365
RAZEE_p_TCGA_277_b2_N_GenomeWideSNP_6_D12_1321018	11	90246800	99199213	5664	-0.5049
RAZEE_p_TCGA_277_b2_N_GenomeWideSNP_6_D12_1321018	11	99200350	99200446	2	-3.5563
RAZEE_p_TCGA_277_b2_N_GenomeWideSNP_6_D12_1321018	11	99205861	99752416	360	-0.5097
RAZEE_p_TCGA_277_b2_N_GenomeWideSNP_6_D12_1321018	11	99752691	99759228	2	-2.6948
RAZEE_p_TCGA_277_b2_N_GenomeWideSNP_6_D12_1321018	11	99761090	113379375	8474	-0.4813
RAZEE_p_TCGA_277_b2_N_GenomeWideSNP_6_D12_1321018	11	113379751	113382975	2	-2.5718
RAZEE_p_TCGA_277_b2_N_GenomeWideSNP_6_D12_1321018	11	113384852	114179909	561	-0.5628
RAZEE_p_TCGA_277_b2_N_GenomeWideSNP_6_D12_1321018	11	114180311	114180470	2	-3.9344
RAZEE_p_TCGA_277_b2_N_GenomeWideSNP_6_D12_1321018	11	114180703	134272740	13913	-0.5246
RAZEE_p_TCGA_277_b2_N_GenomeWideSNP_6_D12_1321018	12	780472	8968307	4595	0.1571
RAZEE_p_TCGA_277_b2_N_GenomeWideSNP_6_D12_1321018	12	8968766	115725627	61064	0.183
RAZEE_p_TCGA_277_b2_N_GenomeWideSNP_6_D12_1321018	12	115726687	132605822	8709	0.1583
RAZEE_p_TCGA_277_b2_N_GenomeWideSNP_6_D12_1321018	13	18874255	114226675	57025	0.6095
RAZEE_p_TCGA_277_b2_N_GenomeWideSNP_6_D12_1321018	14	20033191	23762392	1376	-0.5678
RAZEE_p_TCGA_277_b2_N_GenomeWideSNP_6_D12_1321018	14	23762704	88583475	38184	-0.5362
RAZEE_p_TCGA_277_b2_N_GenomeWideSNP_6_D12_1321018	14	88586652	95457860	4271	-0.5823
RAZEE_p_TCGA_277_b2_N_GenomeWideSNP_6_D12_1321018	14	95458459	95461076	4	-2.5943
RAZEE_p_TCGA_277_b2_N_GenomeWideSNP_6_D12_1321018	14	95461819	105533894	5671	-0.5918
RAZEE_p_TCGA_277_b2_N_GenomeWideSNP_6_D12_1321018	15	23437561	46636371	11502	0.1865
RAZEE_p_TCGA_277_b2_N_GenomeWideSNP_6_D12_1321018	15	46641148	50014557	2139	0.2234
RAZEE_p_TCGA_277_b2_N_GenomeWideSNP_6_D12_1321018	15	50017878	80985203	19135	0.1782
RAZEE_p_TCGA_277_b2_N_GenomeWideSNP_6_D12_1321018	15	80985393	95112594	8148	0.1508
RAZEE_p_TCGA_277_b2_N_GenomeWideSNP_6_D12_1321018	15	95118182	101344124	3854	0.1762
RAZEE_p_TCGA_277_b2_N_GenomeWideSNP_6_D12_1321018	16	603333	603459	2	-0.3715
RAZEE_p_TCGA_277_b2_N_GenomeWideSNP_6_D12_1321018	16	603503	31841585	14066	0.1515
RAZEE_p_TCGA_277_b2_N_GenomeWideSNP_6_D12_1321018	16	46470502	81331737	22097	-0.5464
RAZEE_p_TCGA_277_b2_N_GenomeWideSNP_6_D12_1321018	16	81332207	89317317	4876	-0.6101
RAZEE_p_TCGA_277_b2_N_GenomeWideSNP_6_D12_1321018	17	1074619	43428081	16984	-0.5683
RAZEE_p_TCGA_277_b2_N_GenomeWideSNP_6_D12_1321018	17	43437078	82959812	20219	0.1766
RAZEE_p_TCGA_277_b2_N_GenomeWideSNP_6_D12_1321018	18	326691	4779850	2278	0.1716
RAZEE_p_TCGA_277_b2_N_GenomeWideSNP_6_D12_1321018	18	4780621	11730939	4505	0.2078
RAZEE_p_TCGA_277_b2_N_GenomeWideSNP_6_D12_1321018	18	11734922	79349796	36153	0.1753
RAZEE_p_TCGA_277_b2_N_GenomeWideSNP_6_D12_1321018	19	283868	827049	94	0.1403
RAZEE_p_TCGA_277_b2_N_GenomeWideSNP_6_D12_1321018	19	827975	1228278	88	-0.682
RAZEE_p_TCGA_277_b2_N_GenomeWideSNP_6_D12_1321018	19	1271275	1302966	7	-4.0964
RAZEE_p_TCGA_277_b2_N_GenomeWideSNP_6_D12_1321018	19	1334748	4271625	776	-0.5673
RAZEE_p_TCGA_277_b2_N_GenomeWideSNP_6_D12_1321018	19	4288208	5142806	187	0.1602
RAZEE_p_TCGA_277_b2_N_GenomeWideSNP_6_D12_1321018	19	5147382	5777312	299	-0.5663
RAZEE_p_TCGA_277_b2_N_GenomeWideSNP_6_D12_1321018	19	5785924	5885354	21	0.1303
RAZEE_p_TCGA_277_b2_N_GenomeWideSNP_6_D12_1321018	19	5893602	5914614	2	-1.0329
RAZEE_p_TCGA_277_b2_N_GenomeWideSNP_6_D12_1321018	19	5921341	6239904	172	0.1386
RAZEE_p_TCGA_277_b2_N_GenomeWideSNP_6_D12_1321018	19	6240810	6885312	290	0.5114
RAZEE_p_TCGA_277_b2_N_GenomeWideSNP_6_D12_1321018	19	7112112	7359234	130	0.1485
RAZEE_p_TCGA_277_b2_N_GenomeWideSNP_6_D12_1321018	19	7359642	7490206	58	0.5646
RAZEE_p_TCGA_277_b2_N_GenomeWideSNP_6_D12_1321018	19	7492742	7978266	205	0.8603
RAZEE_p_TCGA_277_b2_N_GenomeWideSNP_6_D12_1321018	19	7978942	8487389	194	0.5687
RAZEE_p_TCGA_277_b2_N_GenomeWideSNP_6_D12_1321018	19	8488438	8895199	225	0.121
RAZEE_p_TCGA_277_b2_N_GenomeWideSNP_6_D12_1321018	19	8896849	9053038	102	0.5438
RAZEE_p_TCGA_277_b2_N_GenomeWideSNP_6_D12_1321018	19	9064945	9146749	42	0.1987
RAZEE_p_TCGA_277_b2_N_GenomeWideSNP_6_D12_1321018	19	9148740	9197018	33	0.5541
RAZEE_p_TCGA_277_b2_N_GenomeWideSNP_6_D12_1321018	19	9206449	9294238	45	0.1275
RAZEE_p_TCGA_277_b2_N_GenomeWideSNP_6_D12_1321018	19	9295994	9985394	355	0.5245
RAZEE_p_TCGA_277_b2_N_GenomeWideSNP_6_D12_1321018	19	9988362	10025471	24	0.0888
RAZEE_p_TCGA_277_b2_N_GenomeWideSNP_6_D12_1321018	19	10026987	11022596	395	0.585
RAZEE_p_TCGA_277_b2_N_GenomeWideSNP_6_D12_1321018	19	11025583	11707468	313	0.1682
RAZEE_p_TCGA_277_b2_N_GenomeWideSNP_6_D12_1321018	19	11709702	11890245	74	0.5044
RAZEE_p_TCGA_277_b2_N_GenomeWideSNP_6_D12_1321018	19	11897388	12263404	170	0.8862
RAZEE_p_TCGA_277_b2_N_GenomeWideSNP_6_D12_1321018	19	12264090	12329075	38	0.5684
RAZEE_p_TCGA_277_b2_N_GenomeWideSNP_6_D12_1321018	19	12335430	12634297	110	0.1772
RAZEE_p_TCGA_277_b2_N_GenomeWideSNP_6_D12_1321018	19	12634474	13310736	247	-0.5263
RAZEE_p_TCGA_277_b2_N_GenomeWideSNP_6_D12_1321018	19	13311910	13587902	172	0.0965
RAZEE_p_TCGA_277_b2_N_GenomeWideSNP_6_D12_1321018	19	13593698	13739132	67	0.5885
RAZEE_p_TCGA_277_b2_N_GenomeWideSNP_6_D12_1321018	19	13739484	14000913	97	0.0922
RAZEE_p_TCGA_277_b2_N_GenomeWideSNP_6_D12_1321018	19	14004771	14035081	13	-0.5361
RAZEE_p_TCGA_277_b2_N_GenomeWideSNP_6_D12_1321018	19	14036451	15270046	643	0.1231
RAZEE_p_TCGA_277_b2_N_GenomeWideSNP_6_D12_1321018	19	15272705	16358896	586	-0.5789
RAZEE_p_TCGA_277_b2_N_GenomeWideSNP_6_D12_1321018	19	16368474	17792285	617	0.1342
RAZEE_p_TCGA_277_b2_N_GenomeWideSNP_6_D12_1321018	19	17796030	19093480	523	-0.5391
RAZEE_p_TCGA_277_b2_N_GenomeWideSNP_6_D12_1321018	19	19094126	19443437	154	0.116
RAZEE_p_TCGA_277_b2_N_GenomeWideSNP_6_D12_1321018	19	19443994	19836130	161	-0.5254
RAZEE_p_TCGA_277_b2_N_GenomeWideSNP_6_D12_1321018	19	21064698	21324878	144	0.1262
RAZEE_p_TCGA_277_b2_N_GenomeWideSNP_6_D12_1321018	19	21325483	21591025	122	0.5752
RAZEE_p_TCGA_277_b2_N_GenomeWideSNP_6_D12_1321018	19	21591931	21661986	34	0.0797
RAZEE_p_TCGA_277_b2_N_GenomeWideSNP_6_D12_1321018	19	21665436	21809318	66	0.5456
RAZEE_p_TCGA_277_b2_N_GenomeWideSNP_6_D12_1321018	19	21813864	22320695	150	0.1072
RAZEE_p_TCGA_277_b2_N_GenomeWideSNP_6_D12_1321018	19	22323074	22589914	106	0.8337
RAZEE_p_TCGA_277_b2_N_GenomeWideSNP_6_D12_1321018	19	22593076	22983764	196	0.1626
RAZEE_p_TCGA_277_b2_N_GenomeWideSNP_6_D12_1321018	19	22984083	23144761	88	0.5202
RAZEE_p_TCGA_277_b2_N_GenomeWideSNP_6_D12_1321018	19	23150444	23212432	33	0.2034
RAZEE_p_TCGA_277_b2_N_GenomeWideSNP_6_D12_1321018	19	23216278	23420363	101	0.6037
RAZEE_p_TCGA_277_b2_N_GenomeWideSNP_6_D12_1321018	19	23423240	23531914	71	0.841
RAZEE_p_TCGA_277_b2_N_GenomeWideSNP_6_D12_1321018	19	23532326	23573864	35	0.5516
RAZEE_p_TCGA_277_b2_N_GenomeWideSNP_6_D12_1321018	19	23576789	23644945	35	0.2136
RAZEE_p_TCGA_277_b2_N_GenomeWideSNP_6_D12_1321018	19	23645922	27749601	169	0.5693
RAZEE_p_TCGA_277_b2_N_GenomeWideSNP_6_D12_1321018	19	27752285	58370362	15125	0.1478
RAZEE_p_TCGA_277_b2_N_GenomeWideSNP_6_D12_1321018	20	472817	10365188	6185	0.1838
RAZEE_p_TCGA_277_b2_N_GenomeWideSNP_6_D12_1321018	20	10366770	11196881	620	-0.5512
RAZEE_p_TCGA_277_b2_N_GenomeWideSNP_6_D12_1321018	20	11196967	11197349	3	-2.3912
RAZEE_p_TCGA_277_b2_N_GenomeWideSNP_6_D12_1321018	20	11198301	11321263	119	-0.4861
RAZEE_p_TCGA_277_b2_N_GenomeWideSNP_6_D12_1321018	20	11321424	20389785	6562	0.198
RAZEE_p_TCGA_277_b2_N_GenomeWideSNP_6_D12_1321018	20	20390215	53105142	16844	0.1648
RAZEE_p_TCGA_277_b2_N_GenomeWideSNP_6_D12_1321018	20	53106226	53108626	3	-1.797
RAZEE_p_TCGA_277_b2_N_GenomeWideSNP_6_D12_1321018	20	53110370	63588502	7241	0.1568
RAZEE_p_TCGA_277_b2_N_GenomeWideSNP_6_D12_1321018	21	13974127	27608469	8755	0.1654
RAZEE_p_TCGA_277_b2_N_GenomeWideSNP_6_D12_1321018	21	27617931	27622854	5	-0.805
RAZEE_p_TCGA_277_b2_N_GenomeWideSNP_6_D12_1321018	21	27626244	46262057	12021	0.1602
RAZEE_p_TCGA_277_b2_N_GenomeWideSNP_6_D12_1321018	22	16934932	48940621	17086	0.1669
RAZEE_p_TCGA_277_b2_N_GenomeWideSNP_6_D12_1321018	X	3236359	30369193	12346	0.0018
RAZEE_p_TCGA_277_b2_N_GenomeWideSNP_6_D12_1321018	X	30369938	30373376	2	-3.4757
RAZEE_p_TCGA_277_b2_N_GenomeWideSNP_6_D12_1321018	X	30374478	155677414	51771	-0.0035
