Sample	Chromosome	Start	End	Num_Probes	Segment_Mean
SHUNS_p_TCGAb_388_389_NSP_GenomeWideSNP_6_D01_1464532	1	3301765	23545302	11419	0.0299
SHUNS_p_TCGAb_388_389_NSP_GenomeWideSNP_6_D01_1464532	1	23547245	23930125	147	-0.3831
SHUNS_p_TCGAb_388_389_NSP_GenomeWideSNP_6_D01_1464532	1	23961694	24226054	122	0.0886
SHUNS_p_TCGAb_388_389_NSP_GenomeWideSNP_6_D01_1464532	1	24226345	55378124	16321	0.0257
SHUNS_p_TCGAb_388_389_NSP_GenomeWideSNP_6_D01_1464532	1	55378137	119984772	40185	0.064
SHUNS_p_TCGAb_388_389_NSP_GenomeWideSNP_6_D01_1464532	1	149906351	168089536	11137	0.3313
SHUNS_p_TCGAb_388_389_NSP_GenomeWideSNP_6_D01_1464532	1	168091284	168286459	102	0.5638
SHUNS_p_TCGAb_388_389_NSP_GenomeWideSNP_6_D01_1464532	1	168286535	186117475	11363	0.3391
SHUNS_p_TCGAb_388_389_NSP_GenomeWideSNP_6_D01_1464532	1	186118412	199057638	7536	0.3693
SHUNS_p_TCGAb_388_389_NSP_GenomeWideSNP_6_D01_1464532	1	199058451	201632881	1717	0.3368
SHUNS_p_TCGAb_388_389_NSP_GenomeWideSNP_6_D01_1464532	1	201634599	205590135	2603	0.2931
SHUNS_p_TCGAb_388_389_NSP_GenomeWideSNP_6_D01_1464532	1	205590423	225961638	13299	0.3461
SHUNS_p_TCGAb_388_389_NSP_GenomeWideSNP_6_D01_1464532	1	225966968	226118705	83	0.5523
SHUNS_p_TCGAb_388_389_NSP_GenomeWideSNP_6_D01_1464532	1	226127481	247650984	13856	0.3428
SHUNS_p_TCGAb_388_389_NSP_GenomeWideSNP_6_D01_1464532	2	480597	241537572	132242	0.052
SHUNS_p_TCGAb_388_389_NSP_GenomeWideSNP_6_D01_1464532	3	2170634	15897402	8413	0.0418
SHUNS_p_TCGAb_388_389_NSP_GenomeWideSNP_6_D01_1464532	3	15900031	36126254	11952	0.0697
SHUNS_p_TCGAb_388_389_NSP_GenomeWideSNP_6_D01_1464532	3	36126559	69849727	19828	0.047
SHUNS_p_TCGAb_388_389_NSP_GenomeWideSNP_6_D01_1464532	3	69850216	70031739	145	0.3594
SHUNS_p_TCGAb_388_389_NSP_GenomeWideSNP_6_D01_1464532	3	70032446	197812401	66871	0.0616
SHUNS_p_TCGAb_388_389_NSP_GenomeWideSNP_6_D01_1464532	4	1059384	10286087	4851	0.0361
SHUNS_p_TCGAb_388_389_NSP_GenomeWideSNP_6_D01_1464532	4	10288250	47345272	23091	0.0679
SHUNS_p_TCGAb_388_389_NSP_GenomeWideSNP_6_D01_1464532	4	47345486	47502529	112	0.3399
SHUNS_p_TCGAb_388_389_NSP_GenomeWideSNP_6_D01_1464532	4	47502809	64672294	7817	0.0672
SHUNS_p_TCGAb_388_389_NSP_GenomeWideSNP_6_D01_1464532	4	64672798	64781055	72	0.3951
SHUNS_p_TCGAb_388_389_NSP_GenomeWideSNP_6_D01_1464532	4	64781220	187842528	67609	0.0714
SHUNS_p_TCGAb_388_389_NSP_GenomeWideSNP_6_D01_1464532	5	913983	39315347	22946	0.0676
SHUNS_p_TCGAb_388_389_NSP_GenomeWideSNP_6_D01_1464532	5	39316320	39439204	86	0.3974
SHUNS_p_TCGAb_388_389_NSP_GenomeWideSNP_6_D01_1464532	5	39441791	101256755	30257	0.067
SHUNS_p_TCGAb_388_389_NSP_GenomeWideSNP_6_D01_1464532	5	101259615	101260403	2	-2.1215
SHUNS_p_TCGAb_388_389_NSP_GenomeWideSNP_6_D01_1464532	5	101261756	171785877	43053	0.0604
SHUNS_p_TCGAb_388_389_NSP_GenomeWideSNP_6_D01_1464532	5	171791134	180934240	4839	0.0318
SHUNS_p_TCGAb_388_389_NSP_GenomeWideSNP_6_D01_1464532	6	1011760	5240959	3062	0.0556
SHUNS_p_TCGAb_388_389_NSP_GenomeWideSNP_6_D01_1464532	6	5245041	7911469	2077	-0.064
SHUNS_p_TCGAb_388_389_NSP_GenomeWideSNP_6_D01_1464532	6	7913313	14126191	4326	0.0512
SHUNS_p_TCGAb_388_389_NSP_GenomeWideSNP_6_D01_1464532	6	14127919	15002127	680	0.3445
SHUNS_p_TCGAb_388_389_NSP_GenomeWideSNP_6_D01_1464532	6	15002747	16758908	1128	0.0428
SHUNS_p_TCGAb_388_389_NSP_GenomeWideSNP_6_D01_1464532	6	16771384	17238418	303	0.3572
SHUNS_p_TCGAb_388_389_NSP_GenomeWideSNP_6_D01_1464532	6	17238581	21046087	2640	0.056
SHUNS_p_TCGAb_388_389_NSP_GenomeWideSNP_6_D01_1464532	6	21055257	21916986	505	0.3676
SHUNS_p_TCGAb_388_389_NSP_GenomeWideSNP_6_D01_1464532	6	21917117	33008982	4743	0.0582
SHUNS_p_TCGAb_388_389_NSP_GenomeWideSNP_6_D01_1464532	6	33010810	34221749	674	0.2945
SHUNS_p_TCGAb_388_389_NSP_GenomeWideSNP_6_D01_1464532	6	34229328	39083142	2873	0.0294
SHUNS_p_TCGAb_388_389_NSP_GenomeWideSNP_6_D01_1464532	6	39083663	42714432	2498	-0.0616
SHUNS_p_TCGAb_388_389_NSP_GenomeWideSNP_6_D01_1464532	6	42716578	43669326	443	-0.0043
SHUNS_p_TCGAb_388_389_NSP_GenomeWideSNP_6_D01_1464532	6	43670899	47425265	2300	0.0426
SHUNS_p_TCGAb_388_389_NSP_GenomeWideSNP_6_D01_1464532	6	47426266	48632572	684	-0.0514
SHUNS_p_TCGAb_388_389_NSP_GenomeWideSNP_6_D01_1464532	6	48633296	49593272	442	0.0592
SHUNS_p_TCGAb_388_389_NSP_GenomeWideSNP_6_D01_1464532	6	49597675	50497391	521	-0.0497
SHUNS_p_TCGAb_388_389_NSP_GenomeWideSNP_6_D01_1464532	6	50500086	52642487	1349	0.0584
SHUNS_p_TCGAb_388_389_NSP_GenomeWideSNP_6_D01_1464532	6	52642749	53294542	439	0.1522
SHUNS_p_TCGAb_388_389_NSP_GenomeWideSNP_6_D01_1464532	6	53294749	53426778	81	0.0366
SHUNS_p_TCGAb_388_389_NSP_GenomeWideSNP_6_D01_1464532	6	53427193	53763011	257	-0.0609
SHUNS_p_TCGAb_388_389_NSP_GenomeWideSNP_6_D01_1464532	6	53763766	54784439	695	0.0834
SHUNS_p_TCGAb_388_389_NSP_GenomeWideSNP_6_D01_1464532	6	54784481	55168936	214	-0.0556
SHUNS_p_TCGAb_388_389_NSP_GenomeWideSNP_6_D01_1464532	6	55169703	55440717	180	0.0984
SHUNS_p_TCGAb_388_389_NSP_GenomeWideSNP_6_D01_1464532	6	55441229	61530738	1054	-0.0427
SHUNS_p_TCGAb_388_389_NSP_GenomeWideSNP_6_D01_1464532	6	61596503	63147591	710	0.3807
SHUNS_p_TCGAb_388_389_NSP_GenomeWideSNP_6_D01_1464532	6	63148120	154957394	53746	-0.3407
SHUNS_p_TCGAb_388_389_NSP_GenomeWideSNP_6_D01_1464532	6	154958628	155066324	59	0.054
SHUNS_p_TCGAb_388_389_NSP_GenomeWideSNP_6_D01_1464532	6	155066706	170596889	8480	-0.3519
SHUNS_p_TCGAb_388_389_NSP_GenomeWideSNP_6_D01_1464532	7	664936	55665013	33214	0.0598
SHUNS_p_TCGAb_388_389_NSP_GenomeWideSNP_6_D01_1464532	7	55666112	78196932	6160	0.0304
SHUNS_p_TCGAb_388_389_NSP_GenomeWideSNP_6_D01_1464532	7	78199590	98015139	10803	0.0723
SHUNS_p_TCGAb_388_389_NSP_GenomeWideSNP_6_D01_1464532	7	98015259	103072540	1848	-6e-04
SHUNS_p_TCGAb_388_389_NSP_GenomeWideSNP_6_D01_1464532	7	103073638	158592540	30018	0.0563
SHUNS_p_TCGAb_388_389_NSP_GenomeWideSNP_6_D01_1464532	8	667625	144182542	82245	0.0595
SHUNS_p_TCGAb_388_389_NSP_GenomeWideSNP_6_D01_1464532	9	789794	124061051	61325	-0.3405
SHUNS_p_TCGAb_388_389_NSP_GenomeWideSNP_6_D01_1464532	9	124061954	138044505	7182	-0.3794
SHUNS_p_TCGAb_388_389_NSP_GenomeWideSNP_6_D01_1464532	10	366509	10869039	7394	0.0606
SHUNS_p_TCGAb_388_389_NSP_GenomeWideSNP_6_D01_1464532	10	10869767	11263905	426	0.3823
SHUNS_p_TCGAb_388_389_NSP_GenomeWideSNP_6_D01_1464532	10	11264250	68646098	32762	0.0592
SHUNS_p_TCGAb_388_389_NSP_GenomeWideSNP_6_D01_1464532	10	68646144	73435596	2945	0.0128
SHUNS_p_TCGAb_388_389_NSP_GenomeWideSNP_6_D01_1464532	10	73437293	133411599	37897	0.0499
SHUNS_p_TCGAb_388_389_NSP_GenomeWideSNP_6_D01_1464532	11	456012	4384380	1447	0.0119
SHUNS_p_TCGAb_388_389_NSP_GenomeWideSNP_6_D01_1464532	11	4385055	5927008	1176	0.0672
SHUNS_p_TCGAb_388_389_NSP_GenomeWideSNP_6_D01_1464532	11	5928891	5936894	7	-0.7762
SHUNS_p_TCGAb_388_389_NSP_GenomeWideSNP_6_D01_1464532	11	5938056	6454709	256	0.0339
SHUNS_p_TCGAb_388_389_NSP_GenomeWideSNP_6_D01_1464532	11	6456985	6542816	62	0.3426
SHUNS_p_TCGAb_388_389_NSP_GenomeWideSNP_6_D01_1464532	11	6543128	44347169	25162	0.0533
SHUNS_p_TCGAb_388_389_NSP_GenomeWideSNP_6_D01_1464532	11	44347927	56496063	2784	0.0116
SHUNS_p_TCGAb_388_389_NSP_GenomeWideSNP_6_D01_1464532	11	56503403	57615919	651	-0.3299
SHUNS_p_TCGAb_388_389_NSP_GenomeWideSNP_6_D01_1464532	11	57617925	57783313	66	0.1662
SHUNS_p_TCGAb_388_389_NSP_GenomeWideSNP_6_D01_1464532	11	57788298	64828200	3611	-0.3649
SHUNS_p_TCGAb_388_389_NSP_GenomeWideSNP_6_D01_1464532	11	65902628	78546460	6102	0.0207
SHUNS_p_TCGAb_388_389_NSP_GenomeWideSNP_6_D01_1464532	11	78546462	82044676	2596	0.0731
SHUNS_p_TCGAb_388_389_NSP_GenomeWideSNP_6_D01_1464532	11	82044722	82262614	153	0.3695
SHUNS_p_TCGAb_388_389_NSP_GenomeWideSNP_6_D01_1464532	11	82267590	119225084	23184	0.0561
SHUNS_p_TCGAb_388_389_NSP_GenomeWideSNP_6_D01_1464532	11	119226075	134272740	10437	-0.3435
SHUNS_p_TCGAb_388_389_NSP_GenomeWideSNP_6_D01_1464532	12	780472	45491973	23434	0.0612
SHUNS_p_TCGAb_388_389_NSP_GenomeWideSNP_6_D01_1464532	12	45497916	52954232	4061	0.0234
SHUNS_p_TCGAb_388_389_NSP_GenomeWideSNP_6_D01_1464532	12	52959724	52963839	5	-1.1031
SHUNS_p_TCGAb_388_389_NSP_GenomeWideSNP_6_D01_1464532	12	52964087	58342586	2721	0.015
SHUNS_p_TCGAb_388_389_NSP_GenomeWideSNP_6_D01_1464532	12	58342653	107456694	30736	0.0615
SHUNS_p_TCGAb_388_389_NSP_GenomeWideSNP_6_D01_1464532	12	107457307	125338785	10175	0.0279
SHUNS_p_TCGAb_388_389_NSP_GenomeWideSNP_6_D01_1464532	12	125338888	132605822	3304	0.055
SHUNS_p_TCGAb_388_389_NSP_GenomeWideSNP_6_D01_1464532	13	18874255	31754981	7829	-0.3539
SHUNS_p_TCGAb_388_389_NSP_GenomeWideSNP_6_D01_1464532	13	31755106	32349553	416	-0.2159
SHUNS_p_TCGAb_388_389_NSP_GenomeWideSNP_6_D01_1464532	13	32352517	49176751	11114	-0.3344
SHUNS_p_TCGAb_388_389_NSP_GenomeWideSNP_6_D01_1464532	13	49177328	49177964	2	-2.3298
SHUNS_p_TCGAb_388_389_NSP_GenomeWideSNP_6_D01_1464532	13	49179748	114226675	37627	-0.3324
SHUNS_p_TCGAb_388_389_NSP_GenomeWideSNP_6_D01_1464532	14	20033191	105533894	49802	0.0564
SHUNS_p_TCGAb_388_389_NSP_GenomeWideSNP_6_D01_1464532	15	23437561	32779227	3414	0.0713
SHUNS_p_TCGAb_388_389_NSP_GenomeWideSNP_6_D01_1464532	15	32779950	32996305	203	-0.3602
SHUNS_p_TCGAb_388_389_NSP_GenomeWideSNP_6_D01_1464532	15	32999766	33123444	110	0.0541
SHUNS_p_TCGAb_388_389_NSP_GenomeWideSNP_6_D01_1464532	15	33126828	33285034	115	0.3218
SHUNS_p_TCGAb_388_389_NSP_GenomeWideSNP_6_D01_1464532	15	33285246	40047941	4574	0.0736
SHUNS_p_TCGAb_388_389_NSP_GenomeWideSNP_6_D01_1464532	15	40051342	46633183	3099	0.0249
SHUNS_p_TCGAb_388_389_NSP_GenomeWideSNP_6_D01_1464532	15	46633307	63074156	11049	0.0594
SHUNS_p_TCGAb_388_389_NSP_GenomeWideSNP_6_D01_1464532	15	63074260	92463000	17050	0.0375
SHUNS_p_TCGAb_388_389_NSP_GenomeWideSNP_6_D01_1464532	15	92463279	101344124	5215	0.0632
SHUNS_p_TCGAb_388_389_NSP_GenomeWideSNP_6_D01_1464532	16	603333	56679591	20908	0.0432
SHUNS_p_TCGAb_388_389_NSP_GenomeWideSNP_6_D01_1464532	16	56680608	56684830	2	-1.5972
SHUNS_p_TCGAb_388_389_NSP_GenomeWideSNP_6_D01_1464532	16	56687958	62426565	3511	0.0559
SHUNS_p_TCGAb_388_389_NSP_GenomeWideSNP_6_D01_1464532	16	62428926	62508438	42	0.391
SHUNS_p_TCGAb_388_389_NSP_GenomeWideSNP_6_D01_1464532	16	62519984	89317317	16800	0.05
SHUNS_p_TCGAb_388_389_NSP_GenomeWideSNP_6_D01_1464532	17	1074619	39214442	15176	0.0308
SHUNS_p_TCGAb_388_389_NSP_GenomeWideSNP_6_D01_1464532	17	39229857	39356624	60	0.3448
SHUNS_p_TCGAb_388_389_NSP_GenomeWideSNP_6_D01_1464532	17	39357366	44597544	2457	0.0162
SHUNS_p_TCGAb_388_389_NSP_GenomeWideSNP_6_D01_1464532	17	44597869	44599013	2	-1.5088
SHUNS_p_TCGAb_388_389_NSP_GenomeWideSNP_6_D01_1464532	17	44599932	51156610	2593	0.0091
SHUNS_p_TCGAb_388_389_NSP_GenomeWideSNP_6_D01_1464532	17	51160201	56861535	3637	0.0641
SHUNS_p_TCGAb_388_389_NSP_GenomeWideSNP_6_D01_1464532	17	56862354	65125511	4075	0.0201
SHUNS_p_TCGAb_388_389_NSP_GenomeWideSNP_6_D01_1464532	17	65134923	72909071	5269	0.0536
SHUNS_p_TCGAb_388_389_NSP_GenomeWideSNP_6_D01_1464532	17	72910439	82959812	4082	0.0188
SHUNS_p_TCGAb_388_389_NSP_GenomeWideSNP_6_D01_1464532	18	326691	79349796	42929	-0.3364
SHUNS_p_TCGAb_388_389_NSP_GenomeWideSNP_6_D01_1464532	19	283868	22018506	8237	-0.0027
SHUNS_p_TCGAb_388_389_NSP_GenomeWideSNP_6_D01_1464532	19	22018686	32760117	4526	0.047
SHUNS_p_TCGAb_388_389_NSP_GenomeWideSNP_6_D01_1464532	19	32762209	55656614	9993	0.0084
SHUNS_p_TCGAb_388_389_NSP_GenomeWideSNP_6_D01_1464532	19	55663634	55744448	25	-0.413
SHUNS_p_TCGAb_388_389_NSP_GenomeWideSNP_6_D01_1464532	19	55784873	58370362	1453	0.0107
SHUNS_p_TCGAb_388_389_NSP_GenomeWideSNP_6_D01_1464532	20	472817	26217295	16959	-0.3544
SHUNS_p_TCGAb_388_389_NSP_GenomeWideSNP_6_D01_1464532	20	31247668	38688121	3801	0.3034
SHUNS_p_TCGAb_388_389_NSP_GenomeWideSNP_6_D01_1464532	20	38688270	43122004	3102	0.3557
SHUNS_p_TCGAb_388_389_NSP_GenomeWideSNP_6_D01_1464532	20	43128728	51795004	5629	0.3221
SHUNS_p_TCGAb_388_389_NSP_GenomeWideSNP_6_D01_1464532	20	51797403	60883663	6746	0.3612
SHUNS_p_TCGAb_388_389_NSP_GenomeWideSNP_6_D01_1464532	20	60883724	60889605	3	-1.1126
SHUNS_p_TCGAb_388_389_NSP_GenomeWideSNP_6_D01_1464532	20	60890359	61953896	751	0.3497
SHUNS_p_TCGAb_388_389_NSP_GenomeWideSNP_6_D01_1464532	20	61957341	61958456	2	1.4986
SHUNS_p_TCGAb_388_389_NSP_GenomeWideSNP_6_D01_1464532	20	61958481	63588502	614	0.332
SHUNS_p_TCGAb_388_389_NSP_GenomeWideSNP_6_D01_1464532	21	13974127	14933459	607	0.0387
SHUNS_p_TCGAb_388_389_NSP_GenomeWideSNP_6_D01_1464532	21	14933801	30930064	10235	0.0701
SHUNS_p_TCGAb_388_389_NSP_GenomeWideSNP_6_D01_1464532	21	30930926	46262057	9949	0.0415
SHUNS_p_TCGAb_388_389_NSP_GenomeWideSNP_6_D01_1464532	22	16934932	31936177	6105	0.024
SHUNS_p_TCGAb_388_389_NSP_GenomeWideSNP_6_D01_1464532	22	31938035	35046907	2671	0.0649
SHUNS_p_TCGAb_388_389_NSP_GenomeWideSNP_6_D01_1464532	22	35047036	48940621	8320	0.0279
SHUNS_p_TCGAb_388_389_NSP_GenomeWideSNP_6_D01_1464532	X	3236359	144946322	58657	-2e-04
SHUNS_p_TCGAb_388_389_NSP_GenomeWideSNP_6_D01_1464532	X	144952137	145042025	56	0.5403
SHUNS_p_TCGAb_388_389_NSP_GenomeWideSNP_6_D01_1464532	X	145042759	155677414	4713	0.01
