Sample	Chromosome	Start	End	Num_Probes	Segment_Mean
YOGIN_p_TCGA_4_262_263_N_GenomeWideSNP_6_E08_1306176	1	3301765	5567091	1585	-0.0325
YOGIN_p_TCGA_4_262_263_N_GenomeWideSNP_6_E08_1306176	1	5567852	10573682	2663	0.0226
YOGIN_p_TCGA_4_262_263_N_GenomeWideSNP_6_E08_1306176	1	10576638	10583772	4	-1.1737
YOGIN_p_TCGA_4_262_263_N_GenomeWideSNP_6_E08_1306176	1	10584776	47691054	19593	0.0162
YOGIN_p_TCGA_4_262_263_N_GenomeWideSNP_6_E08_1306176	1	47691380	50155409	1371	-0.0419
YOGIN_p_TCGA_4_262_263_N_GenomeWideSNP_6_E08_1306176	1	50156353	55347023	2763	0.0245
YOGIN_p_TCGA_4_262_263_N_GenomeWideSNP_6_E08_1306176	1	55347207	61590074	4703	-0.0325
YOGIN_p_TCGA_4_262_263_N_GenomeWideSNP_6_E08_1306176	1	61591898	68734009	5103	-5e-04
YOGIN_p_TCGA_4_262_263_N_GenomeWideSNP_6_E08_1306176	1	68741599	77065883	4630	-0.0606
YOGIN_p_TCGA_4_262_263_N_GenomeWideSNP_6_E08_1306176	1	77066868	81282927	2267	-0.0058
YOGIN_p_TCGA_4_262_263_N_GenomeWideSNP_6_E08_1306176	1	81283738	83158490	1328	-0.0574
YOGIN_p_TCGA_4_262_263_N_GenomeWideSNP_6_E08_1306176	1	83160285	95593524	7801	-0.0035
YOGIN_p_TCGA_4_262_263_N_GenomeWideSNP_6_E08_1306176	1	95597602	98059888	1413	-0.0619
YOGIN_p_TCGA_4_262_263_N_GenomeWideSNP_6_E08_1306176	1	98060570	101776054	2365	0.0014
YOGIN_p_TCGA_4_262_263_N_GenomeWideSNP_6_E08_1306176	1	101778545	107167716	2700	-0.0514
YOGIN_p_TCGA_4_262_263_N_GenomeWideSNP_6_E08_1306176	1	107167756	163513818	15631	0.0062
YOGIN_p_TCGA_4_262_263_N_GenomeWideSNP_6_E08_1306176	1	163514231	167401323	2938	-0.0341
YOGIN_p_TCGA_4_262_263_N_GenomeWideSNP_6_E08_1306176	1	167401914	174655921	4791	0.0073
YOGIN_p_TCGA_4_262_263_N_GenomeWideSNP_6_E08_1306176	1	174656277	177602262	1573	-0.0471
YOGIN_p_TCGA_4_262_263_N_GenomeWideSNP_6_E08_1306176	1	177602999	186753298	5943	0.0087
YOGIN_p_TCGA_4_262_263_N_GenomeWideSNP_6_E08_1306176	1	186756757	200446308	8088	-0.059
YOGIN_p_TCGA_4_262_263_N_GenomeWideSNP_6_E08_1306176	1	200446971	207761884	4603	0.0068
YOGIN_p_TCGA_4_262_263_N_GenomeWideSNP_6_E08_1306176	1	207765604	209421616	1280	-0.0528
YOGIN_p_TCGA_4_262_263_N_GenomeWideSNP_6_E08_1306176	1	209422508	214926576	3820	-0.0031
YOGIN_p_TCGA_4_262_263_N_GenomeWideSNP_6_E08_1306176	1	214926836	218121838	2203	-0.0558
YOGIN_p_TCGA_4_262_263_N_GenomeWideSNP_6_E08_1306176	1	218122457	247650984	18762	8e-04
YOGIN_p_TCGA_4_262_263_N_GenomeWideSNP_6_E08_1306176	2	480597	8723537	5115	-0.0584
YOGIN_p_TCGA_4_262_263_N_GenomeWideSNP_6_E08_1306176	2	8723729	9274141	306	0.0354
YOGIN_p_TCGA_4_262_263_N_GenomeWideSNP_6_E08_1306176	2	9274853	9276528	2	1.2057
YOGIN_p_TCGA_4_262_263_N_GenomeWideSNP_6_E08_1306176	2	9277205	13239961	2774	0.0026
YOGIN_p_TCGA_4_262_263_N_GenomeWideSNP_6_E08_1306176	2	13241979	23879047	7101	-0.0514
YOGIN_p_TCGA_4_262_263_N_GenomeWideSNP_6_E08_1306176	2	23886446	28763484	2285	0.0049
YOGIN_p_TCGA_4_262_263_N_GenomeWideSNP_6_E08_1306176	2	29003693	32388176	2268	-0.0541
YOGIN_p_TCGA_4_262_263_N_GenomeWideSNP_6_E08_1306176	2	32390773	33844159	559	0.0231
YOGIN_p_TCGA_4_262_263_N_GenomeWideSNP_6_E08_1306176	2	33844562	35244401	806	-0.0511
YOGIN_p_TCGA_4_262_263_N_GenomeWideSNP_6_E08_1306176	2	35244509	35245790	4	-0.8793
YOGIN_p_TCGA_4_262_263_N_GenomeWideSNP_6_E08_1306176	2	35247731	36734580	831	-0.0593
YOGIN_p_TCGA_4_262_263_N_GenomeWideSNP_6_E08_1306176	2	36735898	40265073	1745	0.0058
YOGIN_p_TCGA_4_262_263_N_GenomeWideSNP_6_E08_1306176	2	40265107	41561538	717	-0.0747
YOGIN_p_TCGA_4_262_263_N_GenomeWideSNP_6_E08_1306176	2	41561601	48682054	4693	-0.0105
YOGIN_p_TCGA_4_262_263_N_GenomeWideSNP_6_E08_1306176	2	48682994	53978528	2912	-0.0815
YOGIN_p_TCGA_4_262_263_N_GenomeWideSNP_6_E08_1306176	2	53981511	55676485	754	0.0091
YOGIN_p_TCGA_4_262_263_N_GenomeWideSNP_6_E08_1306176	2	55677070	60580420	2993	-0.0606
YOGIN_p_TCGA_4_262_263_N_GenomeWideSNP_6_E08_1306176	2	60580720	65902360	2749	2e-04
YOGIN_p_TCGA_4_262_263_N_GenomeWideSNP_6_E08_1306176	2	65902403	67545168	1190	-0.0638
YOGIN_p_TCGA_4_262_263_N_GenomeWideSNP_6_E08_1306176	2	67547396	75779971	4716	-0.0188
YOGIN_p_TCGA_4_262_263_N_GenomeWideSNP_6_E08_1306176	2	75781354	84877023	4902	-0.0691
YOGIN_p_TCGA_4_262_263_N_GenomeWideSNP_6_E08_1306176	2	84877180	103046853	5280	-0.0119
YOGIN_p_TCGA_4_262_263_N_GenomeWideSNP_6_E08_1306176	2	103052928	104825941	1079	-0.0746
YOGIN_p_TCGA_4_262_263_N_GenomeWideSNP_6_E08_1306176	2	104826320	109343295	2773	-0.0288
YOGIN_p_TCGA_4_262_263_N_GenomeWideSNP_6_E08_1306176	2	109343624	109704919	205	0.3666
YOGIN_p_TCGA_4_262_263_N_GenomeWideSNP_6_E08_1306176	2	110640222	114096158	1671	-6e-04
YOGIN_p_TCGA_4_262_263_N_GenomeWideSNP_6_E08_1306176	2	114096377	117548121	1533	-0.0778
YOGIN_p_TCGA_4_262_263_N_GenomeWideSNP_6_E08_1306176	2	117551381	135631213	9175	-0.0444
YOGIN_p_TCGA_4_262_263_N_GenomeWideSNP_6_E08_1306176	2	135631917	140981719	2861	-0.08
YOGIN_p_TCGA_4_262_263_N_GenomeWideSNP_6_E08_1306176	2	140982701	141007309	24	-1.0202
YOGIN_p_TCGA_4_262_263_N_GenomeWideSNP_6_E08_1306176	2	141013563	143366922	1545	-0.0857
YOGIN_p_TCGA_4_262_263_N_GenomeWideSNP_6_E08_1306176	2	143368196	145408953	1122	-0.0212
YOGIN_p_TCGA_4_262_263_N_GenomeWideSNP_6_E08_1306176	2	145409572	148128529	1384	-0.0932
YOGIN_p_TCGA_4_262_263_N_GenomeWideSNP_6_E08_1306176	2	148131320	148425907	124	-0.5954
YOGIN_p_TCGA_4_262_263_N_GenomeWideSNP_6_E08_1306176	2	148429874	157538681	5424	-0.0609
YOGIN_p_TCGA_4_262_263_N_GenomeWideSNP_6_E08_1306176	2	157541799	161235055	2310	-0.0117
YOGIN_p_TCGA_4_262_263_N_GenomeWideSNP_6_E08_1306176	2	161238698	170711332	5612	-0.0693
YOGIN_p_TCGA_4_262_263_N_GenomeWideSNP_6_E08_1306176	2	170719912	178378753	4782	-0.0167
YOGIN_p_TCGA_4_262_263_N_GenomeWideSNP_6_E08_1306176	2	178379155	190015200	5928	-0.0612
YOGIN_p_TCGA_4_262_263_N_GenomeWideSNP_6_E08_1306176	2	190024221	191839973	1124	9e-04
YOGIN_p_TCGA_4_262_263_N_GenomeWideSNP_6_E08_1306176	2	191840447	195475768	1298	-0.0925
YOGIN_p_TCGA_4_262_263_N_GenomeWideSNP_6_E08_1306176	2	195477304	200536708	2914	-0.0394
YOGIN_p_TCGA_4_262_263_N_GenomeWideSNP_6_E08_1306176	2	200536813	204638799	2106	0.0109
YOGIN_p_TCGA_4_262_263_N_GenomeWideSNP_6_E08_1306176	2	204639946	205286726	477	-0.0451
YOGIN_p_TCGA_4_262_263_N_GenomeWideSNP_6_E08_1306176	2	205286850	205289276	2	-1.2671
YOGIN_p_TCGA_4_262_263_N_GenomeWideSNP_6_E08_1306176	2	205291326	210295913	2972	-0.0452
YOGIN_p_TCGA_4_262_263_N_GenomeWideSNP_6_E08_1306176	2	210296362	214221628	2378	-0.0975
YOGIN_p_TCGA_4_262_263_N_GenomeWideSNP_6_E08_1306176	2	214222478	219995759	3578	-0.0199
YOGIN_p_TCGA_4_262_263_N_GenomeWideSNP_6_E08_1306176	2	219996132	221493572	1083	-0.0883
YOGIN_p_TCGA_4_262_263_N_GenomeWideSNP_6_E08_1306176	2	221494189	227927765	4135	-0.0211
YOGIN_p_TCGA_4_262_263_N_GenomeWideSNP_6_E08_1306176	2	227929279	231094600	1821	-0.0708
YOGIN_p_TCGA_4_262_263_N_GenomeWideSNP_6_E08_1306176	2	231094936	241537572	6159	-0.0103
YOGIN_p_TCGA_4_262_263_N_GenomeWideSNP_6_E08_1306176	3	2170634	4460530	1226	-0.0391
YOGIN_p_TCGA_4_262_263_N_GenomeWideSNP_6_E08_1306176	3	4463040	4576618	107	-0.8197
YOGIN_p_TCGA_4_262_263_N_GenomeWideSNP_6_E08_1306176	3	4576639	5249344	415	0.0147
YOGIN_p_TCGA_4_262_263_N_GenomeWideSNP_6_E08_1306176	3	5253253	7499447	1035	-0.0674
YOGIN_p_TCGA_4_262_263_N_GenomeWideSNP_6_E08_1306176	3	7503502	7506380	15	-0.7926
YOGIN_p_TCGA_4_262_263_N_GenomeWideSNP_6_E08_1306176	3	7508724	8851862	1043	-0.0594
YOGIN_p_TCGA_4_262_263_N_GenomeWideSNP_6_E08_1306176	3	8853172	18289559	6043	-0.0085
YOGIN_p_TCGA_4_262_263_N_GenomeWideSNP_6_E08_1306176	3	18289649	22645751	2127	-0.0586
YOGIN_p_TCGA_4_262_263_N_GenomeWideSNP_6_E08_1306176	3	22645858	25520124	1979	-0.0019
YOGIN_p_TCGA_4_262_263_N_GenomeWideSNP_6_E08_1306176	3	25520318	29440017	2195	-0.0451
YOGIN_p_TCGA_4_262_263_N_GenomeWideSNP_6_E08_1306176	3	29440555	34121755	2975	-0.001
YOGIN_p_TCGA_4_262_263_N_GenomeWideSNP_6_E08_1306176	3	34122982	40392671	3926	-0.045
YOGIN_p_TCGA_4_262_263_N_GenomeWideSNP_6_E08_1306176	3	40392872	50923305	5261	0.016
YOGIN_p_TCGA_4_262_263_N_GenomeWideSNP_6_E08_1306176	3	50923335	50923415	3	-1.039
YOGIN_p_TCGA_4_262_263_N_GenomeWideSNP_6_E08_1306176	3	50923434	53646023	1222	0.0104
YOGIN_p_TCGA_4_262_263_N_GenomeWideSNP_6_E08_1306176	3	53646097	61067399	4120	-0.0245
YOGIN_p_TCGA_4_262_263_N_GenomeWideSNP_6_E08_1306176	3	61069477	61073759	3	-1.5891
YOGIN_p_TCGA_4_262_263_N_GenomeWideSNP_6_E08_1306176	3	61074940	64538884	2632	-0.0095
YOGIN_p_TCGA_4_262_263_N_GenomeWideSNP_6_E08_1306176	3	64540037	68803094	3029	-0.0602
YOGIN_p_TCGA_4_262_263_N_GenomeWideSNP_6_E08_1306176	3	68803521	74172791	3939	0.0066
YOGIN_p_TCGA_4_262_263_N_GenomeWideSNP_6_E08_1306176	3	74172875	111254202	17270	-0.0553
YOGIN_p_TCGA_4_262_263_N_GenomeWideSNP_6_E08_1306176	3	111254476	117203898	3799	-0.0153
YOGIN_p_TCGA_4_262_263_N_GenomeWideSNP_6_E08_1306176	3	117204170	117350973	85	-0.9174
YOGIN_p_TCGA_4_262_263_N_GenomeWideSNP_6_E08_1306176	3	117351137	119489009	1313	-0.0486
YOGIN_p_TCGA_4_262_263_N_GenomeWideSNP_6_E08_1306176	3	119491752	119574293	54	-0.8558
YOGIN_p_TCGA_4_262_263_N_GenomeWideSNP_6_E08_1306176	3	119576555	130569097	6130	-2e-04
YOGIN_p_TCGA_4_262_263_N_GenomeWideSNP_6_E08_1306176	3	130570180	140674092	5951	-0.0367
YOGIN_p_TCGA_4_262_263_N_GenomeWideSNP_6_E08_1306176	3	140675684	143690119	1387	-0.0057
YOGIN_p_TCGA_4_262_263_N_GenomeWideSNP_6_E08_1306176	3	143690430	146652269	1693	-0.0863
YOGIN_p_TCGA_4_262_263_N_GenomeWideSNP_6_E08_1306176	3	146652335	149787630	1350	-0.0134
YOGIN_p_TCGA_4_262_263_N_GenomeWideSNP_6_E08_1306176	3	149788018	150915523	580	0.0437
YOGIN_p_TCGA_4_262_263_N_GenomeWideSNP_6_E08_1306176	3	150918437	161127830	5740	-0.0309
YOGIN_p_TCGA_4_262_263_N_GenomeWideSNP_6_E08_1306176	3	161131306	167333083	2610	-0.0795
YOGIN_p_TCGA_4_262_263_N_GenomeWideSNP_6_E08_1306176	3	167337975	174297320	3795	-0.0219
YOGIN_p_TCGA_4_262_263_N_GenomeWideSNP_6_E08_1306176	3	174300263	174504652	119	-0.8962
YOGIN_p_TCGA_4_262_263_N_GenomeWideSNP_6_E08_1306176	3	174507555	182629464	4154	-0.0462
YOGIN_p_TCGA_4_262_263_N_GenomeWideSNP_6_E08_1306176	3	182629616	189239675	3709	-0.0054
YOGIN_p_TCGA_4_262_263_N_GenomeWideSNP_6_E08_1306176	3	189241406	195274025	3712	-0.0329
YOGIN_p_TCGA_4_262_263_N_GenomeWideSNP_6_E08_1306176	3	195274756	197812401	503	0.0508
YOGIN_p_TCGA_4_262_263_N_GenomeWideSNP_6_E08_1306176	4	1059384	18829319	11074	0.0049
YOGIN_p_TCGA_4_262_263_N_GenomeWideSNP_6_E08_1306176	4	18831631	183345166	90466	-0.0219
YOGIN_p_TCGA_4_262_263_N_GenomeWideSNP_6_E08_1306176	4	183348235	187842528	2055	0.0255
YOGIN_p_TCGA_4_262_263_N_GenomeWideSNP_6_E08_1306176	5	913983	1315228	68	1.3912
YOGIN_p_TCGA_4_262_263_N_GenomeWideSNP_6_E08_1306176	5	1321758	1377448	33	1.0107
YOGIN_p_TCGA_4_262_263_N_GenomeWideSNP_6_E08_1306176	5	1379647	2911935	895	0.4299
YOGIN_p_TCGA_4_262_263_N_GenomeWideSNP_6_E08_1306176	5	2912261	3672629	675	0.7277
YOGIN_p_TCGA_4_262_263_N_GenomeWideSNP_6_E08_1306176	5	3672675	3710531	43	0.4236
YOGIN_p_TCGA_4_262_263_N_GenomeWideSNP_6_E08_1306176	5	3714408	3806644	79	0.7489
YOGIN_p_TCGA_4_262_263_N_GenomeWideSNP_6_E08_1306176	5	3809374	3866617	57	0.4003
YOGIN_p_TCGA_4_262_263_N_GenomeWideSNP_6_E08_1306176	5	3871257	3993018	77	0.7785
YOGIN_p_TCGA_4_262_263_N_GenomeWideSNP_6_E08_1306176	5	3993068	4296254	206	0.4508
YOGIN_p_TCGA_4_262_263_N_GenomeWideSNP_6_E08_1306176	5	4299573	4388109	71	0.9555
YOGIN_p_TCGA_4_262_263_N_GenomeWideSNP_6_E08_1306176	5	4388929	4880814	384	0.758
YOGIN_p_TCGA_4_262_263_N_GenomeWideSNP_6_E08_1306176	5	4883171	4887058	12	0.4802
YOGIN_p_TCGA_4_262_263_N_GenomeWideSNP_6_E08_1306176	5	4887498	4900174	12	0.2155
YOGIN_p_TCGA_4_262_263_N_GenomeWideSNP_6_E08_1306176	5	4901389	5016199	118	0.5132
YOGIN_p_TCGA_4_262_263_N_GenomeWideSNP_6_E08_1306176	5	5016743	5320905	310	0.8067
YOGIN_p_TCGA_4_262_263_N_GenomeWideSNP_6_E08_1306176	5	5328277	5374012	39	1.0759
YOGIN_p_TCGA_4_262_263_N_GenomeWideSNP_6_E08_1306176	5	5374802	6069256	579	0.4443
YOGIN_p_TCGA_4_262_263_N_GenomeWideSNP_6_E08_1306176	5	6072689	6502972	345	-0.0575
YOGIN_p_TCGA_4_262_263_N_GenomeWideSNP_6_E08_1306176	5	6504058	6642313	130	0.3788
YOGIN_p_TCGA_4_262_263_N_GenomeWideSNP_6_E08_1306176	5	6643734	7754660	776	-0.0396
YOGIN_p_TCGA_4_262_263_N_GenomeWideSNP_6_E08_1306176	5	7756623	11397160	2657	0.4472
YOGIN_p_TCGA_4_262_263_N_GenomeWideSNP_6_E08_1306176	5	11397461	11397767	2	-0.5962
YOGIN_p_TCGA_4_262_263_N_GenomeWideSNP_6_E08_1306176	5	11399848	11461265	57	0.4369
YOGIN_p_TCGA_4_262_263_N_GenomeWideSNP_6_E08_1306176	5	11465559	11518051	55	1.0259
YOGIN_p_TCGA_4_262_263_N_GenomeWideSNP_6_E08_1306176	5	11520503	15042195	2143	0.4473
YOGIN_p_TCGA_4_262_263_N_GenomeWideSNP_6_E08_1306176	5	15043291	15287522	120	0.7871
YOGIN_p_TCGA_4_262_263_N_GenomeWideSNP_6_E08_1306176	5	15290520	15361869	52	0.3506
YOGIN_p_TCGA_4_262_263_N_GenomeWideSNP_6_E08_1306176	5	16048599	17458365	909	0.7998
YOGIN_p_TCGA_4_262_263_N_GenomeWideSNP_6_E08_1306176	5	17462220	17758869	8	1.2716
YOGIN_p_TCGA_4_262_263_N_GenomeWideSNP_6_E08_1306176	5	17760843	17815684	65	0.9842
YOGIN_p_TCGA_4_262_263_N_GenomeWideSNP_6_E08_1306176	5	17833835	17851584	8	0.5619
YOGIN_p_TCGA_4_262_263_N_GenomeWideSNP_6_E08_1306176	5	17852240	17862875	6	0.8874
YOGIN_p_TCGA_4_262_263_N_GenomeWideSNP_6_E08_1306176	5	17868477	18006312	73	1.2004
YOGIN_p_TCGA_4_262_263_N_GenomeWideSNP_6_E08_1306176	5	18007277	21620221	1719	0.7416
YOGIN_p_TCGA_4_262_263_N_GenomeWideSNP_6_E08_1306176	5	21629033	22256235	343	0.9801
YOGIN_p_TCGA_4_262_263_N_GenomeWideSNP_6_E08_1306176	5	22257049	23245411	543	0.7443
YOGIN_p_TCGA_4_262_263_N_GenomeWideSNP_6_E08_1306176	5	23247550	23247695	3	-0.1683
YOGIN_p_TCGA_4_262_263_N_GenomeWideSNP_6_E08_1306176	5	23248584	23275161	22	0.6553
YOGIN_p_TCGA_4_262_263_N_GenomeWideSNP_6_E08_1306176	5	23279385	23398921	72	1.1027
YOGIN_p_TCGA_4_262_263_N_GenomeWideSNP_6_E08_1306176	5	23407139	23544419	78	0.7354
YOGIN_p_TCGA_4_262_263_N_GenomeWideSNP_6_E08_1306176	5	23549498	24585220	614	0.9872
YOGIN_p_TCGA_4_262_263_N_GenomeWideSNP_6_E08_1306176	5	24588554	25056029	278	1.1432
YOGIN_p_TCGA_4_262_263_N_GenomeWideSNP_6_E08_1306176	5	25066037	25582827	141	0.9761
YOGIN_p_TCGA_4_262_263_N_GenomeWideSNP_6_E08_1306176	5	25590735	26482797	532	0.7316
YOGIN_p_TCGA_4_262_263_N_GenomeWideSNP_6_E08_1306176	5	26487659	27159202	396	0.9726
YOGIN_p_TCGA_4_262_263_N_GenomeWideSNP_6_E08_1306176	5	27161106	27291390	69	1.2232
YOGIN_p_TCGA_4_262_263_N_GenomeWideSNP_6_E08_1306176	5	27295045	27477075	96	1.5911
YOGIN_p_TCGA_4_262_263_N_GenomeWideSNP_6_E08_1306176	5	27477708	27497949	15	1.3101
YOGIN_p_TCGA_4_262_263_N_GenomeWideSNP_6_E08_1306176	5	27499133	27683001	70	0.8087
YOGIN_p_TCGA_4_262_263_N_GenomeWideSNP_6_E08_1306176	5	27690969	27850162	87	1.2194
YOGIN_p_TCGA_4_262_263_N_GenomeWideSNP_6_E08_1306176	5	27857838	29058936	612	0.7446
YOGIN_p_TCGA_4_262_263_N_GenomeWideSNP_6_E08_1306176	5	29061609	29684092	367	1.3151
YOGIN_p_TCGA_4_262_263_N_GenomeWideSNP_6_E08_1306176	5	29684667	29684686	2	-0.4717
YOGIN_p_TCGA_4_262_263_N_GenomeWideSNP_6_E08_1306176	5	29685819	29955999	175	1.3374
YOGIN_p_TCGA_4_262_263_N_GenomeWideSNP_6_E08_1306176	5	29956505	30090027	92	0.9887
YOGIN_p_TCGA_4_262_263_N_GenomeWideSNP_6_E08_1306176	5	30093477	30573729	239	0.7514
YOGIN_p_TCGA_4_262_263_N_GenomeWideSNP_6_E08_1306176	5	30574095	31523393	778	1.0012
YOGIN_p_TCGA_4_262_263_N_GenomeWideSNP_6_E08_1306176	5	31523490	31690742	128	0.7705
YOGIN_p_TCGA_4_262_263_N_GenomeWideSNP_6_E08_1306176	5	31702039	31902427	157	0.9875
YOGIN_p_TCGA_4_262_263_N_GenomeWideSNP_6_E08_1306176	5	31909557	32237419	196	0.7761
YOGIN_p_TCGA_4_262_263_N_GenomeWideSNP_6_E08_1306176	5	32239822	32324046	47	1.0854
YOGIN_p_TCGA_4_262_263_N_GenomeWideSNP_6_E08_1306176	5	32327066	32865177	381	0.7738
YOGIN_p_TCGA_4_262_263_N_GenomeWideSNP_6_E08_1306176	5	32867154	32881784	13	1.1364
YOGIN_p_TCGA_4_262_263_N_GenomeWideSNP_6_E08_1306176	5	32882856	33073273	127	0.7806
YOGIN_p_TCGA_4_262_263_N_GenomeWideSNP_6_E08_1306176	5	33073832	33264013	103	1.0238
YOGIN_p_TCGA_4_262_263_N_GenomeWideSNP_6_E08_1306176	5	33269590	33943487	480	0.7668
YOGIN_p_TCGA_4_262_263_N_GenomeWideSNP_6_E08_1306176	5	33944112	34794684	38	1.3249
YOGIN_p_TCGA_4_262_263_N_GenomeWideSNP_6_E08_1306176	5	34795200	35048497	158	1.0837
YOGIN_p_TCGA_4_262_263_N_GenomeWideSNP_6_E08_1306176	5	35048506	36019337	680	1.3556
YOGIN_p_TCGA_4_262_263_N_GenomeWideSNP_6_E08_1306176	5	36023168	36809644	556	1.0448
YOGIN_p_TCGA_4_262_263_N_GenomeWideSNP_6_E08_1306176	5	36813960	37688639	255	1.3328
YOGIN_p_TCGA_4_262_263_N_GenomeWideSNP_6_E08_1306176	5	37690050	38154175	377	1.0056
YOGIN_p_TCGA_4_262_263_N_GenomeWideSNP_6_E08_1306176	5	38154277	38236340	65	0.7685
YOGIN_p_TCGA_4_262_263_N_GenomeWideSNP_6_E08_1306176	5	38236668	38372019	121	1.0328
YOGIN_p_TCGA_4_262_263_N_GenomeWideSNP_6_E08_1306176	5	38373666	38902270	392	0.7939
YOGIN_p_TCGA_4_262_263_N_GenomeWideSNP_6_E08_1306176	5	38903389	39192578	166	1.0695
YOGIN_p_TCGA_4_262_263_N_GenomeWideSNP_6_E08_1306176	5	39192962	39205812	9	1.5744
YOGIN_p_TCGA_4_262_263_N_GenomeWideSNP_6_E08_1306176	5	39206068	39307992	80	0.8943
YOGIN_p_TCGA_4_262_263_N_GenomeWideSNP_6_E08_1306176	5	39308949	40094889	530	0.7878
YOGIN_p_TCGA_4_262_263_N_GenomeWideSNP_6_E08_1306176	5	40096054	40846633	444	0.4442
YOGIN_p_TCGA_4_262_263_N_GenomeWideSNP_6_E08_1306176	5	40847326	41132181	203	1.0012
YOGIN_p_TCGA_4_262_263_N_GenomeWideSNP_6_E08_1306176	5	41135412	41455312	229	0.7402
YOGIN_p_TCGA_4_262_263_N_GenomeWideSNP_6_E08_1306176	5	41455915	41542589	43	0.9852
YOGIN_p_TCGA_4_262_263_N_GenomeWideSNP_6_E08_1306176	5	41543652	41553361	13	0.7315
YOGIN_p_TCGA_4_262_263_N_GenomeWideSNP_6_E08_1306176	5	41555056	41595002	11	0.3117
YOGIN_p_TCGA_4_262_263_N_GenomeWideSNP_6_E08_1306176	5	41599347	41742765	94	0.7156
YOGIN_p_TCGA_4_262_263_N_GenomeWideSNP_6_E08_1306176	5	41748898	42182166	200	0.4408
YOGIN_p_TCGA_4_262_263_N_GenomeWideSNP_6_E08_1306176	5	42190495	42886718	370	0.7866
YOGIN_p_TCGA_4_262_263_N_GenomeWideSNP_6_E08_1306176	5	42892372	42902233	12	0.8645
YOGIN_p_TCGA_4_262_263_N_GenomeWideSNP_6_E08_1306176	5	42903788	42928618	25	1.3464
YOGIN_p_TCGA_4_262_263_N_GenomeWideSNP_6_E08_1306176	5	42929008	42946931	10	0.901
YOGIN_p_TCGA_4_262_263_N_GenomeWideSNP_6_E08_1306176	5	42949586	43258426	131	1.337
YOGIN_p_TCGA_4_262_263_N_GenomeWideSNP_6_E08_1306176	5	43259144	43276367	12	0.8065
YOGIN_p_TCGA_4_262_263_N_GenomeWideSNP_6_E08_1306176	5	43278504	43594510	138	1.2445
YOGIN_p_TCGA_4_262_263_N_GenomeWideSNP_6_E08_1306176	5	43595402	44541102	433	1.0413
YOGIN_p_TCGA_4_262_263_N_GenomeWideSNP_6_E08_1306176	5	44541377	45360996	329	0.4126
YOGIN_p_TCGA_4_262_263_N_GenomeWideSNP_6_E08_1306176	5	45364957	50847727	16	0.0761
YOGIN_p_TCGA_4_262_263_N_GenomeWideSNP_6_E08_1306176	5	50848790	52447328	840	-0.0998
YOGIN_p_TCGA_4_262_263_N_GenomeWideSNP_6_E08_1306176	5	52449235	59049321	4402	-0.0169
YOGIN_p_TCGA_4_262_263_N_GenomeWideSNP_6_E08_1306176	5	59051626	59072130	24	-0.8531
YOGIN_p_TCGA_4_262_263_N_GenomeWideSNP_6_E08_1306176	5	59073892	59131528	43	0.0339
YOGIN_p_TCGA_4_262_263_N_GenomeWideSNP_6_E08_1306176	5	59132319	59242023	104	-0.806
YOGIN_p_TCGA_4_262_263_N_GenomeWideSNP_6_E08_1306176	5	59244522	63989462	2381	-0.044
YOGIN_p_TCGA_4_262_263_N_GenomeWideSNP_6_E08_1306176	5	63991299	63992164	2	-1.2675
YOGIN_p_TCGA_4_262_263_N_GenomeWideSNP_6_E08_1306176	5	63993787	82223212	9960	-0.0172
YOGIN_p_TCGA_4_262_263_N_GenomeWideSNP_6_E08_1306176	5	82224321	123140135	21944	-0.057
YOGIN_p_TCGA_4_262_263_N_GenomeWideSNP_6_E08_1306176	5	123140926	126817053	2289	-0.0099
YOGIN_p_TCGA_4_262_263_N_GenomeWideSNP_6_E08_1306176	5	126821398	130989036	2313	-0.0706
YOGIN_p_TCGA_4_262_263_N_GenomeWideSNP_6_E08_1306176	5	130996448	144118511	7659	-0.0121
YOGIN_p_TCGA_4_262_263_N_GenomeWideSNP_6_E08_1306176	5	144119267	161335167	11327	-0.0457
YOGIN_p_TCGA_4_262_263_N_GenomeWideSNP_6_E08_1306176	5	161335530	167713475	3911	-0.0772
YOGIN_p_TCGA_4_262_263_N_GenomeWideSNP_6_E08_1306176	5	167714481	171259572	2622	-0.0409
YOGIN_p_TCGA_4_262_263_N_GenomeWideSNP_6_E08_1306176	5	171261554	175740160	3023	-0.0058
YOGIN_p_TCGA_4_262_263_N_GenomeWideSNP_6_E08_1306176	5	175740313	175756031	10	-1.1358
YOGIN_p_TCGA_4_262_263_N_GenomeWideSNP_6_E08_1306176	5	175761107	180934240	2163	-0.0308
YOGIN_p_TCGA_4_262_263_N_GenomeWideSNP_6_E08_1306176	6	1011760	18350766	12226	-0.0085
YOGIN_p_TCGA_4_262_263_N_GenomeWideSNP_6_E08_1306176	6	18351194	23833219	4013	-0.0416
YOGIN_p_TCGA_4_262_263_N_GenomeWideSNP_6_E08_1306176	6	23833764	23835115	2	-1.6384
YOGIN_p_TCGA_4_262_263_N_GenomeWideSNP_6_E08_1306176	6	23835765	24321809	309	-0.044
YOGIN_p_TCGA_4_262_263_N_GenomeWideSNP_6_E08_1306176	6	24325581	24326057	2	-1.4826
YOGIN_p_TCGA_4_262_263_N_GenomeWideSNP_6_E08_1306176	6	24328478	24946443	419	-0.029
YOGIN_p_TCGA_4_262_263_N_GenomeWideSNP_6_E08_1306176	6	24947544	24947577	2	1.5178
YOGIN_p_TCGA_4_262_263_N_GenomeWideSNP_6_E08_1306176	6	24950971	29335291	1716	-0.0582
YOGIN_p_TCGA_4_262_263_N_GenomeWideSNP_6_E08_1306176	6	29338879	39790586	4811	-0.0072
YOGIN_p_TCGA_4_262_263_N_GenomeWideSNP_6_E08_1306176	6	39791111	41122510	1062	-0.0725
YOGIN_p_TCGA_4_262_263_N_GenomeWideSNP_6_E08_1306176	6	41122943	46681735	3126	-0.0107
YOGIN_p_TCGA_4_262_263_N_GenomeWideSNP_6_E08_1306176	6	46683318	52106016	3210	-0.0692
YOGIN_p_TCGA_4_262_263_N_GenomeWideSNP_6_E08_1306176	6	52114026	53792243	1148	-0.012
YOGIN_p_TCGA_4_262_263_N_GenomeWideSNP_6_E08_1306176	6	53792611	55952963	1397	-0.0824
YOGIN_p_TCGA_4_262_263_N_GenomeWideSNP_6_E08_1306176	6	55955362	61828648	814	-0.001
YOGIN_p_TCGA_4_262_263_N_GenomeWideSNP_6_E08_1306176	6	61829466	70287268	4709	-0.0813
YOGIN_p_TCGA_4_262_263_N_GenomeWideSNP_6_E08_1306176	6	70292431	76021339	3312	-0.0417
YOGIN_p_TCGA_4_262_263_N_GenomeWideSNP_6_E08_1306176	6	76021725	87517836	6306	-0.073
YOGIN_p_TCGA_4_262_263_N_GenomeWideSNP_6_E08_1306176	6	87520409	91140675	2363	-0.0301
YOGIN_p_TCGA_4_262_263_N_GenomeWideSNP_6_E08_1306176	6	91143494	91205164	37	-2.77
YOGIN_p_TCGA_4_262_263_N_GenomeWideSNP_6_E08_1306176	6	91213538	104852646	7017	-0.0821
YOGIN_p_TCGA_4_262_263_N_GenomeWideSNP_6_E08_1306176	6	104852695	112405333	4636	-0.0285
YOGIN_p_TCGA_4_262_263_N_GenomeWideSNP_6_E08_1306176	6	112405346	121561677	4905	-0.0654
YOGIN_p_TCGA_4_262_263_N_GenomeWideSNP_6_E08_1306176	6	121563783	121563808	2	-1.7143
YOGIN_p_TCGA_4_262_263_N_GenomeWideSNP_6_E08_1306176	6	121565493	165156340	27367	-0.0552
YOGIN_p_TCGA_4_262_263_N_GenomeWideSNP_6_E08_1306176	6	165160548	165348368	147	-0.9354
YOGIN_p_TCGA_4_262_263_N_GenomeWideSNP_6_E08_1306176	6	165356680	170596889	2159	-0.0673
YOGIN_p_TCGA_4_262_263_N_GenomeWideSNP_6_E08_1306176	7	664936	7609320	2728	0.4736
YOGIN_p_TCGA_4_262_263_N_GenomeWideSNP_6_E08_1306176	7	7611941	16740455	5591	0.4298
YOGIN_p_TCGA_4_262_263_N_GenomeWideSNP_6_E08_1306176	7	16740530	19763166	1029	0.4855
YOGIN_p_TCGA_4_262_263_N_GenomeWideSNP_6_E08_1306176	7	19763630	22377360	1915	0.4117
YOGIN_p_TCGA_4_262_263_N_GenomeWideSNP_6_E08_1306176	7	22377595	30546705	5409	0.4755
YOGIN_p_TCGA_4_262_263_N_GenomeWideSNP_6_E08_1306176	7	30547716	32233247	1204	0.4208
YOGIN_p_TCGA_4_262_263_N_GenomeWideSNP_6_E08_1306176	7	32237504	32237669	2	-0.7469
YOGIN_p_TCGA_4_262_263_N_GenomeWideSNP_6_E08_1306176	7	32240455	39488679	4864	0.4417
YOGIN_p_TCGA_4_262_263_N_GenomeWideSNP_6_E08_1306176	7	39491199	41625951	1272	0.4824
YOGIN_p_TCGA_4_262_263_N_GenomeWideSNP_6_E08_1306176	7	41626033	41626182	2	-1.0906
YOGIN_p_TCGA_4_262_263_N_GenomeWideSNP_6_E08_1306176	7	41630146	48638149	4188	0.474
YOGIN_p_TCGA_4_262_263_N_GenomeWideSNP_6_E08_1306176	7	48638485	71644992	9041	0.4271
YOGIN_p_TCGA_4_262_263_N_GenomeWideSNP_6_E08_1306176	7	71645179	82567732	4904	0.4609
YOGIN_p_TCGA_4_262_263_N_GenomeWideSNP_6_E08_1306176	7	82568138	84946999	1574	0.4295
YOGIN_p_TCGA_4_262_263_N_GenomeWideSNP_6_E08_1306176	7	84958900	85003566	28	-0.0274
YOGIN_p_TCGA_4_262_263_N_GenomeWideSNP_6_E08_1306176	7	85006279	93982598	4058	0.4355
YOGIN_p_TCGA_4_262_263_N_GenomeWideSNP_6_E08_1306176	7	93986526	93986781	2	-0.8725
YOGIN_p_TCGA_4_262_263_N_GenomeWideSNP_6_E08_1306176	7	93987342	108247516	7265	0.4534
YOGIN_p_TCGA_4_262_263_N_GenomeWideSNP_6_E08_1306176	7	108248070	115618648	3658	0.4191
YOGIN_p_TCGA_4_262_263_N_GenomeWideSNP_6_E08_1306176	7	115623154	121719978	3470	0.4454
YOGIN_p_TCGA_4_262_263_N_GenomeWideSNP_6_E08_1306176	7	121725312	126694401	2726	0.3966
YOGIN_p_TCGA_4_262_263_N_GenomeWideSNP_6_E08_1306176	7	126694609	136089597	5319	0.4521
YOGIN_p_TCGA_4_262_263_N_GenomeWideSNP_6_E08_1306176	7	136089787	138006431	1271	0.3972
YOGIN_p_TCGA_4_262_263_N_GenomeWideSNP_6_E08_1306176	7	138006962	141211835	1769	0.4632
YOGIN_p_TCGA_4_262_263_N_GenomeWideSNP_6_E08_1306176	7	141212971	148056469	3344	0.4006
YOGIN_p_TCGA_4_262_263_N_GenomeWideSNP_6_E08_1306176	7	148056792	158592540	5430	0.4548
YOGIN_p_TCGA_4_262_263_N_GenomeWideSNP_6_E08_1306176	8	667625	6488320	2774	-0.8815
YOGIN_p_TCGA_4_262_263_N_GenomeWideSNP_6_E08_1306176	8	6492582	9441549	1166	-0.768
YOGIN_p_TCGA_4_262_263_N_GenomeWideSNP_6_E08_1306176	8	9448220	14489455	2651	-0.8345
YOGIN_p_TCGA_4_262_263_N_GenomeWideSNP_6_E08_1306176	8	14489476	17191451	1879	-0.8972
YOGIN_p_TCGA_4_262_263_N_GenomeWideSNP_6_E08_1306176	8	17191738	43080575	16585	-0.8229
YOGIN_p_TCGA_4_262_263_N_GenomeWideSNP_6_E08_1306176	8	46547532	69080610	12818	0.4287
YOGIN_p_TCGA_4_262_263_N_GenomeWideSNP_6_E08_1306176	8	69081144	69594388	353	0.3413
YOGIN_p_TCGA_4_262_263_N_GenomeWideSNP_6_E08_1306176	8	69594538	72811739	1999	0.4123
YOGIN_p_TCGA_4_262_263_N_GenomeWideSNP_6_E08_1306176	8	72814516	73785879	672	0.4865
YOGIN_p_TCGA_4_262_263_N_GenomeWideSNP_6_E08_1306176	8	73786568	78160161	2469	0.417
YOGIN_p_TCGA_4_262_263_N_GenomeWideSNP_6_E08_1306176	8	78162173	81338378	1736	0.4703
YOGIN_p_TCGA_4_262_263_N_GenomeWideSNP_6_E08_1306176	8	81338606	85430396	2132	0.4057
YOGIN_p_TCGA_4_262_263_N_GenomeWideSNP_6_E08_1306176	8	85432979	85436601	4	-0.9421
YOGIN_p_TCGA_4_262_263_N_GenomeWideSNP_6_E08_1306176	8	85436911	92881802	4031	0.4067
YOGIN_p_TCGA_4_262_263_N_GenomeWideSNP_6_E08_1306176	8	92882104	101221721	4948	0.4603
YOGIN_p_TCGA_4_262_263_N_GenomeWideSNP_6_E08_1306176	8	101223073	101224652	2	-0.7731
YOGIN_p_TCGA_4_262_263_N_GenomeWideSNP_6_E08_1306176	8	101231724	104194914	1765	0.4638
YOGIN_p_TCGA_4_262_263_N_GenomeWideSNP_6_E08_1306176	8	104199739	104218394	14	0.8695
YOGIN_p_TCGA_4_262_263_N_GenomeWideSNP_6_E08_1306176	8	104227578	104926550	435	0.4464
YOGIN_p_TCGA_4_262_263_N_GenomeWideSNP_6_E08_1306176	8	104926734	108514598	1891	0.4184
YOGIN_p_TCGA_4_262_263_N_GenomeWideSNP_6_E08_1306176	8	108515595	108525147	2	1.6357
YOGIN_p_TCGA_4_262_263_N_GenomeWideSNP_6_E08_1306176	8	108525792	114972228	3208	0.4036
YOGIN_p_TCGA_4_262_263_N_GenomeWideSNP_6_E08_1306176	8	114972996	126593903	7742	0.4565
YOGIN_p_TCGA_4_262_263_N_GenomeWideSNP_6_E08_1306176	8	126594098	126978010	310	-0.0803
YOGIN_p_TCGA_4_262_263_N_GenomeWideSNP_6_E08_1306176	8	126978135	133373802	4582	0.4583
YOGIN_p_TCGA_4_262_263_N_GenomeWideSNP_6_E08_1306176	8	133375064	133376239	4	-0.3526
YOGIN_p_TCGA_4_262_263_N_GenomeWideSNP_6_E08_1306176	8	133376350	133732478	309	0.4701
YOGIN_p_TCGA_4_262_263_N_GenomeWideSNP_6_E08_1306176	8	133734451	136045222	1834	0.4018
YOGIN_p_TCGA_4_262_263_N_GenomeWideSNP_6_E08_1306176	8	136047790	144182542	3880	0.4502
YOGIN_p_TCGA_4_262_263_N_GenomeWideSNP_6_E08_1306176	9	789794	7063378	3715	-0.0092
YOGIN_p_TCGA_4_262_263_N_GenomeWideSNP_6_E08_1306176	9	7064008	11271267	2631	-0.0811
YOGIN_p_TCGA_4_262_263_N_GenomeWideSNP_6_E08_1306176	9	11274289	21963431	7326	-0.0213
YOGIN_p_TCGA_4_262_263_N_GenomeWideSNP_6_E08_1306176	9	21976871	22005395	40	-2.2865
YOGIN_p_TCGA_4_262_263_N_GenomeWideSNP_6_E08_1306176	9	22009961	22653272	397	4e-04
YOGIN_p_TCGA_4_262_263_N_GenomeWideSNP_6_E08_1306176	9	22657615	32056831	5350	-0.0606
YOGIN_p_TCGA_4_262_263_N_GenomeWideSNP_6_E08_1306176	9	32056928	36749727	2709	0.0093
YOGIN_p_TCGA_4_262_263_N_GenomeWideSNP_6_E08_1306176	9	36750504	80259312	9790	-0.0394
YOGIN_p_TCGA_4_262_263_N_GenomeWideSNP_6_E08_1306176	9	80260421	100747570	13391	-0.0056
YOGIN_p_TCGA_4_262_263_N_GenomeWideSNP_6_E08_1306176	9	100750747	104668925	2273	-0.0626
YOGIN_p_TCGA_4_262_263_N_GenomeWideSNP_6_E08_1306176	9	104669247	116344602	8220	-0.0081
YOGIN_p_TCGA_4_262_263_N_GenomeWideSNP_6_E08_1306176	9	116344670	120960834	3572	-0.0513
YOGIN_p_TCGA_4_262_263_N_GenomeWideSNP_6_E08_1306176	9	120961112	138044505	9152	0.0023
YOGIN_p_TCGA_4_262_263_N_GenomeWideSNP_6_E08_1306176	10	366509	33307118	23156	-0.8119
YOGIN_p_TCGA_4_262_263_N_GenomeWideSNP_6_E08_1306176	10	33307393	61706656	13548	-0.0439
YOGIN_p_TCGA_4_262_263_N_GenomeWideSNP_6_E08_1306176	10	61706676	64036667	1435	0.009
YOGIN_p_TCGA_4_262_263_N_GenomeWideSNP_6_E08_1306176	10	64036864	67198355	1659	-0.0687
YOGIN_p_TCGA_4_262_263_N_GenomeWideSNP_6_E08_1306176	10	67198808	79043121	7406	0.0071
YOGIN_p_TCGA_4_262_263_N_GenomeWideSNP_6_E08_1306176	10	79043152	86698487	4913	-0.0492
YOGIN_p_TCGA_4_262_263_N_GenomeWideSNP_6_E08_1306176	10	86698647	104233772	10035	0.0171
YOGIN_p_TCGA_4_262_263_N_GenomeWideSNP_6_E08_1306176	10	104233938	104850272	434	-0.0399
YOGIN_p_TCGA_4_262_263_N_GenomeWideSNP_6_E08_1306176	10	104851880	104857016	8	-0.8061
YOGIN_p_TCGA_4_262_263_N_GenomeWideSNP_6_E08_1306176	10	104860340	109255300	3006	-0.0488
YOGIN_p_TCGA_4_262_263_N_GenomeWideSNP_6_E08_1306176	10	109255820	110904217	960	0.0034
YOGIN_p_TCGA_4_262_263_N_GenomeWideSNP_6_E08_1306176	10	110908495	112206728	962	-0.0419
YOGIN_p_TCGA_4_262_263_N_GenomeWideSNP_6_E08_1306176	10	112209321	115394327	2157	0.0168
YOGIN_p_TCGA_4_262_263_N_GenomeWideSNP_6_E08_1306176	10	115395676	124329222	6517	-0.0254
YOGIN_p_TCGA_4_262_263_N_GenomeWideSNP_6_E08_1306176	10	124334534	128393233	2928	0.0167
YOGIN_p_TCGA_4_262_263_N_GenomeWideSNP_6_E08_1306176	10	128393235	133411599	2277	-0.0494
YOGIN_p_TCGA_4_262_263_N_GenomeWideSNP_6_E08_1306176	11	456012	8740421	4498	-0.0211
YOGIN_p_TCGA_4_262_263_N_GenomeWideSNP_6_E08_1306176	11	8740615	13608865	3672	0.017
YOGIN_p_TCGA_4_262_263_N_GenomeWideSNP_6_E08_1306176	11	13609432	20507085	4700	-0.0214
YOGIN_p_TCGA_4_262_263_N_GenomeWideSNP_6_E08_1306176	11	20507398	30305897	6341	-0.0505
YOGIN_p_TCGA_4_262_263_N_GenomeWideSNP_6_E08_1306176	11	30307414	36478403	4247	0.0061
YOGIN_p_TCGA_4_262_263_N_GenomeWideSNP_6_E08_1306176	11	36481541	43083488	3827	-0.0592
YOGIN_p_TCGA_4_262_263_N_GenomeWideSNP_6_E08_1306176	11	43084518	73372835	11299	-0.0158
YOGIN_p_TCGA_4_262_263_N_GenomeWideSNP_6_E08_1306176	11	73378839	73388616	3	-1.3542
YOGIN_p_TCGA_4_262_263_N_GenomeWideSNP_6_E08_1306176	11	73393100	76729177	1830	-0.0048
YOGIN_p_TCGA_4_262_263_N_GenomeWideSNP_6_E08_1306176	11	76729302	76729825	3	-1.344
YOGIN_p_TCGA_4_262_263_N_GenomeWideSNP_6_E08_1306176	11	76731548	76859016	77	-0.0606
YOGIN_p_TCGA_4_262_263_N_GenomeWideSNP_6_E08_1306176	11	76862486	78076968	594	0.4736
YOGIN_p_TCGA_4_262_263_N_GenomeWideSNP_6_E08_1306176	11	78085671	78152522	37	1.2726
YOGIN_p_TCGA_4_262_263_N_GenomeWideSNP_6_E08_1306176	11	78153133	79911736	1316	0.4259
YOGIN_p_TCGA_4_262_263_N_GenomeWideSNP_6_E08_1306176	11	79912280	82196896	1613	0.3647
YOGIN_p_TCGA_4_262_263_N_GenomeWideSNP_6_E08_1306176	11	82197516	91286844	5249	0.4194
YOGIN_p_TCGA_4_262_263_N_GenomeWideSNP_6_E08_1306176	11	91288953	91289075	2	-2.2655
YOGIN_p_TCGA_4_262_263_N_GenomeWideSNP_6_E08_1306176	11	91291300	134272740	28429	0.4235
YOGIN_p_TCGA_4_262_263_N_GenomeWideSNP_6_E08_1306176	12	780472	13704073	7346	0.0027
YOGIN_p_TCGA_4_262_263_N_GenomeWideSNP_6_E08_1306176	12	13704503	21305866	4535	-0.0418
YOGIN_p_TCGA_4_262_263_N_GenomeWideSNP_6_E08_1306176	12	21306942	28140470	4535	7e-04
YOGIN_p_TCGA_4_262_263_N_GenomeWideSNP_6_E08_1306176	12	28142266	31020474	2034	-0.0442
YOGIN_p_TCGA_4_262_263_N_GenomeWideSNP_6_E08_1306176	12	31021344	39399751	1617	-5e-04
YOGIN_p_TCGA_4_262_263_N_GenomeWideSNP_6_E08_1306176	12	39400726	41557713	1398	-0.0812
YOGIN_p_TCGA_4_262_263_N_GenomeWideSNP_6_E08_1306176	12	41558193	46714880	2655	-0.0343
YOGIN_p_TCGA_4_262_263_N_GenomeWideSNP_6_E08_1306176	12	46714881	58484544	6254	0.0067
YOGIN_p_TCGA_4_262_263_N_GenomeWideSNP_6_E08_1306176	12	58487756	61804490	2031	-0.0613
YOGIN_p_TCGA_4_262_263_N_GenomeWideSNP_6_E08_1306176	12	61808789	78138233	10227	-0.0132
YOGIN_p_TCGA_4_262_263_N_GenomeWideSNP_6_E08_1306176	12	78138250	87882690	5556	-0.0724
YOGIN_p_TCGA_4_262_263_N_GenomeWideSNP_6_E08_1306176	12	87886020	103950892	10330	-0.025
YOGIN_p_TCGA_4_262_263_N_GenomeWideSNP_6_E08_1306176	12	103958300	107962156	2763	0.0041
YOGIN_p_TCGA_4_262_263_N_GenomeWideSNP_6_E08_1306176	12	107964515	107968001	2	-1.1698
YOGIN_p_TCGA_4_262_263_N_GenomeWideSNP_6_E08_1306176	12	107968731	108325233	208	-0.0603
YOGIN_p_TCGA_4_262_263_N_GenomeWideSNP_6_E08_1306176	12	108325715	118804705	6262	0.0199
YOGIN_p_TCGA_4_262_263_N_GenomeWideSNP_6_E08_1306176	12	118805198	120742549	1119	-0.0178
YOGIN_p_TCGA_4_262_263_N_GenomeWideSNP_6_E08_1306176	12	120743191	120746031	5	-1.0481
YOGIN_p_TCGA_4_262_263_N_GenomeWideSNP_6_E08_1306176	12	120748746	125278935	2227	0.0309
YOGIN_p_TCGA_4_262_263_N_GenomeWideSNP_6_E08_1306176	12	125279750	132605822	3361	-0.0441
YOGIN_p_TCGA_4_262_263_N_GenomeWideSNP_6_E08_1306176	13	18874255	38899120	12690	-0.0242
YOGIN_p_TCGA_4_262_263_N_GenomeWideSNP_6_E08_1306176	13	38899778	51914407	7580	0.006
YOGIN_p_TCGA_4_262_263_N_GenomeWideSNP_6_E08_1306176	13	51914644	71449444	9594	-0.0615
YOGIN_p_TCGA_4_262_263_N_GenomeWideSNP_6_E08_1306176	13	71452465	77856879	4313	-0.0191
YOGIN_p_TCGA_4_262_263_N_GenomeWideSNP_6_E08_1306176	13	77862604	94283625	9862	-0.0692
YOGIN_p_TCGA_4_262_263_N_GenomeWideSNP_6_E08_1306176	13	94283865	102698362	5569	-0.0154
YOGIN_p_TCGA_4_262_263_N_GenomeWideSNP_6_E08_1306176	13	102698383	108016916	3655	-0.0553
YOGIN_p_TCGA_4_262_263_N_GenomeWideSNP_6_E08_1306176	13	108017507	114226675	3801	-0.0097
YOGIN_p_TCGA_4_262_263_N_GenomeWideSNP_6_E08_1306176	14	20033191	23837383	1442	0.0136
YOGIN_p_TCGA_4_262_263_N_GenomeWideSNP_6_E08_1306176	14	23838889	34569797	6560	-0.0268
YOGIN_p_TCGA_4_262_263_N_GenomeWideSNP_6_E08_1306176	14	34569888	36211414	755	0.031
YOGIN_p_TCGA_4_262_263_N_GenomeWideSNP_6_E08_1306176	14	36212413	49112047	6202	-0.051
YOGIN_p_TCGA_4_262_263_N_GenomeWideSNP_6_E08_1306176	14	49113602	59081216	6536	0.0017
YOGIN_p_TCGA_4_262_263_N_GenomeWideSNP_6_E08_1306176	14	59081551	59082062	2	-1.9533
YOGIN_p_TCGA_4_262_263_N_GenomeWideSNP_6_E08_1306176	14	59084496	79617952	12573	-0.0024
YOGIN_p_TCGA_4_262_263_N_GenomeWideSNP_6_E08_1306176	14	79617979	89407943	6074	-0.058
YOGIN_p_TCGA_4_262_263_N_GenomeWideSNP_6_E08_1306176	14	89408037	96573149	4779	0.0035
YOGIN_p_TCGA_4_262_263_N_GenomeWideSNP_6_E08_1306176	14	96573565	99084205	1873	-0.0509
YOGIN_p_TCGA_4_262_263_N_GenomeWideSNP_6_E08_1306176	14	99084258	105533894	3008	0.0094
YOGIN_p_TCGA_4_262_263_N_GenomeWideSNP_6_E08_1306176	15	23437561	26403845	1725	-0.0199
YOGIN_p_TCGA_4_262_263_N_GenomeWideSNP_6_E08_1306176	15	26406226	26674859	177	-0.8396
YOGIN_p_TCGA_4_262_263_N_GenomeWideSNP_6_E08_1306176	15	26675285	28300781	833	-0.0301
YOGIN_p_TCGA_4_262_263_N_GenomeWideSNP_6_E08_1306176	15	28315499	38071298	4267	-0.7923
YOGIN_p_TCGA_4_262_263_N_GenomeWideSNP_6_E08_1306176	15	38084840	38433168	222	-3.195
YOGIN_p_TCGA_4_262_263_N_GenomeWideSNP_6_E08_1306176	15	38433599	39363965	751	-0.8282
YOGIN_p_TCGA_4_262_263_N_GenomeWideSNP_6_E08_1306176	15	39370468	39378649	4	-2.8535
YOGIN_p_TCGA_4_262_263_N_GenomeWideSNP_6_E08_1306176	15	39382302	56711717	9911	-0.7742
YOGIN_p_TCGA_4_262_263_N_GenomeWideSNP_6_E08_1306176	15	56715356	56830444	45	0.0024
YOGIN_p_TCGA_4_262_263_N_GenomeWideSNP_6_E08_1306176	15	56831668	56856579	13	-0.8356
YOGIN_p_TCGA_4_262_263_N_GenomeWideSNP_6_E08_1306176	15	56861708	56909681	27	-8e-04
YOGIN_p_TCGA_4_262_263_N_GenomeWideSNP_6_E08_1306176	15	56913692	56946859	13	-0.7453
YOGIN_p_TCGA_4_262_263_N_GenomeWideSNP_6_E08_1306176	15	56949729	57042259	46	-0.0146
YOGIN_p_TCGA_4_262_263_N_GenomeWideSNP_6_E08_1306176	15	57044847	59814411	1824	-0.7874
YOGIN_p_TCGA_4_262_263_N_GenomeWideSNP_6_E08_1306176	15	59816580	66107212	4212	-4e-04
YOGIN_p_TCGA_4_262_263_N_GenomeWideSNP_6_E08_1306176	15	66116890	66201347	74	-0.7636
YOGIN_p_TCGA_4_262_263_N_GenomeWideSNP_6_E08_1306176	15	66202417	66257365	48	-0.0388
YOGIN_p_TCGA_4_262_263_N_GenomeWideSNP_6_E08_1306176	15	66260035	66362415	47	-0.6484
YOGIN_p_TCGA_4_262_263_N_GenomeWideSNP_6_E08_1306176	15	66364707	73879672	4612	0.0056
YOGIN_p_TCGA_4_262_263_N_GenomeWideSNP_6_E08_1306176	15	73879812	74063307	211	-0.6908
YOGIN_p_TCGA_4_262_263_N_GenomeWideSNP_6_E08_1306176	15	74102654	87080659	6982	0.0078
YOGIN_p_TCGA_4_262_263_N_GenomeWideSNP_6_E08_1306176	15	87084509	89381584	1416	-0.8336
YOGIN_p_TCGA_4_262_263_N_GenomeWideSNP_6_E08_1306176	15	89384329	89620108	147	-0.0053
YOGIN_p_TCGA_4_262_263_N_GenomeWideSNP_6_E08_1306176	15	89623151	92649118	2128	-0.7935
YOGIN_p_TCGA_4_262_263_N_GenomeWideSNP_6_E08_1306176	15	92649293	92649646	2	-4.6977
YOGIN_p_TCGA_4_262_263_N_GenomeWideSNP_6_E08_1306176	15	92649700	98133329	3311	-0.8118
YOGIN_p_TCGA_4_262_263_N_GenomeWideSNP_6_E08_1306176	15	98133854	98134976	2	-3.0321
YOGIN_p_TCGA_4_262_263_N_GenomeWideSNP_6_E08_1306176	15	98135295	101344124	1734	-0.8305
YOGIN_p_TCGA_4_262_263_N_GenomeWideSNP_6_E08_1306176	16	603333	5779550	2167	0.0147
YOGIN_p_TCGA_4_262_263_N_GenomeWideSNP_6_E08_1306176	16	5780104	5782327	2	-1.2348
YOGIN_p_TCGA_4_262_263_N_GenomeWideSNP_6_E08_1306176	16	5782945	6098144	243	-0.0142
YOGIN_p_TCGA_4_262_263_N_GenomeWideSNP_6_E08_1306176	16	6103717	6418240	186	-0.8147
YOGIN_p_TCGA_4_262_263_N_GenomeWideSNP_6_E08_1306176	16	6419279	25718047	8924	0.0112
YOGIN_p_TCGA_4_262_263_N_GenomeWideSNP_6_E08_1306176	16	25718330	52836242	6538	-0.0099
YOGIN_p_TCGA_4_262_263_N_GenomeWideSNP_6_E08_1306176	16	52836441	59165417	4342	0.0227
YOGIN_p_TCGA_4_262_263_N_GenomeWideSNP_6_E08_1306176	16	59170070	65988181	4491	-0.0505
YOGIN_p_TCGA_4_262_263_N_GenomeWideSNP_6_E08_1306176	16	65988639	70212517	1947	0.0307
YOGIN_p_TCGA_4_262_263_N_GenomeWideSNP_6_E08_1306176	16	70219918	70219938	2	-1.4131
YOGIN_p_TCGA_4_262_263_N_GenomeWideSNP_6_E08_1306176	16	70220039	75806731	2863	0.0121
YOGIN_p_TCGA_4_262_263_N_GenomeWideSNP_6_E08_1306176	16	75807596	80629207	4214	-0.0291
YOGIN_p_TCGA_4_262_263_N_GenomeWideSNP_6_E08_1306176	16	80629768	89317317	5356	0.0042
YOGIN_p_TCGA_4_262_263_N_GenomeWideSNP_6_E08_1306176	17	1074619	8129964	3399	0.0121
YOGIN_p_TCGA_4_262_263_N_GenomeWideSNP_6_E08_1306176	17	8132504	10879861	1722	-0.0278
YOGIN_p_TCGA_4_262_263_N_GenomeWideSNP_6_E08_1306176	17	10880373	51479558	15206	0.0201
YOGIN_p_TCGA_4_262_263_N_GenomeWideSNP_6_E08_1306176	17	51487144	55335233	2379	-0.0307
YOGIN_p_TCGA_4_262_263_N_GenomeWideSNP_6_E08_1306176	17	55337313	75851305	11688	0.0193
YOGIN_p_TCGA_4_262_263_N_GenomeWideSNP_6_E08_1306176	17	75851532	75851718	2	-2.404
YOGIN_p_TCGA_4_262_263_N_GenomeWideSNP_6_E08_1306176	17	75852941	82959812	2963	0.0042
YOGIN_p_TCGA_4_262_263_N_GenomeWideSNP_6_E08_1306176	18	326691	8081467	4120	-0.1011
YOGIN_p_TCGA_4_262_263_N_GenomeWideSNP_6_E08_1306176	18	8082633	12834630	3279	-0.0646
YOGIN_p_TCGA_4_262_263_N_GenomeWideSNP_6_E08_1306176	18	12837957	22647644	1636	-0.1075
YOGIN_p_TCGA_4_262_263_N_GenomeWideSNP_6_E08_1306176	18	22650352	22686843	33	-1.183
YOGIN_p_TCGA_4_262_263_N_GenomeWideSNP_6_E08_1306176	18	22692537	24857224	1364	-0.0678
YOGIN_p_TCGA_4_262_263_N_GenomeWideSNP_6_E08_1306176	18	24857589	34905020	6179	-0.1411
YOGIN_p_TCGA_4_262_263_N_GenomeWideSNP_6_E08_1306176	18	34907075	37163728	1411	-0.0881
YOGIN_p_TCGA_4_262_263_N_GenomeWideSNP_6_E08_1306176	18	37168970	43183901	3650	-0.1615
YOGIN_p_TCGA_4_262_263_N_GenomeWideSNP_6_E08_1306176	18	43184087	49922675	4258	-0.0986
YOGIN_p_TCGA_4_262_263_N_GenomeWideSNP_6_E08_1306176	18	49923031	57242513	4829	-0.1504
YOGIN_p_TCGA_4_262_263_N_GenomeWideSNP_6_E08_1306176	18	57243878	64606198	4822	-0.1012
YOGIN_p_TCGA_4_262_263_N_GenomeWideSNP_6_E08_1306176	18	64607085	66863456	1088	-0.166
YOGIN_p_TCGA_4_262_263_N_GenomeWideSNP_6_E08_1306176	18	66866438	66889089	13	-0.9367
YOGIN_p_TCGA_4_262_263_N_GenomeWideSNP_6_E08_1306176	18	66894993	79349796	6299	-0.1312
YOGIN_p_TCGA_4_262_263_N_GenomeWideSNP_6_E08_1306176	19	283868	21254354	7871	0.0141
YOGIN_p_TCGA_4_262_263_N_GenomeWideSNP_6_E08_1306176	19	21255811	33731888	5501	-0.0247
YOGIN_p_TCGA_4_262_263_N_GenomeWideSNP_6_E08_1306176	19	33733074	58370362	10876	0.0106
YOGIN_p_TCGA_4_262_263_N_GenomeWideSNP_6_E08_1306176	20	472817	14511869	8977	0.0172
YOGIN_p_TCGA_4_262_263_N_GenomeWideSNP_6_E08_1306176	20	14513154	31303398	8047	-0.0205
YOGIN_p_TCGA_4_262_263_N_GenomeWideSNP_6_E08_1306176	20	31308309	52211746	12738	0.0145
YOGIN_p_TCGA_4_262_263_N_GenomeWideSNP_6_E08_1306176	20	52211819	53145575	657	-0.051
YOGIN_p_TCGA_4_262_263_N_GenomeWideSNP_6_E08_1306176	20	53147176	59931696	4996	0.0089
YOGIN_p_TCGA_4_262_263_N_GenomeWideSNP_6_E08_1306176	20	59936107	61783213	1509	-0.0415
YOGIN_p_TCGA_4_262_263_N_GenomeWideSNP_6_E08_1306176	20	61789636	63588502	703	0.005
YOGIN_p_TCGA_4_262_263_N_GenomeWideSNP_6_E08_1306176	21	13974127	17106510	1935	-0.0525
YOGIN_p_TCGA_4_262_263_N_GenomeWideSNP_6_E08_1306176	21	17106641	18268159	714	0.0085
YOGIN_p_TCGA_4_262_263_N_GenomeWideSNP_6_E08_1306176	21	18268241	23836756	3280	-0.0627
YOGIN_p_TCGA_4_262_263_N_GenomeWideSNP_6_E08_1306176	21	23836840	23839051	6	0.7408
YOGIN_p_TCGA_4_262_263_N_GenomeWideSNP_6_E08_1306176	21	23844174	25252947	1068	-0.0625
YOGIN_p_TCGA_4_262_263_N_GenomeWideSNP_6_E08_1306176	21	25253628	25263965	18	-0.8164
YOGIN_p_TCGA_4_262_263_N_GenomeWideSNP_6_E08_1306176	21	25273614	28428141	2203	-0.0296
YOGIN_p_TCGA_4_262_263_N_GenomeWideSNP_6_E08_1306176	21	28431131	39901656	7737	0.0052
YOGIN_p_TCGA_4_262_263_N_GenomeWideSNP_6_E08_1306176	21	39901996	46262057	3837	-0.0227
YOGIN_p_TCGA_4_262_263_N_GenomeWideSNP_6_E08_1306176	22	16934932	17130221	127	-0.0288
YOGIN_p_TCGA_4_262_263_N_GenomeWideSNP_6_E08_1306176	22	17133121	47190611	15524	0.0247
YOGIN_p_TCGA_4_262_263_N_GenomeWideSNP_6_E08_1306176	22	47200118	48940621	1456	-0.0287
YOGIN_p_TCGA_4_262_263_N_GenomeWideSNP_6_E08_1306176	X	3236359	155677414	64292	0.0035
