Sample	Chromosome	Start	End	Num_Probes	Segment_Mean
RAZEE_p_TCGA_277_b2_N_GenomeWideSNP_6_B06_1320960	1	3301765	4202868	489	0.2096
RAZEE_p_TCGA_277_b2_N_GenomeWideSNP_6_B06_1320960	1	4203003	14454315	5666	0.2618
RAZEE_p_TCGA_277_b2_N_GenomeWideSNP_6_B06_1320960	1	14455488	14962880	416	0.3444
RAZEE_p_TCGA_277_b2_N_GenomeWideSNP_6_B06_1320960	1	14964785	25376293	5704	0.2664
RAZEE_p_TCGA_277_b2_N_GenomeWideSNP_6_B06_1320960	1	25380533	29281242	1535	0.4596
RAZEE_p_TCGA_277_b2_N_GenomeWideSNP_6_B06_1320960	1	29286841	31073471	1183	0.5309
RAZEE_p_TCGA_277_b2_N_GenomeWideSNP_6_B06_1320960	1	31082419	32143745	510	0.4726
RAZEE_p_TCGA_277_b2_N_GenomeWideSNP_6_B06_1320960	1	32151351	37825009	3059	0.3488
RAZEE_p_TCGA_277_b2_N_GenomeWideSNP_6_B06_1320960	1	37828964	37834568	2	-1.0196
RAZEE_p_TCGA_277_b2_N_GenomeWideSNP_6_B06_1320960	1	37837043	47526539	5140	0.3415
RAZEE_p_TCGA_277_b2_N_GenomeWideSNP_6_B06_1320960	1	47526588	49343731	1203	0.4219
RAZEE_p_TCGA_277_b2_N_GenomeWideSNP_6_B06_1320960	1	49347635	51560712	855	0.1568
RAZEE_p_TCGA_277_b2_N_GenomeWideSNP_6_B06_1320960	1	51563717	51568184	4	0.9403
RAZEE_p_TCGA_277_b2_N_GenomeWideSNP_6_B06_1320960	1	51569140	51604005	14	0.5402
RAZEE_p_TCGA_277_b2_N_GenomeWideSNP_6_B06_1320960	1	51604164	51618789	4	0.8803
RAZEE_p_TCGA_277_b2_N_GenomeWideSNP_6_B06_1320960	1	51625830	57043534	3549	0.1017
RAZEE_p_TCGA_277_b2_N_GenomeWideSNP_6_B06_1320960	1	57045848	65347794	6019	0.1675
RAZEE_p_TCGA_277_b2_N_GenomeWideSNP_6_B06_1320960	1	65350996	108347484	25638	0.1945
RAZEE_p_TCGA_277_b2_N_GenomeWideSNP_6_B06_1320960	1	108353751	115191842	4111	0.1269
RAZEE_p_TCGA_277_b2_N_GenomeWideSNP_6_B06_1320960	1	115191862	119984772	3027	0.1846
RAZEE_p_TCGA_277_b2_N_GenomeWideSNP_6_B06_1320960	1	149906351	151775494	706	0.0313
RAZEE_p_TCGA_277_b2_N_GenomeWideSNP_6_B06_1320960	1	151775949	152752411	534	0.1233
RAZEE_p_TCGA_277_b2_N_GenomeWideSNP_6_B06_1320960	1	152752479	153329051	425	0.0621
RAZEE_p_TCGA_277_b2_N_GenomeWideSNP_6_B06_1320960	1	153329274	156915699	1614	0.0069
RAZEE_p_TCGA_277_b2_N_GenomeWideSNP_6_B06_1320960	1	156915847	158150219	853	0.0874
RAZEE_p_TCGA_277_b2_N_GenomeWideSNP_6_B06_1320960	1	158151845	161840361	2170	0.3914
RAZEE_p_TCGA_277_b2_N_GenomeWideSNP_6_B06_1320960	1	161840458	170522358	6650	0.43
RAZEE_p_TCGA_277_b2_N_GenomeWideSNP_6_B06_1320960	1	170522638	173314005	1778	0.4706
RAZEE_p_TCGA_277_b2_N_GenomeWideSNP_6_B06_1320960	1	173314165	176571818	1570	0.4076
RAZEE_p_TCGA_277_b2_N_GenomeWideSNP_6_B06_1320960	1	176571989	178919350	1478	0.4654
RAZEE_p_TCGA_277_b2_N_GenomeWideSNP_6_B06_1320960	1	178921650	183847882	3402	0.4117
RAZEE_p_TCGA_277_b2_N_GenomeWideSNP_6_B06_1320960	1	183848155	197701528	8078	0.4737
RAZEE_p_TCGA_277_b2_N_GenomeWideSNP_6_B06_1320960	1	197701669	199851810	1307	0.4419
RAZEE_p_TCGA_277_b2_N_GenomeWideSNP_6_B06_1320960	1	199852973	201878660	1403	0.391
RAZEE_p_TCGA_277_b2_N_GenomeWideSNP_6_B06_1320960	1	201882930	202116635	129	0.0062
RAZEE_p_TCGA_277_b2_N_GenomeWideSNP_6_B06_1320960	1	202121513	206464459	2636	0.3687
RAZEE_p_TCGA_277_b2_N_GenomeWideSNP_6_B06_1320960	1	206468719	214605327	5754	0.1234
RAZEE_p_TCGA_277_b2_N_GenomeWideSNP_6_B06_1320960	1	214609510	219939858	3665	0.1837
RAZEE_p_TCGA_277_b2_N_GenomeWideSNP_6_B06_1320960	1	219944508	220695102	455	0.1367
RAZEE_p_TCGA_277_b2_N_GenomeWideSNP_6_B06_1320960	1	220695166	220705910	2	-1.3696
RAZEE_p_TCGA_277_b2_N_GenomeWideSNP_6_B06_1320960	1	220706275	221176596	304	0.1029
RAZEE_p_TCGA_277_b2_N_GenomeWideSNP_6_B06_1320960	1	221176729	223135978	1206	0.1623
RAZEE_p_TCGA_277_b2_N_GenomeWideSNP_6_B06_1320960	1	223136191	228014100	2815	0.0998
RAZEE_p_TCGA_277_b2_N_GenomeWideSNP_6_B06_1320960	1	228014306	247649129	12686	-0.2498
RAZEE_p_TCGA_277_b2_N_GenomeWideSNP_6_B06_1320960	1	247650404	247650984	2	0.3064
RAZEE_p_TCGA_277_b2_N_GenomeWideSNP_6_B06_1320960	2	480597	139812246	73138	-0.2133
RAZEE_p_TCGA_277_b2_N_GenomeWideSNP_6_B06_1320960	2	139817599	162143686	13004	-0.1725
RAZEE_p_TCGA_277_b2_N_GenomeWideSNP_6_B06_1320960	2	162144097	168089479	3367	-0.1297
RAZEE_p_TCGA_277_b2_N_GenomeWideSNP_6_B06_1320960	2	168090066	217777466	28123	-0.1757
RAZEE_p_TCGA_277_b2_N_GenomeWideSNP_6_B06_1320960	2	217799224	219610353	895	-0.2766
RAZEE_p_TCGA_277_b2_N_GenomeWideSNP_6_B06_1320960	2	219610862	220684976	762	-0.1813
RAZEE_p_TCGA_277_b2_N_GenomeWideSNP_6_B06_1320960	2	220685416	220688622	3	-1.396
RAZEE_p_TCGA_277_b2_N_GenomeWideSNP_6_B06_1320960	2	220688690	229626728	5844	-0.1682
RAZEE_p_TCGA_277_b2_N_GenomeWideSNP_6_B06_1320960	2	229626830	230393900	297	-0.2683
RAZEE_p_TCGA_277_b2_N_GenomeWideSNP_6_B06_1320960	2	230400636	230401563	2	0.9455
RAZEE_p_TCGA_277_b2_N_GenomeWideSNP_6_B06_1320960	2	230402928	233608436	1572	-0.2731
RAZEE_p_TCGA_277_b2_N_GenomeWideSNP_6_B06_1320960	2	233608749	238827723	3543	-0.2236
RAZEE_p_TCGA_277_b2_N_GenomeWideSNP_6_B06_1320960	2	238827866	241537572	1406	-0.3145
RAZEE_p_TCGA_277_b2_N_GenomeWideSNP_6_B06_1320960	3	2170634	9213772	4171	0.1849
RAZEE_p_TCGA_277_b2_N_GenomeWideSNP_6_B06_1320960	3	9214502	15702337	4137	0.1034
RAZEE_p_TCGA_277_b2_N_GenomeWideSNP_6_B06_1320960	3	15702659	15892937	105	0.4828
RAZEE_p_TCGA_277_b2_N_GenomeWideSNP_6_B06_1320960	3	15893688	20414115	2551	0.1688
RAZEE_p_TCGA_277_b2_N_GenomeWideSNP_6_B06_1320960	3	20414390	31404017	6637	0.2014
RAZEE_p_TCGA_277_b2_N_GenomeWideSNP_6_B06_1320960	3	31404088	42489604	6659	0.1676
RAZEE_p_TCGA_277_b2_N_GenomeWideSNP_6_B06_1320960	3	42497022	58461572	8535	0.1123
RAZEE_p_TCGA_277_b2_N_GenomeWideSNP_6_B06_1320960	3	58463634	66507612	5016	0.2184
RAZEE_p_TCGA_277_b2_N_GenomeWideSNP_6_B06_1320960	3	66507794	69526229	2070	0.164
RAZEE_p_TCGA_277_b2_N_GenomeWideSNP_6_B06_1320960	3	69528730	71072502	1104	0.2389
RAZEE_p_TCGA_277_b2_N_GenomeWideSNP_6_B06_1320960	3	71076259	73173721	1457	0.1244
RAZEE_p_TCGA_277_b2_N_GenomeWideSNP_6_B06_1320960	3	73174150	121320550	24209	0.1999
RAZEE_p_TCGA_277_b2_N_GenomeWideSNP_6_B06_1320960	3	121321302	124764242	2040	0.1499
RAZEE_p_TCGA_277_b2_N_GenomeWideSNP_6_B06_1320960	3	124767432	128710537	2280	0.1144
RAZEE_p_TCGA_277_b2_N_GenomeWideSNP_6_B06_1320960	3	128711771	128712082	3	-1.0845
RAZEE_p_TCGA_277_b2_N_GenomeWideSNP_6_B06_1320960	3	128714553	129647593	412	0.0709
RAZEE_p_TCGA_277_b2_N_GenomeWideSNP_6_B06_1320960	3	129651589	138829095	5134	0.1638
RAZEE_p_TCGA_277_b2_N_GenomeWideSNP_6_B06_1320960	3	138846547	138900718	35	0.4905
RAZEE_p_TCGA_277_b2_N_GenomeWideSNP_6_B06_1320960	3	138900731	143469691	2467	0.1654
RAZEE_p_TCGA_277_b2_N_GenomeWideSNP_6_B06_1320960	3	143469714	146570627	1786	0.2067
RAZEE_p_TCGA_277_b2_N_GenomeWideSNP_6_B06_1320960	3	146570803	171595444	12893	0.5021
RAZEE_p_TCGA_277_b2_N_GenomeWideSNP_6_B06_1320960	3	171595565	173265979	848	0.1818
RAZEE_p_TCGA_277_b2_N_GenomeWideSNP_6_B06_1320960	3	173265992	174704760	642	0.2516
RAZEE_p_TCGA_277_b2_N_GenomeWideSNP_6_B06_1320960	3	174705052	176257100	576	0.1987
RAZEE_p_TCGA_277_b2_N_GenomeWideSNP_6_B06_1320960	3	176260196	176260629	2	-0.8838
RAZEE_p_TCGA_277_b2_N_GenomeWideSNP_6_B06_1320960	3	176269961	182954803	3637	0.1972
RAZEE_p_TCGA_277_b2_N_GenomeWideSNP_6_B06_1320960	3	182955408	189708617	3835	0.1406
RAZEE_p_TCGA_277_b2_N_GenomeWideSNP_6_B06_1320960	3	189708883	194373381	2871	0.194
RAZEE_p_TCGA_277_b2_N_GenomeWideSNP_6_B06_1320960	3	194373971	196019900	563	0.1232
RAZEE_p_TCGA_277_b2_N_GenomeWideSNP_6_B06_1320960	3	196019942	196034367	10	0.343
RAZEE_p_TCGA_277_b2_N_GenomeWideSNP_6_B06_1320960	3	196035395	196105779	29	0.6655
RAZEE_p_TCGA_277_b2_N_GenomeWideSNP_6_B06_1320960	3	196108648	197812401	403	0.3585
RAZEE_p_TCGA_277_b2_N_GenomeWideSNP_6_B06_1320960	4	1059384	2180555	379	0.6216
RAZEE_p_TCGA_277_b2_N_GenomeWideSNP_6_B06_1320960	4	2193362	3263983	499	0.3497
RAZEE_p_TCGA_277_b2_N_GenomeWideSNP_6_B06_1320960	4	3264518	3452577	105	0.6651
RAZEE_p_TCGA_277_b2_N_GenomeWideSNP_6_B06_1320960	4	3452727	6144633	1709	0.4377
RAZEE_p_TCGA_277_b2_N_GenomeWideSNP_6_B06_1320960	4	6146596	6168020	12	0.6336
RAZEE_p_TCGA_277_b2_N_GenomeWideSNP_6_B06_1320960	4	6168705	7077256	596	0.855
RAZEE_p_TCGA_277_b2_N_GenomeWideSNP_6_B06_1320960	4	7077307	10259563	1516	0.0753
RAZEE_p_TCGA_277_b2_N_GenomeWideSNP_6_B06_1320960	4	10259937	15046764	3637	0.1878
RAZEE_p_TCGA_277_b2_N_GenomeWideSNP_6_B06_1320960	4	15047133	17960312	2097	0.1505
RAZEE_p_TCGA_277_b2_N_GenomeWideSNP_6_B06_1320960	4	17961074	25177286	4665	0.1978
RAZEE_p_TCGA_277_b2_N_GenomeWideSNP_6_B06_1320960	4	25177663	26882763	1025	0.1208
RAZEE_p_TCGA_277_b2_N_GenomeWideSNP_6_B06_1320960	4	26882786	29926124	1988	0.1852
RAZEE_p_TCGA_277_b2_N_GenomeWideSNP_6_B06_1320960	4	29927153	29929203	3	-1.1169
RAZEE_p_TCGA_277_b2_N_GenomeWideSNP_6_B06_1320960	4	29935642	38430013	5153	0.1909
RAZEE_p_TCGA_277_b2_N_GenomeWideSNP_6_B06_1320960	4	38433196	40927281	1264	0.1049
RAZEE_p_TCGA_277_b2_N_GenomeWideSNP_6_B06_1320960	4	40928882	54227808	5125	0.1822
RAZEE_p_TCGA_277_b2_N_GenomeWideSNP_6_B06_1320960	4	54236287	54353318	181	0.098
RAZEE_p_TCGA_277_b2_N_GenomeWideSNP_6_B06_1320960	4	54355243	56300193	1349	0.2208
RAZEE_p_TCGA_277_b2_N_GenomeWideSNP_6_B06_1320960	4	56300630	56935593	345	0.1234
RAZEE_p_TCGA_277_b2_N_GenomeWideSNP_6_B06_1320960	4	56939140	77066198	10799	0.2198
RAZEE_p_TCGA_277_b2_N_GenomeWideSNP_6_B06_1320960	4	77066644	77956824	572	0.1486
RAZEE_p_TCGA_277_b2_N_GenomeWideSNP_6_B06_1320960	4	77958307	79072668	761	0.227
RAZEE_p_TCGA_277_b2_N_GenomeWideSNP_6_B06_1320960	4	79072883	79079627	2	-1.8148
RAZEE_p_TCGA_277_b2_N_GenomeWideSNP_6_B06_1320960	4	79080556	82141288	1760	0.2261
RAZEE_p_TCGA_277_b2_N_GenomeWideSNP_6_B06_1320960	4	82144759	83706354	882	0.1656
RAZEE_p_TCGA_277_b2_N_GenomeWideSNP_6_B06_1320960	4	83707788	86789190	1871	0.2422
RAZEE_p_TCGA_277_b2_N_GenomeWideSNP_6_B06_1320960	4	86796098	86898040	57	0.532
RAZEE_p_TCGA_277_b2_N_GenomeWideSNP_6_B06_1320960	4	86900647	87151351	164	0.1607
RAZEE_p_TCGA_277_b2_N_GenomeWideSNP_6_B06_1320960	4	87155311	87157486	3	-0.9179
RAZEE_p_TCGA_277_b2_N_GenomeWideSNP_6_B06_1320960	4	87166288	87328584	90	0.1811
RAZEE_p_TCGA_277_b2_N_GenomeWideSNP_6_B06_1320960	4	87329051	115393006	15839	-0.1621
RAZEE_p_TCGA_277_b2_N_GenomeWideSNP_6_B06_1320960	4	115394929	115477611	56	-0.7115
RAZEE_p_TCGA_277_b2_N_GenomeWideSNP_6_B06_1320960	4	115478666	138824775	12257	-0.1541
RAZEE_p_TCGA_277_b2_N_GenomeWideSNP_6_B06_1320960	4	138832214	140840499	1293	-0.2162
RAZEE_p_TCGA_277_b2_N_GenomeWideSNP_6_B06_1320960	4	140841957	150937457	5514	-0.174
RAZEE_p_TCGA_277_b2_N_GenomeWideSNP_6_B06_1320960	4	150939784	153851201	1637	-0.2164
RAZEE_p_TCGA_277_b2_N_GenomeWideSNP_6_B06_1320960	4	153851622	181191192	15011	-0.1633
RAZEE_p_TCGA_277_b2_N_GenomeWideSNP_6_B06_1320960	4	181192278	181238603	37	-0.823
RAZEE_p_TCGA_277_b2_N_GenomeWideSNP_6_B06_1320960	4	181242754	187842528	3170	-0.1816
RAZEE_p_TCGA_277_b2_N_GenomeWideSNP_6_B06_1320960	5	913983	3422886	1454	0.3342
RAZEE_p_TCGA_277_b2_N_GenomeWideSNP_6_B06_1320960	5	3428553	7381790	3216	0.4055
RAZEE_p_TCGA_277_b2_N_GenomeWideSNP_6_B06_1320960	5	7382290	9672327	1731	0.4721
RAZEE_p_TCGA_277_b2_N_GenomeWideSNP_6_B06_1320960	5	9673019	50829022	19730	0.4186
RAZEE_p_TCGA_277_b2_N_GenomeWideSNP_6_B06_1320960	5	50837510	51145904	201	0.115
RAZEE_p_TCGA_277_b2_N_GenomeWideSNP_6_B06_1320960	5	51146683	57321750	3837	0.1593
RAZEE_p_TCGA_277_b2_N_GenomeWideSNP_6_B06_1320960	5	57321937	59219655	1355	0.2335
RAZEE_p_TCGA_277_b2_N_GenomeWideSNP_6_B06_1320960	5	59224224	61130270	1025	0.1808
RAZEE_p_TCGA_277_b2_N_GenomeWideSNP_6_B06_1320960	5	61130433	64586577	1650	0.1347
RAZEE_p_TCGA_277_b2_N_GenomeWideSNP_6_B06_1320960	5	64586692	74273585	4998	0.1719
RAZEE_p_TCGA_277_b2_N_GenomeWideSNP_6_B06_1320960	5	74275384	82475623	4803	0.1438
RAZEE_p_TCGA_277_b2_N_GenomeWideSNP_6_B06_1320960	5	82478096	115420758	17409	0.185
RAZEE_p_TCGA_277_b2_N_GenomeWideSNP_6_B06_1320960	5	115420940	115421165	5	-0.8643
RAZEE_p_TCGA_277_b2_N_GenomeWideSNP_6_B06_1320960	5	115423381	120125101	2790	0.1981
RAZEE_p_TCGA_277_b2_N_GenomeWideSNP_6_B06_1320960	5	120125494	120127129	2	-1.2947
RAZEE_p_TCGA_277_b2_N_GenomeWideSNP_6_B06_1320960	5	120137291	128056300	4604	0.1865
RAZEE_p_TCGA_277_b2_N_GenomeWideSNP_6_B06_1320960	5	128062217	128188345	51	0.4247
RAZEE_p_TCGA_277_b2_N_GenomeWideSNP_6_B06_1320960	5	128191286	131062866	1578	0.191
RAZEE_p_TCGA_277_b2_N_GenomeWideSNP_6_B06_1320960	5	131063482	136740153	3501	0.1218
RAZEE_p_TCGA_277_b2_N_GenomeWideSNP_6_B06_1320960	5	136740416	136746133	4	-1.0994
RAZEE_p_TCGA_277_b2_N_GenomeWideSNP_6_B06_1320960	5	136746990	144905350	4542	0.1236
RAZEE_p_TCGA_277_b2_N_GenomeWideSNP_6_B06_1320960	5	144905859	148595045	2357	0.1771
RAZEE_p_TCGA_277_b2_N_GenomeWideSNP_6_B06_1320960	5	148597537	149701108	789	0.1402
RAZEE_p_TCGA_277_b2_N_GenomeWideSNP_6_B06_1320960	5	149702194	151299566	1034	0.0919
RAZEE_p_TCGA_277_b2_N_GenomeWideSNP_6_B06_1320960	5	151300722	158416434	4742	0.1432
RAZEE_p_TCGA_277_b2_N_GenomeWideSNP_6_B06_1320960	5	158418715	167669998	5835	0.1611
RAZEE_p_TCGA_277_b2_N_GenomeWideSNP_6_B06_1320960	5	167670303	167697158	25	0.0814
RAZEE_p_TCGA_277_b2_N_GenomeWideSNP_6_B06_1320960	5	167699666	167732338	40	-0.8516
RAZEE_p_TCGA_277_b2_N_GenomeWideSNP_6_B06_1320960	5	167734022	168004643	209	0.1265
RAZEE_p_TCGA_277_b2_N_GenomeWideSNP_6_B06_1320960	5	168005016	168007676	3	-1.2259
RAZEE_p_TCGA_277_b2_N_GenomeWideSNP_6_B06_1320960	5	168008497	175921839	5514	0.1043
RAZEE_p_TCGA_277_b2_N_GenomeWideSNP_6_B06_1320960	5	175922077	180934240	2058	0.0382
RAZEE_p_TCGA_277_b2_N_GenomeWideSNP_6_B06_1320960	6	1011760	4640425	2568	0.4722
RAZEE_p_TCGA_277_b2_N_GenomeWideSNP_6_B06_1320960	6	4644108	4652205	7	1.146
RAZEE_p_TCGA_277_b2_N_GenomeWideSNP_6_B06_1320960	6	4652588	5008680	280	0.5039
RAZEE_p_TCGA_277_b2_N_GenomeWideSNP_6_B06_1320960	6	5012652	7509733	1906	0.4309
RAZEE_p_TCGA_277_b2_N_GenomeWideSNP_6_B06_1320960	6	7510037	8554299	838	0.4985
RAZEE_p_TCGA_277_b2_N_GenomeWideSNP_6_B06_1320960	6	8554436	10466868	1314	0.5467
RAZEE_p_TCGA_277_b2_N_GenomeWideSNP_6_B06_1320960	6	10467200	14741860	3062	0.4661
RAZEE_p_TCGA_277_b2_N_GenomeWideSNP_6_B06_1320960	6	14742158	15339928	337	0.3682
RAZEE_p_TCGA_277_b2_N_GenomeWideSNP_6_B06_1320960	6	15340240	18224670	1803	0.4639
RAZEE_p_TCGA_277_b2_N_GenomeWideSNP_6_B06_1320960	6	18224729	18234304	15	0.1154
RAZEE_p_TCGA_277_b2_N_GenomeWideSNP_6_B06_1320960	6	18237430	18260630	50	0.3837
RAZEE_p_TCGA_277_b2_N_GenomeWideSNP_6_B06_1320960	6	18260701	18263021	13	0.1061
RAZEE_p_TCGA_277_b2_N_GenomeWideSNP_6_B06_1320960	6	18263168	18379195	59	0.4753
RAZEE_p_TCGA_277_b2_N_GenomeWideSNP_6_B06_1320960	6	18379707	24278602	4259	0.5127
RAZEE_p_TCGA_277_b2_N_GenomeWideSNP_6_B06_1320960	6	24278641	25928148	984	0.4509
RAZEE_p_TCGA_277_b2_N_GenomeWideSNP_6_B06_1320960	6	25928547	27899678	645	0.3786
RAZEE_p_TCGA_277_b2_N_GenomeWideSNP_6_B06_1320960	6	27902227	29550695	657	0.4762
RAZEE_p_TCGA_277_b2_N_GenomeWideSNP_6_B06_1320960	6	29550888	31086734	511	0.4268
RAZEE_p_TCGA_277_b2_N_GenomeWideSNP_6_B06_1320960	6	31090401	37228068	2406	0.3744
RAZEE_p_TCGA_277_b2_N_GenomeWideSNP_6_B06_1320960	6	37238576	38769138	1029	0.4296
RAZEE_p_TCGA_277_b2_N_GenomeWideSNP_6_B06_1320960	6	38770972	40423825	1242	0.4754
RAZEE_p_TCGA_277_b2_N_GenomeWideSNP_6_B06_1320960	6	40424260	42172087	1222	0.4023
RAZEE_p_TCGA_277_b2_N_GenomeWideSNP_6_B06_1320960	6	42172138	44398325	1167	0.0914
RAZEE_p_TCGA_277_b2_N_GenomeWideSNP_6_B06_1320960	6	44400800	46322704	1082	0.1919
RAZEE_p_TCGA_277_b2_N_GenomeWideSNP_6_B06_1320960	6	46323148	48844267	1586	0.2463
RAZEE_p_TCGA_277_b2_N_GenomeWideSNP_6_B06_1320960	6	48848890	49711884	408	0.1727
RAZEE_p_TCGA_277_b2_N_GenomeWideSNP_6_B06_1320960	6	49714120	49811333	62	0.4402
RAZEE_p_TCGA_277_b2_N_GenomeWideSNP_6_B06_1320960	6	49817857	51234458	743	0.2125
RAZEE_p_TCGA_277_b2_N_GenomeWideSNP_6_B06_1320960	6	51238385	53692338	1697	-0.207
RAZEE_p_TCGA_277_b2_N_GenomeWideSNP_6_B06_1320960	6	53693286	57321116	2189	-0.143
RAZEE_p_TCGA_277_b2_N_GenomeWideSNP_6_B06_1320960	6	57321240	64363610	1320	-0.2088
RAZEE_p_TCGA_277_b2_N_GenomeWideSNP_6_B06_1320960	6	64363790	65272762	455	-0.7373
RAZEE_p_TCGA_277_b2_N_GenomeWideSNP_6_B06_1320960	6	65275332	65275601	2	-3.9885
RAZEE_p_TCGA_277_b2_N_GenomeWideSNP_6_B06_1320960	6	65276138	71794763	3786	-0.7245
RAZEE_p_TCGA_277_b2_N_GenomeWideSNP_6_B06_1320960	6	71803358	71808414	7	-1.9793
RAZEE_p_TCGA_277_b2_N_GenomeWideSNP_6_B06_1320960	6	71808941	72141484	223	-0.7283
RAZEE_p_TCGA_277_b2_N_GenomeWideSNP_6_B06_1320960	6	72144075	72147841	5	-2.8725
RAZEE_p_TCGA_277_b2_N_GenomeWideSNP_6_B06_1320960	6	72150564	74757249	1567	-0.7241
RAZEE_p_TCGA_277_b2_N_GenomeWideSNP_6_B06_1320960	6	74760037	74760200	2	-3.2111
RAZEE_p_TCGA_277_b2_N_GenomeWideSNP_6_B06_1320960	6	74760707	87438084	6942	-0.735
RAZEE_p_TCGA_277_b2_N_GenomeWideSNP_6_B06_1320960	6	87443373	87443975	2	-2.9106
RAZEE_p_TCGA_277_b2_N_GenomeWideSNP_6_B06_1320960	6	87444323	92778335	3269	-0.7642
RAZEE_p_TCGA_277_b2_N_GenomeWideSNP_6_B06_1320960	6	92778859	92780199	3	-2.2909
RAZEE_p_TCGA_277_b2_N_GenomeWideSNP_6_B06_1320960	6	92780237	105008743	6212	-0.732
RAZEE_p_TCGA_277_b2_N_GenomeWideSNP_6_B06_1320960	6	105010600	111892584	4188	-0.8034
RAZEE_p_TCGA_277_b2_N_GenomeWideSNP_6_B06_1320960	6	111892827	143244523	18304	-0.7369
RAZEE_p_TCGA_277_b2_N_GenomeWideSNP_6_B06_1320960	6	143247938	143270285	15	-1.6338
RAZEE_p_TCGA_277_b2_N_GenomeWideSNP_6_B06_1320960	6	143270961	152634820	6320	-0.7591
RAZEE_p_TCGA_277_b2_N_GenomeWideSNP_6_B06_1320960	6	152640072	155776031	2140	-0.1802
RAZEE_p_TCGA_277_b2_N_GenomeWideSNP_6_B06_1320960	6	155776772	155778337	3	-1.4151
RAZEE_p_TCGA_277_b2_N_GenomeWideSNP_6_B06_1320960	6	155781453	164245350	5186	-0.2184
RAZEE_p_TCGA_277_b2_N_GenomeWideSNP_6_B06_1320960	6	164245992	166093621	1190	-0.1417
RAZEE_p_TCGA_277_b2_N_GenomeWideSNP_6_B06_1320960	6	166093976	167002136	691	-0.2285
RAZEE_p_TCGA_277_b2_N_GenomeWideSNP_6_B06_1320960	6	167014257	170596889	908	-0.8207
RAZEE_p_TCGA_277_b2_N_GenomeWideSNP_6_B06_1320960	7	664936	6739639	2311	0.0641
RAZEE_p_TCGA_277_b2_N_GenomeWideSNP_6_B06_1320960	7	6758397	20104875	7254	0.2162
RAZEE_p_TCGA_277_b2_N_GenomeWideSNP_6_B06_1320960	7	20105339	20161772	41	0.552
RAZEE_p_TCGA_277_b2_N_GenomeWideSNP_6_B06_1320960	7	20162263	20309281	92	0.2667
RAZEE_p_TCGA_277_b2_N_GenomeWideSNP_6_B06_1320960	7	20309332	21189124	656	0.5328
RAZEE_p_TCGA_277_b2_N_GenomeWideSNP_6_B06_1320960	7	21189254	23891540	1882	0.4594
RAZEE_p_TCGA_277_b2_N_GenomeWideSNP_6_B06_1320960	7	23893129	28065884	2965	0.1714
RAZEE_p_TCGA_277_b2_N_GenomeWideSNP_6_B06_1320960	7	28067088	35453993	4585	0.4754
RAZEE_p_TCGA_277_b2_N_GenomeWideSNP_6_B06_1320960	7	35454027	37955201	1912	0.4229
RAZEE_p_TCGA_277_b2_N_GenomeWideSNP_6_B06_1320960	7	37958605	43608012	3302	0.4761
RAZEE_p_TCGA_277_b2_N_GenomeWideSNP_6_B06_1320960	7	43611556	45869395	1145	0.3914
RAZEE_p_TCGA_277_b2_N_GenomeWideSNP_6_B06_1320960	7	45871442	47269083	1115	0.5305
RAZEE_p_TCGA_277_b2_N_GenomeWideSNP_6_B06_1320960	7	47270593	48130036	597	0.461
RAZEE_p_TCGA_277_b2_N_GenomeWideSNP_6_B06_1320960	7	48131079	49325095	794	0.5169
RAZEE_p_TCGA_277_b2_N_GenomeWideSNP_6_B06_1320960	7	49325506	49326136	3	1.4678
RAZEE_p_TCGA_277_b2_N_GenomeWideSNP_6_B06_1320960	7	49327079	49466652	95	0.4998
RAZEE_p_TCGA_277_b2_N_GenomeWideSNP_6_B06_1320960	7	49469789	51957080	1809	0.4576
RAZEE_p_TCGA_277_b2_N_GenomeWideSNP_6_B06_1320960	7	51958339	52006792	42	-0.2196
RAZEE_p_TCGA_277_b2_N_GenomeWideSNP_6_B06_1320960	7	52010307	54159385	1437	0.4601
RAZEE_p_TCGA_277_b2_N_GenomeWideSNP_6_B06_1320960	7	54159607	54159924	2	-0.8167
RAZEE_p_TCGA_277_b2_N_GenomeWideSNP_6_B06_1320960	7	54159998	54695371	324	0.4569
RAZEE_p_TCGA_277_b2_N_GenomeWideSNP_6_B06_1320960	7	54695554	69579309	3647	0.3977
RAZEE_p_TCGA_277_b2_N_GenomeWideSNP_6_B06_1320960	7	69579632	70711927	672	0.4493
RAZEE_p_TCGA_277_b2_N_GenomeWideSNP_6_B06_1320960	7	70713512	71239640	292	0.6734
RAZEE_p_TCGA_277_b2_N_GenomeWideSNP_6_B06_1320960	7	71240411	72928938	767	0.4177
RAZEE_p_TCGA_277_b2_N_GenomeWideSNP_6_B06_1320960	7	72928992	74840595	509	0.5602
RAZEE_p_TCGA_277_b2_N_GenomeWideSNP_6_B06_1320960	7	74843306	77820792	817	0.3838
RAZEE_p_TCGA_277_b2_N_GenomeWideSNP_6_B06_1320960	7	77821353	86070465	5104	0.5378
RAZEE_p_TCGA_277_b2_N_GenomeWideSNP_6_B06_1320960	7	86071939	92919684	2993	0.4957
RAZEE_p_TCGA_277_b2_N_GenomeWideSNP_6_B06_1320960	7	92927454	97705724	2840	0.5317
RAZEE_p_TCGA_277_b2_N_GenomeWideSNP_6_B06_1320960	7	97706221	102867661	1889	0.3643
RAZEE_p_TCGA_277_b2_N_GenomeWideSNP_6_B06_1320960	7	102869567	104820300	1223	0.5096
RAZEE_p_TCGA_277_b2_N_GenomeWideSNP_6_B06_1320960	7	104820783	107247110	1464	0.4447
RAZEE_p_TCGA_277_b2_N_GenomeWideSNP_6_B06_1320960	7	107248096	117680075	5431	0.5199
RAZEE_p_TCGA_277_b2_N_GenomeWideSNP_6_B06_1320960	7	117683586	117902853	117	0.8085
RAZEE_p_TCGA_277_b2_N_GenomeWideSNP_6_B06_1320960	7	117905071	127367931	5139	0.5348
RAZEE_p_TCGA_277_b2_N_GenomeWideSNP_6_B06_1320960	7	127368376	132305269	2536	0.4366
RAZEE_p_TCGA_277_b2_N_GenomeWideSNP_6_B06_1320960	7	132307600	137830756	3543	0.4977
RAZEE_p_TCGA_277_b2_N_GenomeWideSNP_6_B06_1320960	7	137830867	144955640	3388	0.4201
RAZEE_p_TCGA_277_b2_N_GenomeWideSNP_6_B06_1320960	7	144955696	148840805	2377	0.4648
RAZEE_p_TCGA_277_b2_N_GenomeWideSNP_6_B06_1320960	7	148841333	151054979	913	0.3984
RAZEE_p_TCGA_277_b2_N_GenomeWideSNP_6_B06_1320960	7	151055521	151078570	5	-0.2956
RAZEE_p_TCGA_277_b2_N_GenomeWideSNP_6_B06_1320960	7	151080113	158511954	3941	0.4318
RAZEE_p_TCGA_277_b2_N_GenomeWideSNP_6_B06_1320960	7	158512270	158592540	25	0.3507
RAZEE_p_TCGA_277_b2_N_GenomeWideSNP_6_B06_1320960	8	667625	1463595	295	-0.087
RAZEE_p_TCGA_277_b2_N_GenomeWideSNP_6_B06_1320960	8	1466055	1758509	233	0.2083
RAZEE_p_TCGA_277_b2_N_GenomeWideSNP_6_B06_1320960	8	1762772	1880798	55	-0.1082
RAZEE_p_TCGA_277_b2_N_GenomeWideSNP_6_B06_1320960	8	1881078	1936898	55	0.2864
RAZEE_p_TCGA_277_b2_N_GenomeWideSNP_6_B06_1320960	8	1937876	1983520	29	-0.1246
RAZEE_p_TCGA_277_b2_N_GenomeWideSNP_6_B06_1320960	8	1987070	2051447	44	0.2869
RAZEE_p_TCGA_277_b2_N_GenomeWideSNP_6_B06_1320960	8	2074299	13050462	4815	-0.0503
RAZEE_p_TCGA_277_b2_N_GenomeWideSNP_6_B06_1320960	8	13050565	19370422	4810	-0.0058
RAZEE_p_TCGA_277_b2_N_GenomeWideSNP_6_B06_1320960	8	19370686	21014325	1363	-0.0368
RAZEE_p_TCGA_277_b2_N_GenomeWideSNP_6_B06_1320960	8	21015100	23608232	1576	-0.0812
RAZEE_p_TCGA_277_b2_N_GenomeWideSNP_6_B06_1320960	8	23610143	24981148	921	-0.0024
RAZEE_p_TCGA_277_b2_N_GenomeWideSNP_6_B06_1320960	8	24982556	32079620	4778	-0.0588
RAZEE_p_TCGA_277_b2_N_GenomeWideSNP_6_B06_1320960	8	32080387	32080659	3	-1.1262
RAZEE_p_TCGA_277_b2_N_GenomeWideSNP_6_B06_1320960	8	32083111	34872413	1721	-0.0372
RAZEE_p_TCGA_277_b2_N_GenomeWideSNP_6_B06_1320960	8	34872500	34872527	2	-1.7918
RAZEE_p_TCGA_277_b2_N_GenomeWideSNP_6_B06_1320960	8	34872919	42770749	4248	-0.0613
RAZEE_p_TCGA_277_b2_N_GenomeWideSNP_6_B06_1320960	8	42773270	56401370	5378	-0.0144
RAZEE_p_TCGA_277_b2_N_GenomeWideSNP_6_B06_1320960	8	56402425	62835054	4180	0.0209
RAZEE_p_TCGA_277_b2_N_GenomeWideSNP_6_B06_1320960	8	62836076	70042441	4009	-0.0107
RAZEE_p_TCGA_277_b2_N_GenomeWideSNP_6_B06_1320960	8	70042470	70042485	2	-1.3168
RAZEE_p_TCGA_277_b2_N_GenomeWideSNP_6_B06_1320960	8	70042599	74458957	2804	-0.002
RAZEE_p_TCGA_277_b2_N_GenomeWideSNP_6_B06_1320960	8	74460075	94493182	10895	0.0272
RAZEE_p_TCGA_277_b2_N_GenomeWideSNP_6_B06_1320960	8	94496219	95392657	555	-0.0548
RAZEE_p_TCGA_277_b2_N_GenomeWideSNP_6_B06_1320960	8	95393360	102676374	4323	0.0202
RAZEE_p_TCGA_277_b2_N_GenomeWideSNP_6_B06_1320960	8	102679240	102830628	88	0.251
RAZEE_p_TCGA_277_b2_N_GenomeWideSNP_6_B06_1320960	8	102831083	108259950	2967	0.0589
RAZEE_p_TCGA_277_b2_N_GenomeWideSNP_6_B06_1320960	8	108266486	108270220	3	-1.1324
RAZEE_p_TCGA_277_b2_N_GenomeWideSNP_6_B06_1320960	8	108277045	122680653	8423	0.0415
RAZEE_p_TCGA_277_b2_N_GenomeWideSNP_6_B06_1320960	8	122681234	132844987	7025	0.0093
RAZEE_p_TCGA_277_b2_N_GenomeWideSNP_6_B06_1320960	8	132847088	133064519	206	0.2961
RAZEE_p_TCGA_277_b2_N_GenomeWideSNP_6_B06_1320960	8	133065894	133635788	524	-0.064
RAZEE_p_TCGA_277_b2_N_GenomeWideSNP_6_B06_1320960	8	133638908	140260331	5028	0.0328
RAZEE_p_TCGA_277_b2_N_GenomeWideSNP_6_B06_1320960	8	140260531	144182542	751	-0.0884
RAZEE_p_TCGA_277_b2_N_GenomeWideSNP_6_B06_1320960	9	789794	4574022	2718	-0.839
RAZEE_p_TCGA_277_b2_N_GenomeWideSNP_6_B06_1320960	9	4575673	4578846	12	-1.5587
RAZEE_p_TCGA_277_b2_N_GenomeWideSNP_6_B06_1320960	9	4580444	13683510	4316	-0.7944
RAZEE_p_TCGA_277_b2_N_GenomeWideSNP_6_B06_1320960	9	13683569	13690719	6	-3.4654
RAZEE_p_TCGA_277_b2_N_GenomeWideSNP_6_B06_1320960	9	13691326	16333574	2194	-0.7945
RAZEE_p_TCGA_277_b2_N_GenomeWideSNP_6_B06_1320960	9	16335471	16336196	2	-3.2975
RAZEE_p_TCGA_277_b2_N_GenomeWideSNP_6_B06_1320960	9	16336252	18190436	1434	-0.7796
RAZEE_p_TCGA_277_b2_N_GenomeWideSNP_6_B06_1320960	9	18190593	18194385	2	-3.5889
RAZEE_p_TCGA_277_b2_N_GenomeWideSNP_6_B06_1320960	9	18195313	30749960	7777	-0.7844
RAZEE_p_TCGA_277_b2_N_GenomeWideSNP_6_B06_1320960	9	30750385	33374937	1830	-0.2781
RAZEE_p_TCGA_277_b2_N_GenomeWideSNP_6_B06_1320960	9	33377168	33377836	2	-1.8442
RAZEE_p_TCGA_277_b2_N_GenomeWideSNP_6_B06_1320960	9	33380162	35488216	1081	-0.2965
RAZEE_p_TCGA_277_b2_N_GenomeWideSNP_6_B06_1320960	9	35493487	38752071	2105	-0.8503
RAZEE_p_TCGA_277_b2_N_GenomeWideSNP_6_B06_1320960	9	68423153	69523047	902	-0.2368
RAZEE_p_TCGA_277_b2_N_GenomeWideSNP_6_B06_1320960	9	69527158	74761717	3466	-0.1872
RAZEE_p_TCGA_277_b2_N_GenomeWideSNP_6_B06_1320960	9	74761731	84093953	6542	-0.2288
RAZEE_p_TCGA_277_b2_N_GenomeWideSNP_6_B06_1320960	9	84093976	84162452	49	0.1442
RAZEE_p_TCGA_277_b2_N_GenomeWideSNP_6_B06_1320960	9	84163429	84234242	68	0.4665
RAZEE_p_TCGA_277_b2_N_GenomeWideSNP_6_B06_1320960	9	84235189	84316147	86	0.6922
RAZEE_p_TCGA_277_b2_N_GenomeWideSNP_6_B06_1320960	9	84317719	84448466	98	0.4294
RAZEE_p_TCGA_277_b2_N_GenomeWideSNP_6_B06_1320960	9	84449191	87868124	2469	0.1968
RAZEE_p_TCGA_277_b2_N_GenomeWideSNP_6_B06_1320960	9	87868972	89214263	808	0.101
RAZEE_p_TCGA_277_b2_N_GenomeWideSNP_6_B06_1320960	9	89217941	89687067	330	0
RAZEE_p_TCGA_277_b2_N_GenomeWideSNP_6_B06_1320960	9	89687084	95639560	3785	0.1185
RAZEE_p_TCGA_277_b2_N_GenomeWideSNP_6_B06_1320960	9	95640044	100827967	3145	0.1501
RAZEE_p_TCGA_277_b2_N_GenomeWideSNP_6_B06_1320960	9	100829176	106912544	3675	0.2024
RAZEE_p_TCGA_277_b2_N_GenomeWideSNP_6_B06_1320960	9	106921824	107021961	74	-0.1782
RAZEE_p_TCGA_277_b2_N_GenomeWideSNP_6_B06_1320960	9	107022718	109386034	1961	0.1698
RAZEE_p_TCGA_277_b2_N_GenomeWideSNP_6_B06_1320960	9	109386118	110310150	659	0.2161
RAZEE_p_TCGA_277_b2_N_GenomeWideSNP_6_B06_1320960	9	110310327	123899333	9390	0.1485
RAZEE_p_TCGA_277_b2_N_GenomeWideSNP_6_B06_1320960	9	123902384	123986212	82	0.0258
RAZEE_p_TCGA_277_b2_N_GenomeWideSNP_6_B06_1320960	9	123986393	127472774	2094	0.0915
RAZEE_p_TCGA_277_b2_N_GenomeWideSNP_6_B06_1320960	9	127473173	138044505	5170	0.0407
RAZEE_p_TCGA_277_b2_N_GenomeWideSNP_6_B06_1320960	10	366509	4083923	2197	-0.26
RAZEE_p_TCGA_277_b2_N_GenomeWideSNP_6_B06_1320960	10	4084708	5333914	1020	-0.2023
RAZEE_p_TCGA_277_b2_N_GenomeWideSNP_6_B06_1320960	10	5337399	8068061	2063	-0.2813
RAZEE_p_TCGA_277_b2_N_GenomeWideSNP_6_B06_1320960	10	8068975	8069446	2	-2.3034
RAZEE_p_TCGA_277_b2_N_GenomeWideSNP_6_B06_1320960	10	8072784	12168729	3024	-0.2525
RAZEE_p_TCGA_277_b2_N_GenomeWideSNP_6_B06_1320960	10	12179525	12851545	543	-0.3419
RAZEE_p_TCGA_277_b2_N_GenomeWideSNP_6_B06_1320960	10	12851584	15407605	2126	-0.2685
RAZEE_p_TCGA_277_b2_N_GenomeWideSNP_6_B06_1320960	10	15412216	26117502	7270	-0.2289
RAZEE_p_TCGA_277_b2_N_GenomeWideSNP_6_B06_1320960	10	26118479	35824622	6391	-0.263
RAZEE_p_TCGA_277_b2_N_GenomeWideSNP_6_B06_1320960	10	35825478	36050888	147	0.0638
RAZEE_p_TCGA_277_b2_N_GenomeWideSNP_6_B06_1320960	10	36055070	36986478	661	0.1258
RAZEE_p_TCGA_277_b2_N_GenomeWideSNP_6_B06_1320960	10	36986542	49776204	4284	0.0513
RAZEE_p_TCGA_277_b2_N_GenomeWideSNP_6_B06_1320960	10	49779263	52161517	1103	0.1563
RAZEE_p_TCGA_277_b2_N_GenomeWideSNP_6_B06_1320960	10	52161699	53572245	965	0.213
RAZEE_p_TCGA_277_b2_N_GenomeWideSNP_6_B06_1320960	10	53572280	66889594	7906	0.1417
RAZEE_p_TCGA_277_b2_N_GenomeWideSNP_6_B06_1320960	10	66893848	75341302	4615	0.0453
RAZEE_p_TCGA_277_b2_N_GenomeWideSNP_6_B06_1320960	10	75341471	77554832	1672	0.1262
RAZEE_p_TCGA_277_b2_N_GenomeWideSNP_6_B06_1320960	10	77555949	79449208	1503	0.0547
RAZEE_p_TCGA_277_b2_N_GenomeWideSNP_6_B06_1320960	10	79449542	80982304	556	0.1169
RAZEE_p_TCGA_277_b2_N_GenomeWideSNP_6_B06_1320960	10	80982901	83957077	2134	0.1544
RAZEE_p_TCGA_277_b2_N_GenomeWideSNP_6_B06_1320960	10	83957135	95802926	7189	0.1144
RAZEE_p_TCGA_277_b2_N_GenomeWideSNP_6_B06_1320960	10	95808700	97986291	1389	0.0592
RAZEE_p_TCGA_277_b2_N_GenomeWideSNP_6_B06_1320960	10	97986609	99990217	1236	0.1208
RAZEE_p_TCGA_277_b2_N_GenomeWideSNP_6_B06_1320960	10	99998993	103875503	1841	0.0301
RAZEE_p_TCGA_277_b2_N_GenomeWideSNP_6_B06_1320960	10	103878474	117108758	8958	0.131
RAZEE_p_TCGA_277_b2_N_GenomeWideSNP_6_B06_1320960	10	117109340	117359349	160	0.0288
RAZEE_p_TCGA_277_b2_N_GenomeWideSNP_6_B06_1320960	10	117366958	117369621	2	-1.362
RAZEE_p_TCGA_277_b2_N_GenomeWideSNP_6_B06_1320960	10	117370814	119628037	1551	0.0676
RAZEE_p_TCGA_277_b2_N_GenomeWideSNP_6_B06_1320960	10	119630868	121388054	1432	0.1106
RAZEE_p_TCGA_277_b2_N_GenomeWideSNP_6_B06_1320960	10	121388525	125238813	2738	0.0424
RAZEE_p_TCGA_277_b2_N_GenomeWideSNP_6_B06_1320960	10	125239827	127687969	1845	0.1234
RAZEE_p_TCGA_277_b2_N_GenomeWideSNP_6_B06_1320960	10	127692544	133411599	2776	0.0402
RAZEE_p_TCGA_277_b2_N_GenomeWideSNP_6_B06_1320960	11	456012	1063651	172	-0.1138
RAZEE_p_TCGA_277_b2_N_GenomeWideSNP_6_B06_1320960	11	1063767	4638523	1537	-0.0493
RAZEE_p_TCGA_277_b2_N_GenomeWideSNP_6_B06_1320960	11	4638628	15337102	7471	0.0223
RAZEE_p_TCGA_277_b2_N_GenomeWideSNP_6_B06_1320960	11	15341149	16580238	810	0.0926
RAZEE_p_TCGA_277_b2_N_GenomeWideSNP_6_B06_1320960	11	16582455	20994487	3330	0.029
RAZEE_p_TCGA_277_b2_N_GenomeWideSNP_6_B06_1320960	11	20994749	28879037	5006	0.0542
RAZEE_p_TCGA_277_b2_N_GenomeWideSNP_6_B06_1320960	11	28885416	31078916	1411	0.1034
RAZEE_p_TCGA_277_b2_N_GenomeWideSNP_6_B06_1320960	11	31081179	32276958	710	0.0697
RAZEE_p_TCGA_277_b2_N_GenomeWideSNP_6_B06_1320960	11	32277678	44261747	7574	0.0286
RAZEE_p_TCGA_277_b2_N_GenomeWideSNP_6_B06_1320960	11	44262172	48213328	2155	-0.0447
RAZEE_p_TCGA_277_b2_N_GenomeWideSNP_6_B06_1320960	11	48215001	60764474	3113	0.0433
RAZEE_p_TCGA_277_b2_N_GenomeWideSNP_6_B06_1320960	11	60765250	66055860	1986	-0.0624
RAZEE_p_TCGA_277_b2_N_GenomeWideSNP_6_B06_1320960	11	66061524	66286060	106	-0.1119
RAZEE_p_TCGA_277_b2_N_GenomeWideSNP_6_B06_1320960	11	66290717	78428616	5845	-0.3191
RAZEE_p_TCGA_277_b2_N_GenomeWideSNP_6_B06_1320960	11	78435047	86986618	5511	-0.2123
RAZEE_p_TCGA_277_b2_N_GenomeWideSNP_6_B06_1320960	11	86988644	91629889	2710	-0.153
RAZEE_p_TCGA_277_b2_N_GenomeWideSNP_6_B06_1320960	11	91629997	99065216	4623	-0.2077
RAZEE_p_TCGA_277_b2_N_GenomeWideSNP_6_B06_1320960	11	99065454	99065933	2	-1.8688
RAZEE_p_TCGA_277_b2_N_GenomeWideSNP_6_B06_1320960	11	99066507	108715620	5958	-0.1973
RAZEE_p_TCGA_277_b2_N_GenomeWideSNP_6_B06_1320960	11	108717752	134272740	17455	-0.8467
RAZEE_p_TCGA_277_b2_N_GenomeWideSNP_6_B06_1320960	12	780472	5126696	2580	0.1068
RAZEE_p_TCGA_277_b2_N_GenomeWideSNP_6_B06_1320960	12	5126831	6129427	873	0.1721
RAZEE_p_TCGA_277_b2_N_GenomeWideSNP_6_B06_1320960	12	6129620	8968307	1142	0.0866
RAZEE_p_TCGA_277_b2_N_GenomeWideSNP_6_B06_1320960	12	8968766	9784441	304	0.2086
RAZEE_p_TCGA_277_b2_N_GenomeWideSNP_6_B06_1320960	12	9784641	14861359	3101	0.1578
RAZEE_p_TCGA_277_b2_N_GenomeWideSNP_6_B06_1320960	12	14868147	26599632	7434	0.2161
RAZEE_p_TCGA_277_b2_N_GenomeWideSNP_6_B06_1320960	12	26602613	26602870	2	-1.9528
RAZEE_p_TCGA_277_b2_N_GenomeWideSNP_6_B06_1320960	12	26603660	31639609	3204	0.2003
RAZEE_p_TCGA_277_b2_N_GenomeWideSNP_6_B06_1320960	12	31639712	38834977	1092	0.4416
RAZEE_p_TCGA_277_b2_N_GenomeWideSNP_6_B06_1320960	12	38838205	40774447	1106	0.1902
RAZEE_p_TCGA_277_b2_N_GenomeWideSNP_6_B06_1320960	12	40774638	40775236	2	-1.3726
RAZEE_p_TCGA_277_b2_N_GenomeWideSNP_6_B06_1320960	12	40777952	41830443	752	0.2366
RAZEE_p_TCGA_277_b2_N_GenomeWideSNP_6_B06_1320960	12	41830710	46900449	2596	0.1706
RAZEE_p_TCGA_277_b2_N_GenomeWideSNP_6_B06_1320960	12	46901812	52531472	2891	0.0874
RAZEE_p_TCGA_277_b2_N_GenomeWideSNP_6_B06_1320960	12	52531827	52531875	2	-1.6801
RAZEE_p_TCGA_277_b2_N_GenomeWideSNP_6_B06_1320960	12	52532185	57875881	2804	0.0868
RAZEE_p_TCGA_277_b2_N_GenomeWideSNP_6_B06_1320960	12	57881393	64044109	3807	0.1956
RAZEE_p_TCGA_277_b2_N_GenomeWideSNP_6_B06_1320960	12	64044748	64747738	383	0.1044
RAZEE_p_TCGA_277_b2_N_GenomeWideSNP_6_B06_1320960	12	64748034	67951110	2113	0.1893
RAZEE_p_TCGA_277_b2_N_GenomeWideSNP_6_B06_1320960	12	67951193	69661944	1227	0.1328
RAZEE_p_TCGA_277_b2_N_GenomeWideSNP_6_B06_1320960	12	69662058	93891814	14373	0.1981
RAZEE_p_TCGA_277_b2_N_GenomeWideSNP_6_B06_1320960	12	93892887	97408001	2524	0.1386
RAZEE_p_TCGA_277_b2_N_GenomeWideSNP_6_B06_1320960	12	97408106	97830247	379	0.1829
RAZEE_p_TCGA_277_b2_N_GenomeWideSNP_6_B06_1320960	12	97830412	97831188	3	-1.9046
RAZEE_p_TCGA_277_b2_N_GenomeWideSNP_6_B06_1320960	12	97834532	103720482	3527	0.1667
RAZEE_p_TCGA_277_b2_N_GenomeWideSNP_6_B06_1320960	12	103721557	107292176	2547	0.1312
RAZEE_p_TCGA_277_b2_N_GenomeWideSNP_6_B06_1320960	12	107294341	112637284	2810	0.0761
RAZEE_p_TCGA_277_b2_N_GenomeWideSNP_6_B06_1320960	12	112642063	120011806	4858	0.109
RAZEE_p_TCGA_277_b2_N_GenomeWideSNP_6_B06_1320960	12	120012181	123923598	1708	0.0324
RAZEE_p_TCGA_277_b2_N_GenomeWideSNP_6_B06_1320960	12	123924261	125070916	739	0.0851
RAZEE_p_TCGA_277_b2_N_GenomeWideSNP_6_B06_1320960	12	125071732	127707543	1906	0.137
RAZEE_p_TCGA_277_b2_N_GenomeWideSNP_6_B06_1320960	12	128240944	132605822	1567	0.06
RAZEE_p_TCGA_277_b2_N_GenomeWideSNP_6_B06_1320960	13	18874255	31013288	7402	-0.2544
RAZEE_p_TCGA_277_b2_N_GenomeWideSNP_6_B06_1320960	13	31014530	40080038	6110	-0.1975
RAZEE_p_TCGA_277_b2_N_GenomeWideSNP_6_B06_1320960	13	40083824	53672051	7531	-0.2318
RAZEE_p_TCGA_277_b2_N_GenomeWideSNP_6_B06_1320960	13	53672594	95195014	23538	-0.1952
RAZEE_p_TCGA_277_b2_N_GenomeWideSNP_6_B06_1320960	13	95195992	95419815	113	-0.9021
RAZEE_p_TCGA_277_b2_N_GenomeWideSNP_6_B06_1320960	13	95420009	109631834	9656	-0.8116
RAZEE_p_TCGA_277_b2_N_GenomeWideSNP_6_B06_1320960	13	109632604	114226675	2497	-0.8974
RAZEE_p_TCGA_277_b2_N_GenomeWideSNP_6_B06_1320960	14	20033191	20319953	170	-0.2114
RAZEE_p_TCGA_277_b2_N_GenomeWideSNP_6_B06_1320960	14	20321736	24533639	1569	-0.3059
RAZEE_p_TCGA_277_b2_N_GenomeWideSNP_6_B06_1320960	14	24533996	28468121	2330	-0.2391
RAZEE_p_TCGA_277_b2_N_GenomeWideSNP_6_B06_1320960	14	28471000	34383912	3848	-0.1989
RAZEE_p_TCGA_277_b2_N_GenomeWideSNP_6_B06_1320960	14	34384079	35920423	615	-0.2571
RAZEE_p_TCGA_277_b2_N_GenomeWideSNP_6_B06_1320960	14	35936236	36367866	316	0.8968
RAZEE_p_TCGA_277_b2_N_GenomeWideSNP_6_B06_1320960	14	36370486	54694325	9702	-0.2198
RAZEE_p_TCGA_277_b2_N_GenomeWideSNP_6_B06_1320960	14	54696138	55094929	258	0.167
RAZEE_p_TCGA_277_b2_N_GenomeWideSNP_6_B06_1320960	14	55100105	63926255	5482	-0.2262
RAZEE_p_TCGA_277_b2_N_GenomeWideSNP_6_B06_1320960	14	63928578	63950011	23	0.2309
RAZEE_p_TCGA_277_b2_N_GenomeWideSNP_6_B06_1320960	14	63956860	67558644	2069	-0.2485
RAZEE_p_TCGA_277_b2_N_GenomeWideSNP_6_B06_1320960	14	67558730	78242206	6669	-0.2992
RAZEE_p_TCGA_277_b2_N_GenomeWideSNP_6_B06_1320960	14	78244865	87963417	6249	-0.2176
RAZEE_p_TCGA_277_b2_N_GenomeWideSNP_6_B06_1320960	14	87963430	105533894	10399	-0.3183
RAZEE_p_TCGA_277_b2_N_GenomeWideSNP_6_B06_1320960	15	23437561	23953005	381	0.4777
RAZEE_p_TCGA_277_b2_N_GenomeWideSNP_6_B06_1320960	15	23953170	32865898	3111	0.4298
RAZEE_p_TCGA_277_b2_N_GenomeWideSNP_6_B06_1320960	15	32865963	40008061	4888	0.4738
RAZEE_p_TCGA_277_b2_N_GenomeWideSNP_6_B06_1320960	15	40008242	42120093	1001	0.3576
RAZEE_p_TCGA_277_b2_N_GenomeWideSNP_6_B06_1320960	15	42120408	42244860	76	0.7971
RAZEE_p_TCGA_277_b2_N_GenomeWideSNP_6_B06_1320960	15	42250616	45960420	1609	0.615
RAZEE_p_TCGA_277_b2_N_GenomeWideSNP_6_B06_1320960	15	45960810	49944771	2530	0.7088
RAZEE_p_TCGA_277_b2_N_GenomeWideSNP_6_B06_1320960	15	49945366	51343617	815	0.6319
RAZEE_p_TCGA_277_b2_N_GenomeWideSNP_6_B06_1320960	15	51344257	52880714	926	0.1148
RAZEE_p_TCGA_277_b2_N_GenomeWideSNP_6_B06_1320960	15	52880919	54426306	1228	0.1656
RAZEE_p_TCGA_277_b2_N_GenomeWideSNP_6_B06_1320960	15	54428739	61236136	4506	0.1143
RAZEE_p_TCGA_277_b2_N_GenomeWideSNP_6_B06_1320960	15	61240952	61408882	147	0.4191
RAZEE_p_TCGA_277_b2_N_GenomeWideSNP_6_B06_1320960	15	61409005	63320028	1451	0.1002
RAZEE_p_TCGA_277_b2_N_GenomeWideSNP_6_B06_1320960	15	63323500	66724432	1819	0.0273
RAZEE_p_TCGA_277_b2_N_GenomeWideSNP_6_B06_1320960	15	66734228	68191569	933	0.1023
RAZEE_p_TCGA_277_b2_N_GenomeWideSNP_6_B06_1320960	15	68197472	68592493	297	0.0376
RAZEE_p_TCGA_277_b2_N_GenomeWideSNP_6_B06_1320960	15	68596437	68611455	8	0.6693
RAZEE_p_TCGA_277_b2_N_GenomeWideSNP_6_B06_1320960	15	68612667	70770390	1400	0.0521
RAZEE_p_TCGA_277_b2_N_GenomeWideSNP_6_B06_1320960	15	70773599	71906597	731	0.1153
RAZEE_p_TCGA_277_b2_N_GenomeWideSNP_6_B06_1320960	15	71910229	72049642	63	0.7238
RAZEE_p_TCGA_277_b2_N_GenomeWideSNP_6_B06_1320960	15	72069793	73459124	692	0.9863
RAZEE_p_TCGA_277_b2_N_GenomeWideSNP_6_B06_1320960	15	73461331	73814472	189	1.4263
RAZEE_p_TCGA_277_b2_N_GenomeWideSNP_6_B06_1320960	15	73815076	73998667	133	1.2409
RAZEE_p_TCGA_277_b2_N_GenomeWideSNP_6_B06_1320960	15	73998682	74219894	197	1.0426
RAZEE_p_TCGA_277_b2_N_GenomeWideSNP_6_B06_1320960	15	74220887	75601095	527	0.5564
RAZEE_p_TCGA_277_b2_N_GenomeWideSNP_6_B06_1320960	15	75607936	75968150	147	0.9657
RAZEE_p_TCGA_277_b2_N_GenomeWideSNP_6_B06_1320960	15	75968212	76367537	206	0.6092
RAZEE_p_TCGA_277_b2_N_GenomeWideSNP_6_B06_1320960	15	76369584	76614053	132	0.0608
RAZEE_p_TCGA_277_b2_N_GenomeWideSNP_6_B06_1320960	15	76617690	76619492	3	-0.6744
RAZEE_p_TCGA_277_b2_N_GenomeWideSNP_6_B06_1320960	15	76619507	76906942	122	0.1029
RAZEE_p_TCGA_277_b2_N_GenomeWideSNP_6_B06_1320960	15	76909360	76974435	28	0.6989
RAZEE_p_TCGA_277_b2_N_GenomeWideSNP_6_B06_1320960	15	76977651	77002264	14	0.3045
RAZEE_p_TCGA_277_b2_N_GenomeWideSNP_6_B06_1320960	15	77009541	77157879	47	0.544
RAZEE_p_TCGA_277_b2_N_GenomeWideSNP_6_B06_1320960	15	77158075	77715412	251	0.6639
RAZEE_p_TCGA_277_b2_N_GenomeWideSNP_6_B06_1320960	15	77715743	77905451	101	0.516
RAZEE_p_TCGA_277_b2_N_GenomeWideSNP_6_B06_1320960	15	77908416	77958923	10	-0.0225
RAZEE_p_TCGA_277_b2_N_GenomeWideSNP_6_B06_1320960	15	77963427	77973345	8	0.8536
RAZEE_p_TCGA_277_b2_N_GenomeWideSNP_6_B06_1320960	15	77974385	79187238	674	0.5759
RAZEE_p_TCGA_277_b2_N_GenomeWideSNP_6_B06_1320960	15	79189701	80402773	954	0.6591
RAZEE_p_TCGA_277_b2_N_GenomeWideSNP_6_B06_1320960	15	80408681	84158730	2077	0.1151
RAZEE_p_TCGA_277_b2_N_GenomeWideSNP_6_B06_1320960	15	84553803	86114469	744	0.6051
RAZEE_p_TCGA_277_b2_N_GenomeWideSNP_6_B06_1320960	15	86117421	86638440	470	0.1258
RAZEE_p_TCGA_277_b2_N_GenomeWideSNP_6_B06_1320960	15	86641061	88304983	1138	0.6297
RAZEE_p_TCGA_277_b2_N_GenomeWideSNP_6_B06_1320960	15	88310061	89109321	509	0.9823
RAZEE_p_TCGA_277_b2_N_GenomeWideSNP_6_B06_1320960	15	89109341	89778873	379	1.2256
RAZEE_p_TCGA_277_b2_N_GenomeWideSNP_6_B06_1320960	15	89782590	91162729	727	1.3942
RAZEE_p_TCGA_277_b2_N_GenomeWideSNP_6_B06_1320960	15	91168939	92261752	998	1.253
RAZEE_p_TCGA_277_b2_N_GenomeWideSNP_6_B06_1320960	15	92261851	92261893	3	-0.1066
RAZEE_p_TCGA_277_b2_N_GenomeWideSNP_6_B06_1320960	15	92267541	92749272	426	1.2673
RAZEE_p_TCGA_277_b2_N_GenomeWideSNP_6_B06_1320960	15	92750606	92756951	5	0.2956
RAZEE_p_TCGA_277_b2_N_GenomeWideSNP_6_B06_1320960	15	92762268	92879872	49	1.2543
RAZEE_p_TCGA_277_b2_N_GenomeWideSNP_6_B06_1320960	15	92881111	93040609	90	0.9584
RAZEE_p_TCGA_277_b2_N_GenomeWideSNP_6_B06_1320960	15	93042696	93107447	51	0.5819
RAZEE_p_TCGA_277_b2_N_GenomeWideSNP_6_B06_1320960	15	93108090	93735122	29	0.121
RAZEE_p_TCGA_277_b2_N_GenomeWideSNP_6_B06_1320960	15	93735920	94550708	449	0.6819
RAZEE_p_TCGA_277_b2_N_GenomeWideSNP_6_B06_1320960	15	94553138	97517912	2114	0.1303
RAZEE_p_TCGA_277_b2_N_GenomeWideSNP_6_B06_1320960	15	97518482	97631298	78	0.475
RAZEE_p_TCGA_277_b2_N_GenomeWideSNP_6_B06_1320960	15	97632130	100204991	1506	0.1257
RAZEE_p_TCGA_277_b2_N_GenomeWideSNP_6_B06_1320960	15	100205105	101344124	592	0.6424
RAZEE_p_TCGA_277_b2_N_GenomeWideSNP_6_B06_1320960	16	603333	4744461	1492	0.0159
RAZEE_p_TCGA_277_b2_N_GenomeWideSNP_6_B06_1320960	16	4744565	10155559	3546	0.0957
RAZEE_p_TCGA_277_b2_N_GenomeWideSNP_6_B06_1320960	16	10156011	13204511	2187	0.0541
RAZEE_p_TCGA_277_b2_N_GenomeWideSNP_6_B06_1320960	16	13205599	23184672	2714	0.0927
RAZEE_p_TCGA_277_b2_N_GenomeWideSNP_6_B06_1320960	16	23185417	24545630	839	0.0151
RAZEE_p_TCGA_277_b2_N_GenomeWideSNP_6_B06_1320960	16	24545850	25825198	825	0.0933
RAZEE_p_TCGA_277_b2_N_GenomeWideSNP_6_B06_1320960	16	25826254	26426799	493	0.395
RAZEE_p_TCGA_277_b2_N_GenomeWideSNP_6_B06_1320960	16	26430071	31066843	1629	0.0391
RAZEE_p_TCGA_277_b2_N_GenomeWideSNP_6_B06_1320960	16	31068599	31091000	10	-0.5928
RAZEE_p_TCGA_277_b2_N_GenomeWideSNP_6_B06_1320960	16	31091268	31841585	331	0.0172
RAZEE_p_TCGA_277_b2_N_GenomeWideSNP_6_B06_1320960	16	46470502	48086658	646	-0.7975
RAZEE_p_TCGA_277_b2_N_GenomeWideSNP_6_B06_1320960	16	48086786	51769314	2497	-0.8818
RAZEE_p_TCGA_277_b2_N_GenomeWideSNP_6_B06_1320960	16	51769329	53502192	1312	-0.7828
RAZEE_p_TCGA_277_b2_N_GenomeWideSNP_6_B06_1320960	16	53504245	56807524	2407	-0.2662
RAZEE_p_TCGA_277_b2_N_GenomeWideSNP_6_B06_1320960	16	56810816	58519260	1016	-0.3348
RAZEE_p_TCGA_277_b2_N_GenomeWideSNP_6_B06_1320960	16	58521649	65804746	4692	-0.2355
RAZEE_p_TCGA_277_b2_N_GenomeWideSNP_6_B06_1320960	16	65810585	70805434	2384	-0.3216
RAZEE_p_TCGA_277_b2_N_GenomeWideSNP_6_B06_1320960	16	70808194	77125480	3573	-0.2678
RAZEE_p_TCGA_277_b2_N_GenomeWideSNP_6_B06_1320960	16	77128270	79121854	1770	-0.322
RAZEE_p_TCGA_277_b2_N_GenomeWideSNP_6_B06_1320960	16	79121964	79121977	2	-1.7323
RAZEE_p_TCGA_277_b2_N_GenomeWideSNP_6_B06_1320960	16	79122325	79364557	262	-0.3116
RAZEE_p_TCGA_277_b2_N_GenomeWideSNP_6_B06_1320960	16	79366524	81011385	1471	-0.2603
RAZEE_p_TCGA_277_b2_N_GenomeWideSNP_6_B06_1320960	16	81016078	82596727	1253	-0.32
RAZEE_p_TCGA_277_b2_N_GenomeWideSNP_6_B06_1320960	16	82597773	82598067	2	-2.0423
RAZEE_p_TCGA_277_b2_N_GenomeWideSNP_6_B06_1320960	16	82599210	83842873	1219	-0.2872
RAZEE_p_TCGA_277_b2_N_GenomeWideSNP_6_B06_1320960	16	83843332	89317317	2594	-0.3644
RAZEE_p_TCGA_277_b2_N_GenomeWideSNP_6_B06_1320960	17	1074619	8037436	3356	-0.3608
RAZEE_p_TCGA_277_b2_N_GenomeWideSNP_6_B06_1320960	17	8037576	8367142	141	0.0641
RAZEE_p_TCGA_277_b2_N_GenomeWideSNP_6_B06_1320960	17	8378893	21230022	6205	-0.3224
RAZEE_p_TCGA_277_b2_N_GenomeWideSNP_6_B06_1320960	17	21238301	28102908	643	0.2326
RAZEE_p_TCGA_277_b2_N_GenomeWideSNP_6_B06_1320960	17	28106819	32361741	1777	-0.0403
RAZEE_p_TCGA_277_b2_N_GenomeWideSNP_6_B06_1320960	17	32365377	33631275	1006	0.0381
RAZEE_p_TCGA_277_b2_N_GenomeWideSNP_6_B06_1320960	17	34611015	39875096	2326	-0.3486
RAZEE_p_TCGA_277_b2_N_GenomeWideSNP_6_B06_1320960	17	39877180	40485253	249	0.1941
RAZEE_p_TCGA_277_b2_N_GenomeWideSNP_6_B06_1320960	17	40487133	41496870	584	0.295
RAZEE_p_TCGA_277_b2_N_GenomeWideSNP_6_B06_1320960	17	41499055	45098554	1616	0.2116
RAZEE_p_TCGA_277_b2_N_GenomeWideSNP_6_B06_1320960	17	45105660	50565233	2081	0.5057
RAZEE_p_TCGA_277_b2_N_GenomeWideSNP_6_B06_1320960	17	50566354	56730001	3807	0.6146
RAZEE_p_TCGA_277_b2_N_GenomeWideSNP_6_B06_1320960	17	56730348	68563037	6207	0.5657
RAZEE_p_TCGA_277_b2_N_GenomeWideSNP_6_B06_1320960	17	68566603	72203452	2647	0.6528
RAZEE_p_TCGA_277_b2_N_GenomeWideSNP_6_B06_1320960	17	72203511	73801724	1210	0.5817
RAZEE_p_TCGA_277_b2_N_GenomeWideSNP_6_B06_1320960	17	73802973	82035188	3073	0.5
RAZEE_p_TCGA_277_b2_N_GenomeWideSNP_6_B06_1320960	17	82041501	82959812	386	0.6548
RAZEE_p_TCGA_277_b2_N_GenomeWideSNP_6_B06_1320960	18	326691	3557123	1356	0.4738
RAZEE_p_TCGA_277_b2_N_GenomeWideSNP_6_B06_1320960	18	3567311	3706588	95	0.169
RAZEE_p_TCGA_277_b2_N_GenomeWideSNP_6_B06_1320960	18	3707192	4415283	588	-0.7201
RAZEE_p_TCGA_277_b2_N_GenomeWideSNP_6_B06_1320960	18	4419571	8549119	2459	-0.1801
RAZEE_p_TCGA_277_b2_N_GenomeWideSNP_6_B06_1320960	18	8549460	41165777	15893	-0.2245
RAZEE_p_TCGA_277_b2_N_GenomeWideSNP_6_B06_1320960	18	41169344	42493155	801	-0.1856
RAZEE_p_TCGA_277_b2_N_GenomeWideSNP_6_B06_1320960	18	42496089	42499255	3	-1.581
RAZEE_p_TCGA_277_b2_N_GenomeWideSNP_6_B06_1320960	18	42502209	45514104	1806	-0.2008
RAZEE_p_TCGA_277_b2_N_GenomeWideSNP_6_B06_1320960	18	45514693	56833417	7383	-0.2523
RAZEE_p_TCGA_277_b2_N_GenomeWideSNP_6_B06_1320960	18	56836334	64230024	5020	-0.2258
RAZEE_p_TCGA_277_b2_N_GenomeWideSNP_6_B06_1320960	18	64230457	73733506	3791	-0.1782
RAZEE_p_TCGA_277_b2_N_GenomeWideSNP_6_B06_1320960	18	73734381	79349796	3686	-0.259
RAZEE_p_TCGA_277_b2_N_GenomeWideSNP_6_B06_1320960	19	283868	19677002	7691	-0.3819
RAZEE_p_TCGA_277_b2_N_GenomeWideSNP_6_B06_1320960	19	19685614	37871853	7879	-0.3218
RAZEE_p_TCGA_277_b2_N_GenomeWideSNP_6_B06_1320960	19	37871970	58370362	8630	-0.3629
RAZEE_p_TCGA_277_b2_N_GenomeWideSNP_6_B06_1320960	20	472817	6383977	3568	-0.2888
RAZEE_p_TCGA_277_b2_N_GenomeWideSNP_6_B06_1320960	20	6384063	11813366	3693	-0.1707
RAZEE_p_TCGA_277_b2_N_GenomeWideSNP_6_B06_1320960	20	11815447	11975784	110	0.2228
RAZEE_p_TCGA_277_b2_N_GenomeWideSNP_6_B06_1320960	20	11978204	17435550	3724	-0.1863
RAZEE_p_TCGA_277_b2_N_GenomeWideSNP_6_B06_1320960	20	17437944	26206877	5843	-0.2581
RAZEE_p_TCGA_277_b2_N_GenomeWideSNP_6_B06_1320960	20	26212019	26217295	7	0.0266
RAZEE_p_TCGA_277_b2_N_GenomeWideSNP_6_B06_1320960	20	31247668	35228216	1923	0.3598
RAZEE_p_TCGA_277_b2_N_GenomeWideSNP_6_B06_1320960	20	35232167	35342090	65	0.9525
RAZEE_p_TCGA_277_b2_N_GenomeWideSNP_6_B06_1320960	20	35355339	39060557	2034	0.3541
RAZEE_p_TCGA_277_b2_N_GenomeWideSNP_6_B06_1320960	20	39060585	40410188	974	0.4627
RAZEE_p_TCGA_277_b2_N_GenomeWideSNP_6_B06_1320960	20	40410643	40654080	172	0.3874
RAZEE_p_TCGA_277_b2_N_GenomeWideSNP_6_B06_1320960	20	40654955	40658418	4	-0.1991
RAZEE_p_TCGA_277_b2_N_GenomeWideSNP_6_B06_1320960	20	40659609	41122362	326	0.4022
RAZEE_p_TCGA_277_b2_N_GenomeWideSNP_6_B06_1320960	20	41134412	47127801	4016	0.1035
RAZEE_p_TCGA_277_b2_N_GenomeWideSNP_6_B06_1320960	20	47128725	50807606	2267	0.0441
RAZEE_p_TCGA_277_b2_N_GenomeWideSNP_6_B06_1320960	20	50808921	51208337	297	0.3655
RAZEE_p_TCGA_277_b2_N_GenomeWideSNP_6_B06_1320960	20	51216249	52702582	1022	0.0962
RAZEE_p_TCGA_277_b2_N_GenomeWideSNP_6_B06_1320960	20	52729148	56392509	2726	-0.2752
RAZEE_p_TCGA_277_b2_N_GenomeWideSNP_6_B06_1320960	20	56392837	63588502	4775	-0.3528
RAZEE_p_TCGA_277_b2_N_GenomeWideSNP_6_B06_1320960	21	13974127	14213610	101	0.1132
RAZEE_p_TCGA_277_b2_N_GenomeWideSNP_6_B06_1320960	21	14214536	23618059	5712	0.1954
RAZEE_p_TCGA_277_b2_N_GenomeWideSNP_6_B06_1320960	21	23620954	26429208	1966	0.141
RAZEE_p_TCGA_277_b2_N_GenomeWideSNP_6_B06_1320960	21	26429344	31295137	3292	0.1906
RAZEE_p_TCGA_277_b2_N_GenomeWideSNP_6_B06_1320960	21	31295581	41470739	7225	0.111
RAZEE_p_TCGA_277_b2_N_GenomeWideSNP_6_B06_1320960	21	41470863	46262057	2479	0.0447
RAZEE_p_TCGA_277_b2_N_GenomeWideSNP_6_B06_1320960	22	16934932	29058489	4547	0.0729
RAZEE_p_TCGA_277_b2_N_GenomeWideSNP_6_B06_1320960	22	29059714	31992343	1591	0.0165
RAZEE_p_TCGA_277_b2_N_GenomeWideSNP_6_B06_1320960	22	31996506	35077185	2671	0.1147
RAZEE_p_TCGA_277_b2_N_GenomeWideSNP_6_B06_1320960	22	35080697	38519498	1787	0.0349
RAZEE_p_TCGA_277_b2_N_GenomeWideSNP_6_B06_1320960	22	38525491	38539375	7	0.7156
RAZEE_p_TCGA_277_b2_N_GenomeWideSNP_6_B06_1320960	22	38539922	38587010	24	0.5055
RAZEE_p_TCGA_277_b2_N_GenomeWideSNP_6_B06_1320960	22	38589813	38909916	160	0.7904
RAZEE_p_TCGA_277_b2_N_GenomeWideSNP_6_B06_1320960	22	38910075	41613516	1301	0.4789
RAZEE_p_TCGA_277_b2_N_GenomeWideSNP_6_B06_1320960	22	41613616	42380847	394	0.6921
RAZEE_p_TCGA_277_b2_N_GenomeWideSNP_6_B06_1320960	22	42380920	42780275	99	0.5044
RAZEE_p_TCGA_277_b2_N_GenomeWideSNP_6_B06_1320960	22	42780400	43672068	581	0.7039
RAZEE_p_TCGA_277_b2_N_GenomeWideSNP_6_B06_1320960	22	43676578	43872737	153	0.8783
RAZEE_p_TCGA_277_b2_N_GenomeWideSNP_6_B06_1320960	22	43875003	48940621	3776	0.7245
RAZEE_p_TCGA_277_b2_N_GenomeWideSNP_6_B06_1320960	X	3236359	23590739	8490	-0.2856
RAZEE_p_TCGA_277_b2_N_GenomeWideSNP_6_B06_1320960	X	23594297	23678881	97	0.5792
RAZEE_p_TCGA_277_b2_N_GenomeWideSNP_6_B06_1320960	X	23686781	43458208	9291	-0.2719
RAZEE_p_TCGA_277_b2_N_GenomeWideSNP_6_B06_1320960	X	43460501	43710206	131	1.2708
RAZEE_p_TCGA_277_b2_N_GenomeWideSNP_6_B06_1320960	X	43713087	44479069	476	0.9098
RAZEE_p_TCGA_277_b2_N_GenomeWideSNP_6_B06_1320960	X	44479303	45909130	705	1.2239
RAZEE_p_TCGA_277_b2_N_GenomeWideSNP_6_B06_1320960	X	45910562	46822429	438	0.9127
RAZEE_p_TCGA_277_b2_N_GenomeWideSNP_6_B06_1320960	X	46825859	47974444	588	0.4075
RAZEE_p_TCGA_277_b2_N_GenomeWideSNP_6_B06_1320960	X	47974819	49247526	362	0.7818
RAZEE_p_TCGA_277_b2_N_GenomeWideSNP_6_B06_1320960	X	49249811	51991585	1201	0.4313
RAZEE_p_TCGA_277_b2_N_GenomeWideSNP_6_B06_1320960	X	52216022	56235171	1405	-0.2877
RAZEE_p_TCGA_277_b2_N_GenomeWideSNP_6_B06_1320960	X	56493013	62961074	724	0.353
RAZEE_p_TCGA_277_b2_N_GenomeWideSNP_6_B06_1320960	X	62969104	68281823	1948	-0.3014
RAZEE_p_TCGA_277_b2_N_GenomeWideSNP_6_B06_1320960	X	68282770	71777210	1474	0.4188
RAZEE_p_TCGA_277_b2_N_GenomeWideSNP_6_B06_1320960	X	71781374	111053972	16088	-0.2453
RAZEE_p_TCGA_277_b2_N_GenomeWideSNP_6_B06_1320960	X	111054082	111054598	2	-5.2428
RAZEE_p_TCGA_277_b2_N_GenomeWideSNP_6_B06_1320960	X	111057431	111107471	29	-0.2179
RAZEE_p_TCGA_277_b2_N_GenomeWideSNP_6_B06_1320960	X	111107487	111109913	2	-4.2245
RAZEE_p_TCGA_277_b2_N_GenomeWideSNP_6_B06_1320960	X	111111723	114881734	1976	-0.2517
RAZEE_p_TCGA_277_b2_N_GenomeWideSNP_6_B06_1320960	X	115470033	115911222	117	0.4659
RAZEE_p_TCGA_277_b2_N_GenomeWideSNP_6_B06_1320960	X	115912225	115912580	2	-1.1657
RAZEE_p_TCGA_277_b2_N_GenomeWideSNP_6_B06_1320960	X	115912621	122215944	3061	0.4463
RAZEE_p_TCGA_277_b2_N_GenomeWideSNP_6_B06_1320960	X	122238907	123460372	804	-0.2835
RAZEE_p_TCGA_277_b2_N_GenomeWideSNP_6_B06_1320960	X	123460503	123461647	2	-3.1554
RAZEE_p_TCGA_277_b2_N_GenomeWideSNP_6_B06_1320960	X	123462847	126179172	1370	-0.2595
RAZEE_p_TCGA_277_b2_N_GenomeWideSNP_6_B06_1320960	X	126180090	134236902	3564	0.4367
RAZEE_p_TCGA_277_b2_N_GenomeWideSNP_6_B06_1320960	X	134242078	135122116	439	0.8907
RAZEE_p_TCGA_277_b2_N_GenomeWideSNP_6_B06_1320960	X	135948342	148850390	6682	0.4242
RAZEE_p_TCGA_277_b2_N_GenomeWideSNP_6_B06_1320960	X	148854798	149102677	150	0.9602
RAZEE_p_TCGA_277_b2_N_GenomeWideSNP_6_B06_1320960	X	149111813	152093646	1565	0.443
RAZEE_p_TCGA_277_b2_N_GenomeWideSNP_6_B06_1320960	X	152093671	155677414	640	0.8461
